-48.500000	b40aa6740
10

Y 0.000000 0.000000 0.000000
Y 2.687006 2.687006 0.000000
D 5.374012 2.687006 2.687006
P 8.061017 0.000000 2.687006
E 5.374012 -2.687006 2.687006
T 2.687006 -2.687006 0.000000
G 0.000000 -2.687006 -2.687006
T 2.687006 0.000000 -2.687006
W 5.374012 0.000000 0.000000
Y 2.687006 0.000000 2.687006


-48.500000	b0466a540
10

Y 0.000000 0.000000 0.000000
Y 2.687006 2.687006 0.000000
D 5.374012 2.687006 2.687006
P 8.061017 2.687006 0.000000
E 5.374012 2.687006 -2.687006
T 2.687006 0.000000 -2.687006
G 0.000000 -2.687006 -2.687006
T 2.687006 -2.687006 0.000000
W 5.374012 0.000000 0.000000
Y 2.687006 0.000000 2.687006


-48.500000	632697010
10

Y 0.000000 0.000000 0.000000
Y 2.687006 2.687006 0.000000
D 0.000000 5.374012 0.000000
P 2.687006 8.061017 0.000000
E 5.374012 5.374012 0.000000
T 5.374012 2.687006 2.687006
G 2.687006 0.000000 2.687006
T 2.687006 2.687006 5.374012
W 2.687006 5.374012 2.687006
Y 0.000000 2.687006 2.687006


-48.500000	623687010
10

Y 0.000000 0.000000 0.000000
Y 2.687006 2.687006 0.000000
D 0.000000 5.374012 0.000000
P 2.687006 8.061017 0.000000
E 5.374012 5.374012 0.000000
T 5.374012 2.687006 -2.687006
G 2.687006 0.000000 -2.687006
T 2.687006 2.687006 -5.374012
W 2.687006 5.374012 -2.687006
Y 0.000000 2.687006 -2.687006


-48.500000	610978310
10

Y 0.000000 0.000000 0.000000
Y 2.687006 2.687006 0.000000
D 0.000000 5.374012 0.000000
P 0.000000 8.061017 -2.687006
E 0.000000 5.374012 -5.374012
T 2.687006 2.687006 -5.374012
G 2.687006 0.000000 -2.687006
T 5.374012 2.687006 -2.687006
W 2.687006 5.374012 -2.687006
Y 0.000000 2.687006 -2.687006


-48.500000	610879210
10

Y 0.000000 0.000000 0.000000
Y 2.687006 2.687006 0.000000
D 0.000000 5.374012 0.000000
P 0.000000 8.061017 2.687006
E 0.000000 5.374012 5.374012
T 2.687006 2.687006 5.374012
G 2.687006 0.000000 2.687006
T 5.374012 2.687006 2.687006
W 2.687006 5.374012 2.687006
Y 0.000000 2.687006 2.687006
