-16.872742	491981a00
10

Y 0.000000 0.000000 0.000000
Y 2.687006 2.687006 0.000000
D 5.374012 5.374012 0.000000
P 2.687006 5.374012 -2.687006
E 0.000000 8.061017 -2.687006
T 0.000000 5.374012 -5.374012
G 0.000000 2.687006 -2.687006
T -2.687006 5.374012 -2.687006
W -2.687006 2.687006 0.000000
Y 0.000000 2.687006 2.687006


-16.872742	491963a00
10

Y 0.000000 0.000000 0.000000
Y 2.687006 2.687006 0.000000
D 5.374012 5.374012 0.000000
P 2.687006 5.374012 -2.687006
E 2.687006 8.061017 -5.374012
T 0.000000 5.374012 -5.374012
G 0.000000 2.687006 -2.687006
T -2.687006 5.374012 -2.687006
W -2.687006 2.687006 0.000000
Y 0.000000 2.687006 2.687006


-16.872742	49b8b3a00
10

Y 0.000000 0.000000 0.000000
Y 2.687006 2.687006 0.000000
D 5.374012 5.374012 0.000000
P 2.687006 5.374012 -2.687006
E 2.687006 8.061017 -5.374012
T 0.000000 8.061017 -2.687006
G 0.000000 5.374012 -5.374012
T -2.687006 5.374012 -2.687006
W -2.687006 2.687006 0.000000
Y 0.000000 2.687006 2.687006


-16.872742	49b7a1a00
10

Y 0.000000 0.000000 0.000000
Y 2.687006 2.687006 0.000000
D 5.374012 5.374012 0.000000
P 2.687006 5.374012 -2.687006
E 0.000000 8.061017 -2.687006
T -2.687006 8.061017 -5.374012
G 0.000000 5.374012 -5.374012
T -2.687006 5.374012 -2.687006
W -2.687006 2.687006 0.000000
Y 0.000000 2.687006 2.687006


-16.872742	49a92aa00
10

Y 0.000000 0.000000 0.000000
Y 2.687006 2.687006 0.000000
D 5.374012 5.374012 0.000000
P 2.687006 5.374012 -2.687006
E 0.000000 5.374012 -5.374012
T 0.000000 8.061017 -2.687006
G 0.000000 5.374012 0.000000
T -2.687006 5.374012 -2.687006
W -2.687006 2.687006 0.000000
Y 0.000000 2.687006 2.687006


-16.872742	49a9b3a00
10

Y 0.000000 0.000000 0.000000
Y 2.687006 2.687006 0.000000
D 5.374012 5.374012 0.000000
P 2.687006 5.374012 -2.687006
E 2.687006 8.061017 -5.374012
T 0.000000 8.061017 -2.687006
G 0.000000 5.374012 0.000000
T -2.687006 5.374012 -2.687006
W -2.687006 2.687006 0.000000
Y 0.000000 2.687006 2.687006


-16.872742	49a981100
10

Y 0.000000 0.000000 0.000000
Y 2.687006 2.687006 0.000000
D 5.374012 5.374012 0.000000
P 2.687006 8.061017 0.000000
E 0.000000 10.748023 0.000000
T 0.000000 8.061017 -2.687006
G 0.000000 5.374012 0.000000
T -2.687006 5.374012 -2.687006
W -2.687006 2.687006 0.000000
Y 0.000000 2.687006 2.687006


-16.872742	49a963100
10

Y 0.000000 0.000000 0.000000
Y 2.687006 2.687006 0.000000
D 5.374012 5.374012 0.000000
P 2.687006 8.061017 0.000000
E 2.687006 10.748023 -2.687006
T 0.000000 8.061017 -2.687006
G 0.000000 5.374012 0.000000
T -2.687006 5.374012 -2.687006
W -2.687006 2.687006 0.000000
Y 0.000000 2.687006 2.687006


-16.872742	49641aa00
10

Y 0.000000 0.000000 0.000000
Y 2.687006 2.687006 0.000000
D 5.374012 5.374012 0.000000
P 2.687006 5.374012 -2.687006
E 0.000000 5.374012 -5.374012
T -2.687006 8.061017 -5.374012
G 0.000000 8.061017 -2.687006
T -2.687006 5.374012 -2.687006
W -2.687006 2.687006 0.000000
Y 0.000000 2.687006 2.687006


-16.872742	496263a00
10

Y 0.000000 0.000000 0.000000
Y 2.687006 2.687006 0.000000
D 5.374012 5.374012 0.000000
P 2.687006 5.374012 -2.687006
E 2.687006 8.061017 -5.374012
T 0.000000 5.374012 -5.374012
G 0.000000 8.061017 -2.687006
T -2.687006 5.374012 -2.687006
W -2.687006 2.687006 0.000000
Y 0.000000 2.687006 2.687006


-16.872742	5818a2b40
10

Y 0.000000 0.000000 0.000000
Y 2.687006 2.687006 0.000000
D 5.374012 2.687006 2.687006
P 2.687006 2.687006 5.374012
E 2.687006 5.374012 8.061017
T 0.000000 5.374012 5.374012
G 0.000000 2.687006 2.687006
T -2.687006 5.374012 2.687006
W -2.687006 2.687006 0.000000
Y 0.000000 2.687006 -2.687006


-16.872742	581891140
10

Y 0.000000 0.000000 0.000000
Y 2.687006 2.687006 0.000000
D 5.374012 2.687006 2.687006
P 2.687006 5.374012 2.687006
E 0.000000 8.061017 2.687006
T 0.000000 5.374012 5.374012
G 0.000000 2.687006 2.687006
T -2.687006 5.374012 2.687006
W -2.687006 2.687006 0.000000
Y 0.000000 2.687006 -2.687006


-16.872742	581891b00
10

Y 0.000000 0.000000 0.000000
Y 2.687006 2.687006 0.000000
D 5.374012 5.374012 0.000000
P 2.687006 5.374012 2.687006
E 0.000000 8.061017 2.687006
T 0.000000 5.374012 5.374012
G 0.000000 2.687006 2.687006
T -2.687006 5.374012 2.687006
W -2.687006 2.687006 0.000000
Y 0.000000 2.687006 -2.687006


-16.872742	581862140
10

Y 0.000000 0.000000 0.000000
Y 2.687006 2.687006 0.000000
D 5.374012 2.687006 2.687006
P 2.687006 5.374012 2.687006
E 2.687006 8.061017 5.374012
T 0.000000 5.374012 5.374012
G 0.000000 2.687006 2.687006
T -2.687006 5.374012 2.687006
W -2.687006 2.687006 0.000000
Y 0.000000 2.687006 -2.687006


-16.872742	581862b00
10

Y 0.000000 0.000000 0.000000
Y 2.687006 2.687006 0.000000
D 5.374012 5.374012 0.000000
P 2.687006 5.374012 2.687006
E 2.687006 8.061017 5.374012
T 0.000000 5.374012 5.374012
G 0.000000 2.687006 2.687006
T -2.687006 5.374012 2.687006
W -2.687006 2.687006 0.000000
Y 0.000000 2.687006 -2.687006


-16.872742	58183bb40
10

Y 0.000000 0.000000 0.000000
Y 2.687006 2.687006 0.000000
D 5.374012 2.687006 2.687006
P 2.687006 2.687006 5.374012
E 0.000000 2.687006 8.061017
T 0.000000 5.374012 5.374012
G 0.000000 2.687006 2.687006
T -2.687006 5.374012 2.687006
W -2.687006 2.687006 0.000000
Y 0.000000 2.687006 -2.687006


-16.872742	58b8a2140
10

Y 0.000000 0.000000 0.000000
Y 2.687006 2.687006 0.000000
D 5.374012 2.687006 2.687006
P 2.687006 5.374012 2.687006
E 2.687006 8.061017 5.374012
T 0.000000 8.061017 2.687006
G 0.000000 5.374012 0.000000
T -2.687006 5.374012 2.687006
W -2.687006 2.687006 0.000000
Y 0.000000 2.687006 -2.687006


-16.872742	58b8a2b00
10

Y 0.000000 0.000000 0.000000
Y 2.687006 2.687006 0.000000
D 5.374012 5.374012 0.000000
P 2.687006 5.374012 2.687006
E 2.687006 8.061017 5.374012
T 0.000000 8.061017 2.687006
G 0.000000 5.374012 0.000000
T -2.687006 5.374012 2.687006
W -2.687006 2.687006 0.000000
Y 0.000000 2.687006 -2.687006


-16.872742	58b891100
10

Y 0.000000 0.000000 0.000000
Y 2.687006 2.687006 0.000000
D 5.374012 5.374012 0.000000
P 2.687006 8.061017 0.000000
E 0.000000 10.748023 0.000000
T 0.000000 8.061017 2.687006
G 0.000000 5.374012 0.000000
T -2.687006 5.374012 2.687006
W -2.687006 2.687006 0.000000
Y 0.000000 2.687006 -2.687006


-16.872742	58b862100
10

Y 0.000000 0.000000 0.000000
Y 2.687006 2.687006 0.000000
D 5.374012 5.374012 0.000000
P 2.687006 8.061017 0.000000
E 2.687006 10.748023 2.687006
T 0.000000 8.061017 2.687006
G 0.000000 5.374012 0.000000
T -2.687006 5.374012 2.687006
W -2.687006 2.687006 0.000000
Y 0.000000 2.687006 -2.687006


-16.872742	58b83b140
10

Y 0.000000 0.000000 0.000000
Y 2.687006 2.687006 0.000000
D 5.374012 2.687006 2.687006
P 2.687006 5.374012 2.687006
E 0.000000 5.374012 5.374012
T 0.000000 8.061017 2.687006
G 0.000000 5.374012 0.000000
T -2.687006 5.374012 2.687006
W -2.687006 2.687006 0.000000
Y 0.000000 2.687006 -2.687006


-16.872742	58b83bb00
10

Y 0.000000 0.000000 0.000000
Y 2.687006 2.687006 0.000000
D 5.374012 5.374012 0.000000
P 2.687006 5.374012 2.687006
E 0.000000 5.374012 5.374012
T 0.000000 8.061017 2.687006
G 0.000000 5.374012 0.000000
T -2.687006 5.374012 2.687006
W -2.687006 2.687006 0.000000
Y 0.000000 2.687006 -2.687006


-16.872742	58a9a2140
10

Y 0.000000 0.000000 0.000000
Y 2.687006 2.687006 0.000000
D 5.374012 2.687006 2.687006
P 2.687006 5.374012 2.687006
E 2.687006 8.061017 5.374012
T 0.000000 8.061017 2.687006
G 0.000000 5.374012 5.374012
T -2.687006 5.374012 2.687006
W -2.687006 2.687006 0.000000
Y 0.000000 2.687006 -2.687006


-16.872742	58a9a2b00
10

Y 0.000000 0.000000 0.000000
Y 2.687006 2.687006 0.000000
D 5.374012 5.374012 0.000000
P 2.687006 5.374012 2.687006
E 2.687006 8.061017 5.374012
T 0.000000 8.061017 2.687006
G 0.000000 5.374012 5.374012
T -2.687006 5.374012 2.687006
W -2.687006 2.687006 0.000000
Y 0.000000 2.687006 -2.687006


-16.872742	58a7b1140
10

Y 0.000000 0.000000 0.000000
Y 2.687006 2.687006 0.000000
D 5.374012 2.687006 2.687006
P 2.687006 5.374012 2.687006
E 0.000000 8.061017 2.687006
T -2.687006 8.061017 5.374012
G 0.000000 5.374012 5.374012
T -2.687006 5.374012 2.687006
W -2.687006 2.687006 0.000000
Y 0.000000 2.687006 -2.687006


-16.872742	58a7b1b00
10

Y 0.000000 0.000000 0.000000
Y 2.687006 2.687006 0.000000
D 5.374012 5.374012 0.000000
P 2.687006 5.374012 2.687006
E 0.000000 8.061017 2.687006
T -2.687006 8.061017 5.374012
G 0.000000 5.374012 5.374012
T -2.687006 5.374012 2.687006
W -2.687006 2.687006 0.000000
Y 0.000000 2.687006 -2.687006


-16.872742	58651b140
10

Y 0.000000 0.000000 0.000000
Y 2.687006 2.687006 0.000000
D 5.374012 2.687006 2.687006
P 2.687006 5.374012 2.687006
E 0.000000 5.374012 5.374012
T -2.687006 8.061017 5.374012
G 0.000000 8.061017 2.687006
T -2.687006 5.374012 2.687006
W -2.687006 2.687006 0.000000
Y 0.000000 2.687006 -2.687006


-16.872742	58651bb00
10

Y 0.000000 0.000000 0.000000
Y 2.687006 2.687006 0.000000
D 5.374012 5.374012 0.000000
P 2.687006 5.374012 2.687006
E 0.000000 5.374012 5.374012
T -2.687006 8.061017 5.374012
G 0.000000 8.061017 2.687006
T -2.687006 5.374012 2.687006
W -2.687006 2.687006 0.000000
Y 0.000000 2.687006 -2.687006


-16.872742	586362140
10

Y 0.000000 0.000000 0.000000
Y 2.687006 2.687006 0.000000
D 5.374012 2.687006 2.687006
P 2.687006 5.374012 2.687006
E 2.687006 8.061017 5.374012
T 0.000000 5.374012 5.374012
G 0.000000 8.061017 2.687006
T -2.687006 5.374012 2.687006
W -2.687006 2.687006 0.000000
Y 0.000000 2.687006 -2.687006


-16.872742	586362b00
10

Y 0.000000 0.000000 0.000000
Y 2.687006 2.687006 0.000000
D 5.374012 5.374012 0.000000
P 2.687006 5.374012 2.687006
E 2.687006 8.061017 5.374012
T 0.000000 5.374012 5.374012
G 0.000000 8.061017 2.687006
T -2.687006 5.374012 2.687006
W -2.687006 2.687006 0.000000
Y 0.000000 2.687006 -2.687006


-16.872742	8ab8b4700
10

Y 0.000000 0.000000 0.000000
Y 2.687006 2.687006 0.000000
D 5.374012 5.374012 0.000000
P 8.061017 2.687006 0.000000
E 10.748023 2.687006 2.687006
T 8.061017 2.687006 5.374012
G 8.061017 0.000000 2.687006
T 5.374012 0.000000 5.374012
W 2.687006 0.000000 2.687006
Y 2.687006 -2.687006 0.000000


-16.872742	8a9ab4700
10

Y 0.000000 0.000000 0.000000
Y 2.687006 2.687006 0.000000
D 5.374012 5.374012 0.000000
P 8.061017 2.687006 0.000000
E 10.748023 2.687006 2.687006
T 8.061017 2.687006 5.374012
G 5.374012 2.687006 2.687006
T 5.374012 0.000000 5.374012
W 2.687006 0.000000 2.687006
Y 2.687006 -2.687006 0.000000


-16.872742	8a9ab7400
10

Y 0.000000 0.000000 0.000000
Y 2.687006 2.687006 0.000000
D 5.374012 5.374012 0.000000
P 8.061017 5.374012 2.687006
E 10.748023 2.687006 2.687006
T 8.061017 2.687006 5.374012
G 5.374012 2.687006 2.687006
T 5.374012 0.000000 5.374012
W 2.687006 0.000000 2.687006
Y 2.687006 -2.687006 0.000000


-16.872742	8a9a64400
10

Y 0.000000 0.000000 0.000000
Y 2.687006 2.687006 0.000000
D 5.374012 5.374012 0.000000
P 8.061017 5.374012 2.687006
E 10.748023 5.374012 5.374012
T 8.061017 2.687006 5.374012
G 5.374012 2.687006 2.687006
T 5.374012 0.000000 5.374012
W 2.687006 0.000000 2.687006
Y 2.687006 -2.687006 0.000000


-16.872742	9ba9a5700
10

Y 0.000000 0.000000 0.000000
Y 2.687006 2.687006 0.000000
D 5.374012 5.374012 0.000000
P 8.061017 2.687006 0.000000
E 10.748023 2.687006 -2.687006
T 8.061017 2.687006 -5.374012
G 8.061017 0.000000 -2.687006
T 5.374012 0.000000 -5.374012
W 2.687006 0.000000 -2.687006
Y 2.687006 -2.687006 0.000000


-16.872742	9ba9a5540
10

Y 0.000000 0.000000 0.000000
Y 2.687006 2.687006 0.000000
D 5.374012 2.687006 2.687006
P 8.061017 2.687006 0.000000
E 10.748023 2.687006 -2.687006
T 8.061017 2.687006 -5.374012
G 8.061017 0.000000 -2.687006
T 5.374012 0.000000 -5.374012
W 2.687006 0.000000 -2.687006
Y 2.687006 -2.687006 0.000000


-16.872742	9ba983540
10

Y 0.000000 0.000000 0.000000
Y 2.687006 2.687006 0.000000
D 5.374012 2.687006 2.687006
P 8.061017 2.687006 0.000000
E 8.061017 5.374012 -2.687006
T 8.061017 2.687006 -5.374012
G 8.061017 0.000000 -2.687006
T 5.374012 0.000000 -5.374012
W 2.687006 0.000000 -2.687006
Y 2.687006 -2.687006 0.000000


-16.872742	8a7ab4900
10

Y 0.000000 0.000000 0.000000
Y 2.687006 2.687006 0.000000
D 5.374012 5.374012 0.000000
P 5.374012 2.687006 2.687006
E 8.061017 2.687006 5.374012
T 5.374012 2.687006 8.061017
G 2.687006 2.687006 5.374012
T 5.374012 0.000000 5.374012
W 2.687006 0.000000 2.687006
Y 2.687006 -2.687006 0.000000


-16.872742	9b8ba7500
10

Y 0.000000 0.000000 0.000000
Y 2.687006 2.687006 0.000000
D 5.374012 5.374012 0.000000
P 8.061017 5.374012 -2.687006
E 10.748023 2.687006 -2.687006
T 8.061017 2.687006 -5.374012
G 5.374012 2.687006 -2.687006
T 5.374012 0.000000 -5.374012
W 2.687006 0.000000 -2.687006
Y 2.687006 -2.687006 0.000000


-16.872742	9b8ba5700
10

Y 0.000000 0.000000 0.000000
Y 2.687006 2.687006 0.000000
D 5.374012 5.374012 0.000000
P 8.061017 2.687006 0.000000
E 10.748023 2.687006 -2.687006
T 8.061017 2.687006 -5.374012
G 5.374012 2.687006 -2.687006
T 5.374012 0.000000 -5.374012
W 2.687006 0.000000 -2.687006
Y 2.687006 -2.687006 0.000000


-16.872742	9b8ba5540
10

Y 0.000000 0.000000 0.000000
Y 2.687006 2.687006 0.000000
D 5.374012 2.687006 2.687006
P 8.061017 2.687006 0.000000
E 10.748023 2.687006 -2.687006
T 8.061017 2.687006 -5.374012
G 5.374012 2.687006 -2.687006
T 5.374012 0.000000 -5.374012
W 2.687006 0.000000 -2.687006
Y 2.687006 -2.687006 0.000000


-16.872742	9b8b85340
10

Y 0.000000 0.000000 0.000000
Y 2.687006 2.687006 0.000000
D 5.374012 2.687006 2.687006
P 5.374012 5.374012 0.000000
E 8.061017 5.374012 -2.687006
T 8.061017 2.687006 -5.374012
G 5.374012 2.687006 -2.687006
T 5.374012 0.000000 -5.374012
W 2.687006 0.000000 -2.687006
Y 2.687006 -2.687006 0.000000


-16.872742	9b8b83540
10

Y 0.000000 0.000000 0.000000
Y 2.687006 2.687006 0.000000
D 5.374012 2.687006 2.687006
P 8.061017 2.687006 0.000000
E 8.061017 5.374012 -2.687006
T 8.061017 2.687006 -5.374012
G 5.374012 2.687006 -2.687006
T 5.374012 0.000000 -5.374012
W 2.687006 0.000000 -2.687006
Y 2.687006 -2.687006 0.000000


-16.872742	9b8b65500
10

Y 0.000000 0.000000 0.000000
Y 2.687006 2.687006 0.000000
D 5.374012 5.374012 0.000000
P 8.061017 5.374012 -2.687006
E 10.748023 5.374012 -5.374012
T 8.061017 2.687006 -5.374012
G 5.374012 2.687006 -2.687006
T 5.374012 0.000000 -5.374012
W 2.687006 0.000000 -2.687006
Y 2.687006 -2.687006 0.000000


-16.872742	9b7ba5800
10

Y 0.000000 0.000000 0.000000
Y 2.687006 2.687006 0.000000
D 5.374012 5.374012 0.000000
P 5.374012 2.687006 -2.687006
E 8.061017 2.687006 -5.374012
T 5.374012 2.687006 -8.061017
G 2.687006 2.687006 -5.374012
T 5.374012 0.000000 -5.374012
W 2.687006 0.000000 -2.687006
Y 2.687006 -2.687006 0.000000


-16.872742	338167940
10

Y 0.000000 0.000000 0.000000
Y 2.687006 2.687006 0.000000
D 5.374012 2.687006 2.687006
P 5.374012 0.000000 5.374012
E 8.061017 -2.687006 5.374012
T 5.374012 -5.374012 5.374012
G 2.687006 -2.687006 5.374012
T 2.687006 -5.374012 2.687006
W 2.687006 -2.687006 0.000000
Y 2.687006 0.000000 -2.687006


-16.872742	338189940
10

Y 0.000000 0.000000 0.000000
Y 2.687006 2.687006 0.000000
D 5.374012 2.687006 2.687006
P 5.374012 0.000000 5.374012
E 5.374012 -2.687006 8.061017
T 5.374012 -5.374012 5.374012
G 2.687006 -2.687006 5.374012
T 2.687006 -5.374012 2.687006
W 2.687006 -2.687006 0.000000
Y 2.687006 0.000000 -2.687006


-16.872742	8818a2240
10

Y 0.000000 0.000000 0.000000
Y 2.687006 2.687006 0.000000
D 5.374012 2.687006 2.687006
P 5.374012 5.374012 5.374012
E 5.374012 8.061017 8.061017
T 2.687006 8.061017 5.374012
G 2.687006 5.374012 2.687006
T 0.000000 8.061017 2.687006
W 0.000000 5.374012 0.000000
Y 0.000000 2.687006 -2.687006


-16.872742	881832b40
10

Y 0.000000 0.000000 0.000000
Y 2.687006 2.687006 0.000000
D 5.374012 2.687006 2.687006
P 2.687006 2.687006 5.374012
E 2.687006 5.374012 8.061017
T 2.687006 8.061017 5.374012
G 2.687006 5.374012 2.687006
T 0.000000 8.061017 2.687006
W 0.000000 5.374012 0.000000
Y 0.000000 2.687006 -2.687006


-16.872742	88183b240
10

Y 0.000000 0.000000 0.000000
Y 2.687006 2.687006 0.000000
D 5.374012 2.687006 2.687006
P 5.374012 5.374012 5.374012
E 2.687006 5.374012 8.061017
T 2.687006 8.061017 5.374012
G 2.687006 5.374012 2.687006
T 0.000000 8.061017 2.687006
W 0.000000 5.374012 0.000000
Y 0.000000 2.687006 -2.687006


-16.872742	336389940
10

Y 0.000000 0.000000 0.000000
Y 2.687006 2.687006 0.000000
D 5.374012 2.687006 2.687006
P 5.374012 0.000000 5.374012
E 5.374012 -2.687006 8.061017
T 5.374012 -5.374012 5.374012
G 5.374012 -2.687006 2.687006
T 2.687006 -5.374012 2.687006
W 2.687006 -2.687006 0.000000
Y 2.687006 0.000000 -2.687006


-16.872742	336369740
10

Y 0.000000 0.000000 0.000000
Y 2.687006 2.687006 0.000000
D 5.374012 2.687006 2.687006
P 8.061017 0.000000 2.687006
E 8.061017 -2.687006 5.374012
T 5.374012 -5.374012 5.374012
G 5.374012 -2.687006 2.687006
T 2.687006 -5.374012 2.687006
W 2.687006 -2.687006 0.000000
Y 2.687006 0.000000 -2.687006


-16.872742	336367940
10

Y 0.000000 0.000000 0.000000
Y 2.687006 2.687006 0.000000
D 5.374012 2.687006 2.687006
P 5.374012 0.000000 5.374012
E 8.061017 -2.687006 5.374012
T 5.374012 -5.374012 5.374012
G 5.374012 -2.687006 2.687006
T 2.687006 -5.374012 2.687006
W 2.687006 -2.687006 0.000000
Y 2.687006 0.000000 -2.687006


-16.872742	88b832140
10

Y 0.000000 0.000000 0.000000
Y 2.687006 2.687006 0.000000
D 5.374012 2.687006 2.687006
P 2.687006 5.374012 2.687006
E 2.687006 8.061017 5.374012
T 2.687006 10.748023 2.687006
G 2.687006 8.061017 0.000000
T 0.000000 8.061017 2.687006
W 0.000000 5.374012 0.000000
Y 0.000000 2.687006 -2.687006


-16.872742	883632b40
10

Y 0.000000 0.000000 0.000000
Y 2.687006 2.687006 0.000000
D 5.374012 2.687006 2.687006
P 2.687006 2.687006 5.374012
E 2.687006 5.374012 8.061017
T 2.687006 8.061017 5.374012
G 0.000000 5.374012 5.374012
T 0.000000 8.061017 2.687006
W 0.000000 5.374012 0.000000
Y 0.000000 2.687006 -2.687006


-16.872742	316389740
10

Y 0.000000 0.000000 0.000000
Y 2.687006 2.687006 0.000000
D 5.374012 2.687006 2.687006
P 8.061017 0.000000 2.687006
E 8.061017 -2.687006 5.374012
T 8.061017 -5.374012 2.687006
G 8.061017 -2.687006 0.000000
T 5.374012 -5.374012 0.000000
W 2.687006 -2.687006 0.000000
Y 2.687006 0.000000 -2.687006


-16.872742	316367740
10

Y 0.000000 0.000000 0.000000
Y 2.687006 2.687006 0.000000
D 5.374012 2.687006 2.687006
P 8.061017 0.000000 2.687006
E 10.748023 -2.687006 2.687006
T 8.061017 -5.374012 2.687006
G 8.061017 -2.687006 0.000000
T 5.374012 -5.374012 0.000000
W 2.687006 -2.687006 0.000000
Y 2.687006 0.000000 -2.687006


-16.872742	a81892b00
10

Y 0.000000 0.000000 0.000000
Y 2.687006 2.687006 0.000000
D 5.374012 5.374012 0.000000
P 2.687006 5.374012 2.687006
E 2.687006 8.061017 5.374012
T 2.687006 5.374012 8.061017
G 2.687006 2.687006 5.374012
T 0.000000 5.374012 5.374012
W 0.000000 2.687006 2.687006
Y -2.687006 2.687006 0.000000


-16.872742	b91983a00
10

Y 0.000000 0.000000 0.000000
Y 2.687006 2.687006 0.000000
D 5.374012 5.374012 0.000000
P 2.687006 5.374012 -2.687006
E 2.687006 8.061017 -5.374012
T 2.687006 5.374012 -8.061017
G 2.687006 2.687006 -5.374012
T 0.000000 5.374012 -5.374012
W 0.000000 2.687006 -2.687006
Y -2.687006 2.687006 0.000000


-16.872742	a8b892100
10

Y 0.000000 0.000000 0.000000
Y 2.687006 2.687006 0.000000
D 5.374012 5.374012 0.000000
P 2.687006 8.061017 0.000000
E 2.687006 10.748023 2.687006
T 2.687006 8.061017 5.374012
G 2.687006 5.374012 2.687006
T 0.000000 5.374012 5.374012
W 0.000000 2.687006 2.687006
Y -2.687006 2.687006 0.000000


-16.872742	a8b891200
10

Y 0.000000 0.000000 0.000000
Y 2.687006 2.687006 0.000000
D 5.374012 5.374012 0.000000
P 5.374012 8.061017 2.687006
E 2.687006 10.748023 2.687006
T 2.687006 8.061017 5.374012
G 2.687006 5.374012 2.687006
T 0.000000 5.374012 5.374012
W 0.000000 2.687006 2.687006
Y -2.687006 2.687006 0.000000


-16.872742	a8b862200
10

Y 0.000000 0.000000 0.000000
Y 2.687006 2.687006 0.000000
D 5.374012 5.374012 0.000000
P 5.374012 8.061017 2.687006
E 5.374012 10.748023 5.374012
T 2.687006 8.061017 5.374012
G 2.687006 5.374012 2.687006
T 0.000000 5.374012 5.374012
W 0.000000 2.687006 2.687006
Y -2.687006 2.687006 0.000000


-16.872742	a89a92100
10

Y 0.000000 0.000000 0.000000
Y 2.687006 2.687006 0.000000
D 5.374012 5.374012 0.000000
P 2.687006 8.061017 0.000000
E 2.687006 10.748023 2.687006
T 2.687006 8.061017 5.374012
G 0.000000 8.061017 2.687006
T 0.000000 5.374012 5.374012
W 0.000000 2.687006 2.687006
Y -2.687006 2.687006 0.000000


-16.872742	b9a9a3340
10

Y 0.000000 0.000000 0.000000
Y 2.687006 2.687006 0.000000
D 5.374012 2.687006 2.687006
P 5.374012 5.374012 0.000000
E 5.374012 8.061017 -2.687006
T 2.687006 8.061017 -5.374012
G 2.687006 5.374012 -2.687006
T 0.000000 5.374012 -5.374012
W 0.000000 2.687006 -2.687006
Y -2.687006 2.687006 0.000000


-16.872742	b9a981300
10

Y 0.000000 0.000000 0.000000
Y 2.687006 2.687006 0.000000
D 5.374012 5.374012 0.000000
P 5.374012 8.061017 -2.687006
E 2.687006 10.748023 -2.687006
T 2.687006 8.061017 -5.374012
G 2.687006 5.374012 -2.687006
T 0.000000 5.374012 -5.374012
W 0.000000 2.687006 -2.687006
Y -2.687006 2.687006 0.000000


-16.872742	b9a983100
10

Y 0.000000 0.000000 0.000000
Y 2.687006 2.687006 0.000000
D 5.374012 5.374012 0.000000
P 2.687006 8.061017 0.000000
E 2.687006 10.748023 -2.687006
T 2.687006 8.061017 -5.374012
G 2.687006 5.374012 -2.687006
T 0.000000 5.374012 -5.374012
W 0.000000 2.687006 -2.687006
Y -2.687006 2.687006 0.000000


-16.872742	b9a963300
10

Y 0.000000 0.000000 0.000000
Y 2.687006 2.687006 0.000000
D 5.374012 5.374012 0.000000
P 5.374012 8.061017 -2.687006
E 5.374012 10.748023 -5.374012
T 2.687006 8.061017 -5.374012
G 2.687006 5.374012 -2.687006
T 0.000000 5.374012 -5.374012
W 0.000000 2.687006 -2.687006
Y -2.687006 2.687006 0.000000


-16.872742	b98b83100
10

Y 0.000000 0.000000 0.000000
Y 2.687006 2.687006 0.000000
D 5.374012 5.374012 0.000000
P 2.687006 8.061017 0.000000
E 2.687006 10.748023 -2.687006
T 2.687006 8.061017 -5.374012
G 0.000000 8.061017 -2.687006
T 0.000000 5.374012 -5.374012
W 0.000000 2.687006 -2.687006
Y -2.687006 2.687006 0.000000


-16.872742	318167740
10

Y 0.000000 0.000000 0.000000
Y 2.687006 2.687006 0.000000
D 5.374012 2.687006 2.687006
P 8.061017 0.000000 2.687006
E 10.748023 -2.687006 2.687006
T 8.061017 -5.374012 2.687006
G 5.374012 -2.687006 2.687006
T 5.374012 -5.374012 0.000000
W 2.687006 -2.687006 0.000000
Y 2.687006 0.000000 -2.687006


-16.872742	318189740
10

Y 0.000000 0.000000 0.000000
Y 2.687006 2.687006 0.000000
D 5.374012 2.687006 2.687006
P 8.061017 0.000000 2.687006
E 8.061017 -2.687006 5.374012
T 8.061017 -5.374012 2.687006
G 5.374012 -2.687006 2.687006
T 5.374012 -5.374012 0.000000
W 2.687006 -2.687006 0.000000
Y 2.687006 0.000000 -2.687006


-16.872742	318187940
10

Y 0.000000 0.000000 0.000000
Y 2.687006 2.687006 0.000000
D 5.374012 2.687006 2.687006
P 5.374012 0.000000 5.374012
E 8.061017 -2.687006 5.374012
T 8.061017 -5.374012 2.687006
G 5.374012 -2.687006 2.687006
T 5.374012 -5.374012 0.000000
W 2.687006 -2.687006 0.000000
Y 2.687006 0.000000 -2.687006


-16.872742	85a0abb40
10

Y 0.000000 0.000000 0.000000
Y 2.687006 2.687006 0.000000
D 5.374012 2.687006 2.687006
P 2.687006 2.687006 5.374012
E 0.000000 2.687006 8.061017
T -2.687006 2.687006 5.374012
G 0.000000 5.374012 5.374012
T -2.687006 5.374012 2.687006
W 0.000000 5.374012 0.000000
Y 0.000000 2.687006 -2.687006


-16.872742	2b9187800
10

Y 0.000000 0.000000 0.000000
Y 2.687006 2.687006 0.000000
D 5.374012 5.374012 0.000000
P 5.374012 2.687006 -2.687006
E 8.061017 0.000000 -2.687006
T 8.061017 -2.687006 -5.374012
G 5.374012 0.000000 -5.374012
T 5.374012 -2.687006 -2.687006
W 2.687006 -2.687006 0.000000
Y 2.687006 0.000000 2.687006


-16.872742	2b9a95800
10

Y 0.000000 0.000000 0.000000
Y 2.687006 2.687006 0.000000
D 5.374012 5.374012 0.000000
P 5.374012 2.687006 -2.687006
E 8.061017 2.687006 -5.374012
T 8.061017 0.000000 -2.687006
G 5.374012 0.000000 -5.374012
T 5.374012 -2.687006 -2.687006
W 2.687006 -2.687006 0.000000
Y 2.687006 0.000000 2.687006


-16.872742	2b8b48800
10

Y 0.000000 0.000000 0.000000
Y 2.687006 2.687006 0.000000
D 5.374012 5.374012 0.000000
P 5.374012 2.687006 -2.687006
E 5.374012 0.000000 -5.374012
T 8.061017 0.000000 -2.687006
G 5.374012 0.000000 0.000000
T 5.374012 -2.687006 -2.687006
W 2.687006 -2.687006 0.000000
Y 2.687006 0.000000 2.687006


-16.872742	2b8ba7700
10

Y 0.000000 0.000000 0.000000
Y 2.687006 2.687006 0.000000
D 5.374012 5.374012 0.000000
P 8.061017 2.687006 0.000000
E 10.748023 0.000000 0.000000
T 8.061017 0.000000 -2.687006
G 5.374012 0.000000 0.000000
T 5.374012 -2.687006 -2.687006
W 2.687006 -2.687006 0.000000
Y 2.687006 0.000000 2.687006


-16.872742	2b8b95800
10

Y 0.000000 0.000000 0.000000
Y 2.687006 2.687006 0.000000
D 5.374012 5.374012 0.000000
P 5.374012 2.687006 -2.687006
E 8.061017 2.687006 -5.374012
T 8.061017 0.000000 -2.687006
G 5.374012 0.000000 0.000000
T 5.374012 -2.687006 -2.687006
W 2.687006 -2.687006 0.000000
Y 2.687006 0.000000 2.687006


-16.872742	2b8b65700
10

Y 0.000000 0.000000 0.000000
Y 2.687006 2.687006 0.000000
D 5.374012 5.374012 0.000000
P 8.061017 2.687006 0.000000
E 10.748023 2.687006 -2.687006
T 8.061017 0.000000 -2.687006
G 5.374012 0.000000 0.000000
T 5.374012 -2.687006 -2.687006
W 2.687006 -2.687006 0.000000
Y 2.687006 0.000000 2.687006


-16.872742	8515abb40
10

Y 0.000000 0.000000 0.000000
Y 2.687006 2.687006 0.000000
D 5.374012 2.687006 2.687006
P 2.687006 2.687006 5.374012
E 0.000000 2.687006 8.061017
T -2.687006 2.687006 5.374012
G 0.000000 2.687006 2.687006
T -2.687006 5.374012 2.687006
W 0.000000 5.374012 0.000000
Y 0.000000 2.687006 -2.687006


-16.872742	2b7ba7800
10

Y 0.000000 0.000000 0.000000
Y 2.687006 2.687006 0.000000
D 5.374012 5.374012 0.000000
P 5.374012 2.687006 -2.687006
E 8.061017 0.000000 -2.687006
T 5.374012 0.000000 -5.374012
G 2.687006 0.000000 -2.687006
T 5.374012 -2.687006 -2.687006
W 2.687006 -2.687006 0.000000
Y 2.687006 0.000000 2.687006


-16.872742	2b7b65800
10

Y 0.000000 0.000000 0.000000
Y 2.687006 2.687006 0.000000
D 5.374012 5.374012 0.000000
P 5.374012 2.687006 -2.687006
E 8.061017 2.687006 -5.374012
T 5.374012 0.000000 -5.374012
G 2.687006 0.000000 -2.687006
T 5.374012 -2.687006 -2.687006
W 2.687006 -2.687006 0.000000
Y 2.687006 0.000000 2.687006


-16.872742	2b6465800
10

Y 0.000000 0.000000 0.000000
Y 2.687006 2.687006 0.000000
D 5.374012 5.374012 0.000000
P 5.374012 2.687006 -2.687006
E 8.061017 2.687006 -5.374012
T 5.374012 0.000000 -5.374012
G 8.061017 0.000000 -2.687006
T 5.374012 -2.687006 -2.687006
W 2.687006 -2.687006 0.000000
Y 2.687006 0.000000 2.687006


-16.872742	2b6278800
10

Y 0.000000 0.000000 0.000000
Y 2.687006 2.687006 0.000000
D 5.374012 5.374012 0.000000
P 5.374012 2.687006 -2.687006
E 5.374012 0.000000 -5.374012
T 8.061017 -2.687006 -5.374012
G 8.061017 0.000000 -2.687006
T 5.374012 -2.687006 -2.687006
W 2.687006 -2.687006 0.000000
Y 2.687006 0.000000 2.687006


-16.872742	3ab389740
10

Y 0.000000 0.000000 0.000000
Y 2.687006 2.687006 0.000000
D 5.374012 2.687006 2.687006
P 8.061017 0.000000 2.687006
E 8.061017 -2.687006 5.374012
T 8.061017 -5.374012 2.687006
G 8.061017 -2.687006 0.000000
T 5.374012 -2.687006 2.687006
W 2.687006 -2.687006 0.000000
Y 2.687006 0.000000 -2.687006


-16.872742	3ab367740
10

Y 0.000000 0.000000 0.000000
Y 2.687006 2.687006 0.000000
D 5.374012 2.687006 2.687006
P 8.061017 0.000000 2.687006
E 10.748023 -2.687006 2.687006
T 8.061017 -5.374012 2.687006
G 8.061017 -2.687006 0.000000
T 5.374012 -2.687006 2.687006
W 2.687006 -2.687006 0.000000
Y 2.687006 0.000000 -2.687006


-16.872742	3aa267740
10

Y 0.000000 0.000000 0.000000
Y 2.687006 2.687006 0.000000
D 5.374012 2.687006 2.687006
P 8.061017 0.000000 2.687006
E 10.748023 -2.687006 2.687006
T 8.061017 -5.374012 2.687006
G 8.061017 -2.687006 5.374012
T 5.374012 -2.687006 2.687006
W 2.687006 -2.687006 0.000000
Y 2.687006 0.000000 -2.687006


-16.872742	3aa089940
10

Y 0.000000 0.000000 0.000000
Y 2.687006 2.687006 0.000000
D 5.374012 2.687006 2.687006
P 5.374012 0.000000 5.374012
E 5.374012 -2.687006 8.061017
T 5.374012 -5.374012 5.374012
G 8.061017 -2.687006 5.374012
T 5.374012 -2.687006 2.687006
W 2.687006 -2.687006 0.000000
Y 2.687006 0.000000 -2.687006


-16.872742	3a9ab7700
10

Y 0.000000 0.000000 0.000000
Y 2.687006 2.687006 0.000000
D 5.374012 5.374012 0.000000
P 8.061017 2.687006 0.000000
E 10.748023 0.000000 0.000000
T 8.061017 0.000000 2.687006
G 5.374012 0.000000 0.000000
T 5.374012 -2.687006 2.687006
W 2.687006 -2.687006 0.000000
Y 2.687006 0.000000 -2.687006


-16.872742	3a9ab7540
10

Y 0.000000 0.000000 0.000000
Y 2.687006 2.687006 0.000000
D 5.374012 2.687006 2.687006
P 8.061017 2.687006 0.000000
E 10.748023 0.000000 0.000000
T 8.061017 0.000000 2.687006
G 5.374012 0.000000 0.000000
T 5.374012 -2.687006 2.687006
W 2.687006 -2.687006 0.000000
Y 2.687006 0.000000 -2.687006


-16.872742	3a9a84900
10

Y 0.000000 0.000000 0.000000
Y 2.687006 2.687006 0.000000
D 5.374012 5.374012 0.000000
P 5.374012 2.687006 2.687006
E 8.061017 2.687006 5.374012
T 8.061017 0.000000 2.687006
G 5.374012 0.000000 0.000000
T 5.374012 -2.687006 2.687006
W 2.687006 -2.687006 0.000000
Y 2.687006 0.000000 -2.687006


-16.872742	3a9a64700
10

Y 0.000000 0.000000 0.000000
Y 2.687006 2.687006 0.000000
D 5.374012 5.374012 0.000000
P 8.061017 2.687006 0.000000
E 10.748023 2.687006 2.687006
T 8.061017 0.000000 2.687006
G 5.374012 0.000000 0.000000
T 5.374012 -2.687006 2.687006
W 2.687006 -2.687006 0.000000
Y 2.687006 0.000000 -2.687006


-16.872742	3a9a59900
10

Y 0.000000 0.000000 0.000000
Y 2.687006 2.687006 0.000000
D 5.374012 5.374012 0.000000
P 5.374012 2.687006 2.687006
E 5.374012 0.000000 5.374012
T 8.061017 0.000000 2.687006
G 5.374012 0.000000 0.000000
T 5.374012 -2.687006 2.687006
W 2.687006 -2.687006 0.000000
Y 2.687006 0.000000 -2.687006


-16.872742	3a8167440
10

Y 0.000000 0.000000 0.000000
Y 2.687006 2.687006 0.000000
D 5.374012 2.687006 2.687006
P 8.061017 2.687006 5.374012
E 10.748023 0.000000 5.374012
T 8.061017 -2.687006 5.374012
G 5.374012 0.000000 5.374012
T 5.374012 -2.687006 2.687006
W 2.687006 -2.687006 0.000000
Y 2.687006 0.000000 -2.687006


-16.872742	3a8164740
10

Y 0.000000 0.000000 0.000000
Y 2.687006 2.687006 0.000000
D 5.374012 2.687006 2.687006
P 8.061017 0.000000 2.687006
E 10.748023 0.000000 5.374012
T 8.061017 -2.687006 5.374012
G 5.374012 0.000000 5.374012
T 5.374012 -2.687006 2.687006
W 2.687006 -2.687006 0.000000
Y 2.687006 0.000000 -2.687006


-16.872742	3a81b7740
10

Y 0.000000 0.000000 0.000000
Y 2.687006 2.687006 0.000000
D 5.374012 2.687006 2.687006
P 8.061017 0.000000 2.687006
E 10.748023 -2.687006 2.687006
T 8.061017 -2.687006 5.374012
G 5.374012 0.000000 5.374012
T 5.374012 -2.687006 2.687006
W 2.687006 -2.687006 0.000000
Y 2.687006 0.000000 -2.687006


-16.872742	3a8197900
10

Y 0.000000 0.000000 0.000000
Y 2.687006 2.687006 0.000000
D 5.374012 5.374012 0.000000
P 5.374012 2.687006 2.687006
E 8.061017 0.000000 2.687006
T 8.061017 -2.687006 5.374012
G 5.374012 0.000000 5.374012
T 5.374012 -2.687006 2.687006
W 2.687006 -2.687006 0.000000
Y 2.687006 0.000000 -2.687006


-16.872742	3a8189440
10

Y 0.000000 0.000000 0.000000
Y 2.687006 2.687006 0.000000
D 5.374012 2.687006 2.687006
P 8.061017 2.687006 5.374012
E 8.061017 0.000000 8.061017
T 8.061017 -2.687006 5.374012
G 5.374012 0.000000 5.374012
T 5.374012 -2.687006 2.687006
W 2.687006 -2.687006 0.000000
Y 2.687006 0.000000 -2.687006


-16.872742	3a8ba7440
10

Y 0.000000 0.000000 0.000000
Y 2.687006 2.687006 0.000000
D 5.374012 2.687006 2.687006
P 8.061017 2.687006 5.374012
E 10.748023 0.000000 5.374012
T 8.061017 0.000000 2.687006
G 5.374012 0.000000 5.374012
T 5.374012 -2.687006 2.687006
W 2.687006 -2.687006 0.000000
Y 2.687006 0.000000 -2.687006


-16.872742	3a8b84900
10

Y 0.000000 0.000000 0.000000
Y 2.687006 2.687006 0.000000
D 5.374012 5.374012 0.000000
P 5.374012 2.687006 2.687006
E 8.061017 2.687006 5.374012
T 8.061017 0.000000 2.687006
G 5.374012 0.000000 5.374012
T 5.374012 -2.687006 2.687006
W 2.687006 -2.687006 0.000000
Y 2.687006 0.000000 -2.687006


-16.872742	3a7ab7900
10

Y 0.000000 0.000000 0.000000
Y 2.687006 2.687006 0.000000
D 5.374012 5.374012 0.000000
P 5.374012 2.687006 2.687006
E 8.061017 0.000000 2.687006
T 5.374012 0.000000 5.374012
G 2.687006 0.000000 2.687006
T 5.374012 -2.687006 2.687006
W 2.687006 -2.687006 0.000000
Y 2.687006 0.000000 -2.687006


-16.872742	3a7a64900
10

Y 0.000000 0.000000 0.000000
Y 2.687006 2.687006 0.000000
D 5.374012 5.374012 0.000000
P 5.374012 2.687006 2.687006
E 8.061017 2.687006 5.374012
T 5.374012 0.000000 5.374012
G 2.687006 0.000000 2.687006
T 5.374012 -2.687006 2.687006
W 2.687006 -2.687006 0.000000
Y 2.687006 0.000000 -2.687006


-16.872742	3a7a59b40
10

Y 0.000000 0.000000 0.000000
Y 2.687006 2.687006 0.000000
D 5.374012 2.687006 2.687006
P 2.687006 2.687006 5.374012
E 2.687006 0.000000 8.061017
T 5.374012 0.000000 5.374012
G 2.687006 0.000000 2.687006
T 5.374012 -2.687006 2.687006
W 2.687006 -2.687006 0.000000
Y 2.687006 0.000000 -2.687006


-16.872742	3a65a9440
10

Y 0.000000 0.000000 0.000000
Y 2.687006 2.687006 0.000000
D 5.374012 2.687006 2.687006
P 8.061017 2.687006 5.374012
E 8.061017 0.000000 8.061017
T 5.374012 0.000000 5.374012
G 8.061017 0.000000 2.687006
T 5.374012 -2.687006 2.687006
W 2.687006 -2.687006 0.000000
Y 2.687006 0.000000 -2.687006


-16.872742	3a6564900
10

Y 0.000000 0.000000 0.000000
Y 2.687006 2.687006 0.000000
D 5.374012 5.374012 0.000000
P 5.374012 2.687006 2.687006
E 8.061017 2.687006 5.374012
T 5.374012 0.000000 5.374012
G 8.061017 0.000000 2.687006
T 5.374012 -2.687006 2.687006
W 2.687006 -2.687006 0.000000
Y 2.687006 0.000000 -2.687006


-16.872742	3a6389440
10

Y 0.000000 0.000000 0.000000
Y 2.687006 2.687006 0.000000
D 5.374012 2.687006 2.687006
P 8.061017 2.687006 5.374012
E 8.061017 0.000000 8.061017
T 8.061017 -2.687006 5.374012
G 8.061017 0.000000 2.687006
T 5.374012 -2.687006 2.687006
W 2.687006 -2.687006 0.000000
Y 2.687006 0.000000 -2.687006


-16.872742	3a6384940
10

Y 0.000000 0.000000 0.000000
Y 2.687006 2.687006 0.000000
D 5.374012 2.687006 2.687006
P 5.374012 0.000000 5.374012
E 8.061017 0.000000 8.061017
T 8.061017 -2.687006 5.374012
G 8.061017 0.000000 2.687006
T 5.374012 -2.687006 2.687006
W 2.687006 -2.687006 0.000000
Y 2.687006 0.000000 -2.687006


-16.872742	3a6379900
10

Y 0.000000 0.000000 0.000000
Y 2.687006 2.687006 0.000000
D 5.374012 5.374012 0.000000
P 5.374012 2.687006 2.687006
E 5.374012 0.000000 5.374012
T 8.061017 -2.687006 5.374012
G 8.061017 0.000000 2.687006
T 5.374012 -2.687006 2.687006
W 2.687006 -2.687006 0.000000
Y 2.687006 0.000000 -2.687006


-16.872742	3a6367440
10

Y 0.000000 0.000000 0.000000
Y 2.687006 2.687006 0.000000
D 5.374012 2.687006 2.687006
P 8.061017 2.687006 5.374012
E 10.748023 0.000000 5.374012
T 8.061017 -2.687006 5.374012
G 8.061017 0.000000 2.687006
T 5.374012 -2.687006 2.687006
W 2.687006 -2.687006 0.000000
Y 2.687006 0.000000 -2.687006


-16.872742	3a6359940
10

Y 0.000000 0.000000 0.000000
Y 2.687006 2.687006 0.000000
D 5.374012 2.687006 2.687006
P 5.374012 0.000000 5.374012
E 5.374012 -2.687006 8.061017
T 8.061017 -2.687006 5.374012
G 8.061017 0.000000 2.687006
T 5.374012 -2.687006 2.687006
W 2.687006 -2.687006 0.000000
Y 2.687006 0.000000 -2.687006


-16.872742	3a5167940
10

Y 0.000000 0.000000 0.000000
Y 2.687006 2.687006 0.000000
D 5.374012 2.687006 2.687006
P 5.374012 0.000000 5.374012
E 8.061017 -2.687006 5.374012
T 5.374012 -5.374012 5.374012
G 2.687006 -2.687006 5.374012
T 5.374012 -2.687006 2.687006
W 2.687006 -2.687006 0.000000
Y 2.687006 0.000000 -2.687006


-16.872742	3a5189940
10

Y 0.000000 0.000000 0.000000
Y 2.687006 2.687006 0.000000
D 5.374012 2.687006 2.687006
P 5.374012 0.000000 5.374012
E 5.374012 -2.687006 8.061017
T 5.374012 -5.374012 5.374012
G 2.687006 -2.687006 5.374012
T 5.374012 -2.687006 2.687006
W 2.687006 -2.687006 0.000000
Y 2.687006 0.000000 -2.687006
