-16.780660	13b864900
10

Y 0.000000 0.000000 0.000000
Y 2.687006 2.687006 0.000000
D 5.374012 5.374012 0.000000
P 5.374012 2.687006 2.687006
E 8.061017 2.687006 5.374012
T 5.374012 0.000000 5.374012
G 5.374012 -2.687006 2.687006
T 2.687006 -2.687006 5.374012
W 2.687006 0.000000 2.687006
Y 0.000000 2.687006 2.687006


-16.780660	1263a7840
10

Y 0.000000 0.000000 0.000000
Y 2.687006 2.687006 0.000000
D 5.374012 2.687006 2.687006
P 5.374012 0.000000 0.000000
E 8.061017 -2.687006 0.000000
T 5.374012 -2.687006 -2.687006
G 5.374012 0.000000 -5.374012
T 2.687006 -2.687006 -5.374012
W 2.687006 0.000000 -2.687006
Y 0.000000 2.687006 -2.687006


-16.780660	12a965800
10

Y 0.000000 0.000000 0.000000
Y 2.687006 2.687006 0.000000
D 5.374012 5.374012 0.000000
P 5.374012 2.687006 -2.687006
E 8.061017 2.687006 -5.374012
T 5.374012 0.000000 -5.374012
G 5.374012 -2.687006 -2.687006
T 2.687006 -2.687006 -5.374012
W 2.687006 0.000000 -2.687006
Y 0.000000 2.687006 -2.687006


-16.780660	116569400
10

Y 0.000000 0.000000 0.000000
Y 2.687006 2.687006 0.000000
D 5.374012 5.374012 0.000000
P 8.061017 5.374012 2.687006
E 8.061017 2.687006 5.374012
T 5.374012 0.000000 5.374012
G 8.061017 0.000000 2.687006
T 5.374012 -2.687006 2.687006
W 2.687006 0.000000 2.687006
Y 0.000000 2.687006 2.687006


-16.780660	116468500
10

Y 0.000000 0.000000 0.000000
Y 2.687006 2.687006 0.000000
D 5.374012 5.374012 0.000000
P 8.061017 5.374012 -2.687006
E 8.061017 2.687006 -5.374012
T 5.374012 0.000000 -5.374012
G 8.061017 0.000000 -2.687006
T 5.374012 -2.687006 -2.687006
W 2.687006 0.000000 -2.687006
Y 0.000000 2.687006 -2.687006


-16.780660	77636b200
10

Y 0.000000 0.000000 0.000000
Y 2.687006 2.687006 0.000000
D 5.374012 5.374012 0.000000
P 5.374012 8.061017 2.687006
E 2.687006 8.061017 5.374012
T 0.000000 5.374012 5.374012
G 0.000000 8.061017 2.687006
T -2.687006 5.374012 2.687006
W 0.000000 2.687006 2.687006
Y 2.687006 0.000000 2.687006


-16.780660	77626a300
10

Y 0.000000 0.000000 0.000000
Y 2.687006 2.687006 0.000000
D 5.374012 5.374012 0.000000
P 5.374012 8.061017 -2.687006
E 2.687006 8.061017 -5.374012
T 0.000000 5.374012 -5.374012
G 0.000000 8.061017 -2.687006
T -2.687006 5.374012 -2.687006
W 0.000000 2.687006 -2.687006
Y 2.687006 0.000000 -2.687006


-16.780660	759a62b00
10

Y 0.000000 0.000000 0.000000
Y 2.687006 2.687006 0.000000
D 5.374012 5.374012 0.000000
P 2.687006 5.374012 2.687006
E 2.687006 8.061017 5.374012
T 0.000000 5.374012 5.374012
G -2.687006 5.374012 2.687006
T -2.687006 2.687006 5.374012
W 0.000000 2.687006 2.687006
Y 2.687006 0.000000 2.687006


-16.780660	1ba0a8740
10

Y 0.000000 0.000000 0.000000
Y 2.687006 2.687006 0.000000
D 5.374012 2.687006 2.687006
P 8.061017 0.000000 2.687006
E 8.061017 -2.687006 0.000000
T 5.374012 -2.687006 -2.687006
G 8.061017 0.000000 -2.687006
T 5.374012 0.000000 -5.374012
W 2.687006 0.000000 -2.687006
Y 0.000000 2.687006 -2.687006


-16.780660	748b63a00
10

Y 0.000000 0.000000 0.000000
Y 2.687006 2.687006 0.000000
D 5.374012 5.374012 0.000000
P 2.687006 5.374012 -2.687006
E 2.687006 8.061017 -5.374012
T 0.000000 5.374012 -5.374012
G -2.687006 5.374012 -2.687006
T -2.687006 2.687006 -5.374012
W 0.000000 2.687006 -2.687006
Y 2.687006 0.000000 -2.687006
