-16.433402	498b81100
10

Y 0.000000 0.000000 0.000000
Y 2.687006 2.687006 0.000000
D 5.374012 5.374012 0.000000
P 2.687006 8.061017 0.000000
E 0.000000 10.748023 0.000000
T 0.000000 8.061017 -2.687006
G -2.687006 8.061017 0.000000
T -2.687006 5.374012 -2.687006
W -2.687006 2.687006 0.000000
Y 0.000000 2.687006 2.687006


-16.433402	498b63100
10

Y 0.000000 0.000000 0.000000
Y 2.687006 2.687006 0.000000
D 5.374012 5.374012 0.000000
P 2.687006 8.061017 0.000000
E 2.687006 10.748023 -2.687006
T 0.000000 8.061017 -2.687006
G -2.687006 8.061017 0.000000
T -2.687006 5.374012 -2.687006
W -2.687006 2.687006 0.000000
Y 0.000000 2.687006 2.687006


-16.433402	49626a300
10

Y 0.000000 0.000000 0.000000
Y 2.687006 2.687006 0.000000
D 5.374012 5.374012 0.000000
P 5.374012 8.061017 -2.687006
E 2.687006 8.061017 -5.374012
T 0.000000 5.374012 -5.374012
G 0.000000 8.061017 -2.687006
T -2.687006 5.374012 -2.687006
W -2.687006 2.687006 0.000000
Y 0.000000 2.687006 2.687006


-16.433402	58a9a1240
10

Y 0.000000 0.000000 0.000000
Y 2.687006 2.687006 0.000000
D 5.374012 2.687006 2.687006
P 5.374012 5.374012 5.374012
E 2.687006 8.061017 5.374012
T 0.000000 8.061017 2.687006
G 0.000000 5.374012 5.374012
T -2.687006 5.374012 2.687006
W -2.687006 2.687006 0.000000
Y 0.000000 2.687006 -2.687006


-16.433402	589a91100
10

Y 0.000000 0.000000 0.000000
Y 2.687006 2.687006 0.000000
D 5.374012 5.374012 0.000000
P 2.687006 8.061017 0.000000
E 0.000000 10.748023 0.000000
T 0.000000 8.061017 2.687006
G -2.687006 8.061017 0.000000
T -2.687006 5.374012 2.687006
W -2.687006 2.687006 0.000000
Y 0.000000 2.687006 -2.687006


-16.433402	589a62100
10

Y 0.000000 0.000000 0.000000
Y 2.687006 2.687006 0.000000
D 5.374012 5.374012 0.000000
P 2.687006 8.061017 0.000000
E 2.687006 10.748023 2.687006
T 0.000000 8.061017 2.687006
G -2.687006 8.061017 0.000000
T -2.687006 5.374012 2.687006
W -2.687006 2.687006 0.000000
Y 0.000000 2.687006 -2.687006


-16.433402	58636b200
10

Y 0.000000 0.000000 0.000000
Y 2.687006 2.687006 0.000000
D 5.374012 5.374012 0.000000
P 5.374012 8.061017 2.687006
E 2.687006 8.061017 5.374012
T 0.000000 5.374012 5.374012
G 0.000000 8.061017 2.687006
T -2.687006 5.374012 2.687006
W -2.687006 2.687006 0.000000
Y 0.000000 2.687006 -2.687006


-16.433402	5836a2b40
10

Y 0.000000 0.000000 0.000000
Y 2.687006 2.687006 0.000000
D 5.374012 2.687006 2.687006
P 2.687006 2.687006 5.374012
E 2.687006 5.374012 8.061017
T 0.000000 5.374012 5.374012
G -2.687006 2.687006 5.374012
T -2.687006 5.374012 2.687006
W -2.687006 2.687006 0.000000
Y 0.000000 2.687006 -2.687006


-16.433402	58363bb40
10

Y 0.000000 0.000000 0.000000
Y 2.687006 2.687006 0.000000
D 5.374012 2.687006 2.687006
P 2.687006 2.687006 5.374012
E 0.000000 2.687006 8.061017
T 0.000000 5.374012 5.374012
G -2.687006 2.687006 5.374012
T -2.687006 5.374012 2.687006
W -2.687006 2.687006 0.000000
Y 0.000000 2.687006 -2.687006


-16.433402	8ab8b7400
10

Y 0.000000 0.000000 0.000000
Y 2.687006 2.687006 0.000000
D 5.374012 5.374012 0.000000
P 8.061017 5.374012 2.687006
E 10.748023 2.687006 2.687006
T 8.061017 2.687006 5.374012
G 8.061017 0.000000 2.687006
T 5.374012 0.000000 5.374012
W 2.687006 0.000000 2.687006
Y 2.687006 -2.687006 0.000000


-16.433402	8ab864400
10

Y 0.000000 0.000000 0.000000
Y 2.687006 2.687006 0.000000
D 5.374012 5.374012 0.000000
P 8.061017 5.374012 2.687006
E 10.748023 5.374012 5.374012
T 8.061017 2.687006 5.374012
G 8.061017 0.000000 2.687006
T 5.374012 0.000000 5.374012
W 2.687006 0.000000 2.687006
Y 2.687006 -2.687006 0.000000


-16.433402	9ba9a7500
10

Y 0.000000 0.000000 0.000000
Y 2.687006 2.687006 0.000000
D 5.374012 5.374012 0.000000
P 8.061017 5.374012 -2.687006
E 10.748023 2.687006 -2.687006
T 8.061017 2.687006 -5.374012
G 8.061017 0.000000 -2.687006
T 5.374012 0.000000 -5.374012
W 2.687006 0.000000 -2.687006
Y 2.687006 -2.687006 0.000000


-16.433402	9ba965500
10

Y 0.000000 0.000000 0.000000
Y 2.687006 2.687006 0.000000
D 5.374012 5.374012 0.000000
P 8.061017 5.374012 -2.687006
E 10.748023 5.374012 -5.374012
T 8.061017 2.687006 -5.374012
G 8.061017 0.000000 -2.687006
T 5.374012 0.000000 -5.374012
W 2.687006 0.000000 -2.687006
Y 2.687006 -2.687006 0.000000


-16.433402	8a8194900
10

Y 0.000000 0.000000 0.000000
Y 2.687006 2.687006 0.000000
D 5.374012 5.374012 0.000000
P 5.374012 2.687006 2.687006
E 8.061017 2.687006 5.374012
T 8.061017 0.000000 8.061017
G 5.374012 2.687006 8.061017
T 5.374012 0.000000 5.374012
W 2.687006 0.000000 2.687006
Y 2.687006 -2.687006 0.000000


-16.433402	9b9185800
10

Y 0.000000 0.000000 0.000000
Y 2.687006 2.687006 0.000000
D 5.374012 5.374012 0.000000
P 5.374012 2.687006 -2.687006
E 8.061017 2.687006 -5.374012
T 8.061017 0.000000 -8.061017
G 5.374012 2.687006 -8.061017
T 5.374012 0.000000 -5.374012
W 2.687006 0.000000 -2.687006
Y 2.687006 -2.687006 0.000000


-16.433402	886512140
10

Y 0.000000 0.000000 0.000000
Y 2.687006 2.687006 0.000000
D 5.374012 2.687006 2.687006
P 2.687006 5.374012 2.687006
E 2.687006 8.061017 5.374012
T 0.000000 10.748023 5.374012
G 2.687006 10.748023 2.687006
T 0.000000 8.061017 2.687006
W 0.000000 5.374012 0.000000
Y 0.000000 2.687006 -2.687006


-16.433402	8836a2240
10

Y 0.000000 0.000000 0.000000
Y 2.687006 2.687006 0.000000
D 5.374012 2.687006 2.687006
P 5.374012 5.374012 5.374012
E 5.374012 8.061017 8.061017
T 2.687006 8.061017 5.374012
G 0.000000 5.374012 5.374012
T 0.000000 8.061017 2.687006
W 0.000000 5.374012 0.000000
Y 0.000000 2.687006 -2.687006


-16.433402	88363b240
10

Y 0.000000 0.000000 0.000000
Y 2.687006 2.687006 0.000000
D 5.374012 2.687006 2.687006
P 5.374012 5.374012 5.374012
E 2.687006 5.374012 8.061017
T 2.687006 8.061017 5.374012
G 0.000000 5.374012 5.374012
T 0.000000 8.061017 2.687006
W 0.000000 5.374012 0.000000
Y 0.000000 2.687006 -2.687006


-16.433402	a8a7b2b00
10

Y 0.000000 0.000000 0.000000
Y 2.687006 2.687006 0.000000
D 5.374012 5.374012 0.000000
P 2.687006 5.374012 2.687006
E 2.687006 8.061017 5.374012
T 0.000000 8.061017 8.061017
G 2.687006 5.374012 8.061017
T 0.000000 5.374012 5.374012
W 0.000000 2.687006 2.687006
Y -2.687006 2.687006 0.000000


-16.433402	b9b7a3a00
10

Y 0.000000 0.000000 0.000000
Y 2.687006 2.687006 0.000000
D 5.374012 5.374012 0.000000
P 2.687006 5.374012 -2.687006
E 2.687006 8.061017 -5.374012
T 0.000000 8.061017 -8.061017
G 2.687006 5.374012 -8.061017
T 0.000000 5.374012 -5.374012
W 0.000000 2.687006 -2.687006
Y -2.687006 2.687006 0.000000


-16.433402	a89a91200
10

Y 0.000000 0.000000 0.000000
Y 2.687006 2.687006 0.000000
D 5.374012 5.374012 0.000000
P 5.374012 8.061017 2.687006
E 2.687006 10.748023 2.687006
T 2.687006 8.061017 5.374012
G 0.000000 8.061017 2.687006
T 0.000000 5.374012 5.374012
W 0.000000 2.687006 2.687006
Y -2.687006 2.687006 0.000000


-16.433402	a89a62200
10

Y 0.000000 0.000000 0.000000
Y 2.687006 2.687006 0.000000
D 5.374012 5.374012 0.000000
P 5.374012 8.061017 2.687006
E 5.374012 10.748023 5.374012
T 2.687006 8.061017 5.374012
G 0.000000 8.061017 2.687006
T 0.000000 5.374012 5.374012
W 0.000000 2.687006 2.687006
Y -2.687006 2.687006 0.000000


-16.433402	b98b81300
10

Y 0.000000 0.000000 0.000000
Y 2.687006 2.687006 0.000000
D 5.374012 5.374012 0.000000
P 5.374012 8.061017 -2.687006
E 2.687006 10.748023 -2.687006
T 2.687006 8.061017 -5.374012
G 0.000000 8.061017 -2.687006
T 0.000000 5.374012 -5.374012
W 0.000000 2.687006 -2.687006
Y -2.687006 2.687006 0.000000


-16.433402	b98b63300
10

Y 0.000000 0.000000 0.000000
Y 2.687006 2.687006 0.000000
D 5.374012 5.374012 0.000000
P 5.374012 8.061017 -2.687006
E 5.374012 10.748023 -5.374012
T 2.687006 8.061017 -5.374012
G 0.000000 8.061017 -2.687006
T 0.000000 5.374012 -5.374012
W 0.000000 2.687006 -2.687006
Y -2.687006 2.687006 0.000000


-16.433402	2ba9a7700
10

Y 0.000000 0.000000 0.000000
Y 2.687006 2.687006 0.000000
D 5.374012 5.374012 0.000000
P 8.061017 2.687006 0.000000
E 10.748023 0.000000 0.000000
T 8.061017 0.000000 -2.687006
G 8.061017 -2.687006 0.000000
T 5.374012 -2.687006 -2.687006
W 2.687006 -2.687006 0.000000
Y 2.687006 0.000000 2.687006


-16.433402	2ba965700
10

Y 0.000000 0.000000 0.000000
Y 2.687006 2.687006 0.000000
D 5.374012 5.374012 0.000000
P 8.061017 2.687006 0.000000
E 10.748023 2.687006 -2.687006
T 8.061017 0.000000 -2.687006
G 8.061017 -2.687006 0.000000
T 5.374012 -2.687006 -2.687006
W 2.687006 -2.687006 0.000000
Y 2.687006 0.000000 2.687006


-16.433402	2b6468500
10

Y 0.000000 0.000000 0.000000
Y 2.687006 2.687006 0.000000
D 5.374012 5.374012 0.000000
P 8.061017 5.374012 -2.687006
E 8.061017 2.687006 -5.374012
T 5.374012 0.000000 -5.374012
G 8.061017 0.000000 -2.687006
T 5.374012 -2.687006 -2.687006
W 2.687006 -2.687006 0.000000
Y 2.687006 0.000000 2.687006


-16.433402	3a3684940
10

Y 0.000000 0.000000 0.000000
Y 2.687006 2.687006 0.000000
D 5.374012 2.687006 2.687006
P 5.374012 0.000000 5.374012
E 8.061017 0.000000 8.061017
T 8.061017 -2.687006 5.374012
G 5.374012 -5.374012 5.374012
T 5.374012 -2.687006 2.687006
W 2.687006 -2.687006 0.000000
Y 2.687006 0.000000 -2.687006


-16.433402	3a3659940
10

Y 0.000000 0.000000 0.000000
Y 2.687006 2.687006 0.000000
D 5.374012 2.687006 2.687006
P 5.374012 0.000000 5.374012
E 5.374012 -2.687006 8.061017
T 8.061017 -2.687006 5.374012
G 5.374012 -5.374012 5.374012
T 5.374012 -2.687006 2.687006
W 2.687006 -2.687006 0.000000
Y 2.687006 0.000000 -2.687006


-16.433402	3a3b87940
10

Y 0.000000 0.000000 0.000000
Y 2.687006 2.687006 0.000000
D 5.374012 2.687006 2.687006
P 5.374012 0.000000 5.374012
E 8.061017 -2.687006 5.374012
T 8.061017 -5.374012 2.687006
G 5.374012 -5.374012 5.374012
T 5.374012 -2.687006 2.687006
W 2.687006 -2.687006 0.000000
Y 2.687006 0.000000 -2.687006


-16.433402	3a1569740
10

Y 0.000000 0.000000 0.000000
Y 2.687006 2.687006 0.000000
D 5.374012 2.687006 2.687006
P 8.061017 0.000000 2.687006
E 8.061017 -2.687006 5.374012
T 5.374012 -5.374012 5.374012
G 8.061017 -5.374012 2.687006
T 5.374012 -2.687006 2.687006
W 2.687006 -2.687006 0.000000
Y 2.687006 0.000000 -2.687006


-16.433402	3a18b7740
10

Y 0.000000 0.000000 0.000000
Y 2.687006 2.687006 0.000000
D 5.374012 2.687006 2.687006
P 8.061017 0.000000 2.687006
E 10.748023 -2.687006 2.687006
T 8.061017 -2.687006 5.374012
G 8.061017 -5.374012 2.687006
T 5.374012 -2.687006 2.687006
W 2.687006 -2.687006 0.000000
Y 2.687006 0.000000 -2.687006


-16.433402	3a1864740
10

Y 0.000000 0.000000 0.000000
Y 2.687006 2.687006 0.000000
D 5.374012 2.687006 2.687006
P 8.061017 0.000000 2.687006
E 10.748023 0.000000 5.374012
T 8.061017 -2.687006 5.374012
G 8.061017 -5.374012 2.687006
T 5.374012 -2.687006 2.687006
W 2.687006 -2.687006 0.000000
Y 2.687006 0.000000 -2.687006


-16.433402	3ab8b7700
10

Y 0.000000 0.000000 0.000000
Y 2.687006 2.687006 0.000000
D 5.374012 5.374012 0.000000
P 8.061017 2.687006 0.000000
E 10.748023 0.000000 0.000000
T 8.061017 0.000000 2.687006
G 8.061017 -2.687006 0.000000
T 5.374012 -2.687006 2.687006
W 2.687006 -2.687006 0.000000
Y 2.687006 0.000000 -2.687006


-16.433402	3ab8b7540
10

Y 0.000000 0.000000 0.000000
Y 2.687006 2.687006 0.000000
D 5.374012 2.687006 2.687006
P 8.061017 2.687006 0.000000
E 10.748023 0.000000 0.000000
T 8.061017 0.000000 2.687006
G 8.061017 -2.687006 0.000000
T 5.374012 -2.687006 2.687006
W 2.687006 -2.687006 0.000000
Y 2.687006 0.000000 -2.687006


-16.433402	3ab864700
10

Y 0.000000 0.000000 0.000000
Y 2.687006 2.687006 0.000000
D 5.374012 5.374012 0.000000
P 8.061017 2.687006 0.000000
E 10.748023 2.687006 2.687006
T 8.061017 0.000000 2.687006
G 8.061017 -2.687006 0.000000
T 5.374012 -2.687006 2.687006
W 2.687006 -2.687006 0.000000
Y 2.687006 0.000000 -2.687006


-16.433402	3aa9a7440
10

Y 0.000000 0.000000 0.000000
Y 2.687006 2.687006 0.000000
D 5.374012 2.687006 2.687006
P 8.061017 2.687006 5.374012
E 10.748023 0.000000 5.374012
T 8.061017 0.000000 2.687006
G 8.061017 -2.687006 5.374012
T 5.374012 -2.687006 2.687006
W 2.687006 -2.687006 0.000000
Y 2.687006 0.000000 -2.687006


-16.433402	3aa7a9440
10

Y 0.000000 0.000000 0.000000
Y 2.687006 2.687006 0.000000
D 5.374012 2.687006 2.687006
P 8.061017 2.687006 5.374012
E 8.061017 0.000000 8.061017
T 5.374012 0.000000 5.374012
G 8.061017 -2.687006 5.374012
T 5.374012 -2.687006 2.687006
W 2.687006 -2.687006 0.000000
Y 2.687006 0.000000 -2.687006


-16.433402	3a9a37940
10

Y 0.000000 0.000000 0.000000
Y 2.687006 2.687006 0.000000
D 5.374012 2.687006 2.687006
P 5.374012 0.000000 5.374012
E 8.061017 -2.687006 5.374012
T 8.061017 0.000000 2.687006
G 5.374012 0.000000 0.000000
T 5.374012 -2.687006 2.687006
W 2.687006 -2.687006 0.000000
Y 2.687006 0.000000 -2.687006


-16.433402	3a7a19740
10

Y 0.000000 0.000000 0.000000
Y 2.687006 2.687006 0.000000
D 5.374012 2.687006 2.687006
P 8.061017 0.000000 2.687006
E 8.061017 -2.687006 5.374012
T 5.374012 0.000000 5.374012
G 2.687006 0.000000 2.687006
T 5.374012 -2.687006 2.687006
W 2.687006 -2.687006 0.000000
Y 2.687006 0.000000 -2.687006


-16.433402	3a6569400
10

Y 0.000000 0.000000 0.000000
Y 2.687006 2.687006 0.000000
D 5.374012 5.374012 0.000000
P 8.061017 5.374012 2.687006
E 8.061017 2.687006 5.374012
T 5.374012 0.000000 5.374012
G 8.061017 0.000000 2.687006
T 5.374012 -2.687006 2.687006
W 2.687006 -2.687006 0.000000
Y 2.687006 0.000000 -2.687006


-16.433402	3a5659b40
10

Y 0.000000 0.000000 0.000000
Y 2.687006 2.687006 0.000000
D 5.374012 2.687006 2.687006
P 2.687006 2.687006 5.374012
E 2.687006 0.000000 8.061017
T 5.374012 0.000000 5.374012
G 2.687006 -2.687006 5.374012
T 5.374012 -2.687006 2.687006
W 2.687006 -2.687006 0.000000
Y 2.687006 0.000000 -2.687006
