-58.040000	842157810
10

Q 0.000000 0.000000 0.000000
Y 2.687006 2.687006 0.000000
Q 0.000000 5.374012 0.000000
F 0.000000 2.687006 -2.687006
W 2.687006 0.000000 -2.687006
K 5.374012 0.000000 -5.374012
N 2.687006 2.687006 -5.374012
F 2.687006 5.374012 -2.687006
Q 5.374012 5.374012 0.000000
T 5.374012 2.687006 -2.687006


-58.040000	953147910
10

Q 0.000000 0.000000 0.000000
Y 2.687006 2.687006 0.000000
Q 0.000000 5.374012 0.000000
F 0.000000 2.687006 2.687006
W 2.687006 0.000000 2.687006
K 5.374012 0.000000 5.374012
N 2.687006 2.687006 5.374012
F 2.687006 5.374012 2.687006
Q 5.374012 5.374012 0.000000
T 5.374012 2.687006 2.687006


-58.040000	258640910
10

Q 0.000000 0.000000 0.000000
Y 2.687006 2.687006 0.000000
Q 0.000000 5.374012 0.000000
F 0.000000 2.687006 2.687006
W 2.687006 5.374012 2.687006
K 5.374012 5.374012 5.374012
N 2.687006 2.687006 5.374012
F 2.687006 0.000000 2.687006
Q 5.374012 0.000000 0.000000
T 5.374012 2.687006 2.687006


-58.040000	349650810
10

Q 0.000000 0.000000 0.000000
Y 2.687006 2.687006 0.000000
Q 0.000000 5.374012 0.000000
F 0.000000 2.687006 -2.687006
W 2.687006 5.374012 -2.687006
K 5.374012 5.374012 -5.374012
N 2.687006 2.687006 -5.374012
F 2.687006 0.000000 -2.687006
Q 5.374012 0.000000 0.000000
T 5.374012 2.687006 -2.687006
