-58.130000	1659b0ba0
10

Q 0.000000 0.000000 0.000000
Y 2.687006 2.687006 0.000000
Q 0.000000 2.687006 -2.687006
F -2.687006 2.687006 0.000000
W 0.000000 5.374012 0.000000
K -2.687006 5.374012 2.687006
N -2.687006 2.687006 5.374012
F 0.000000 2.687006 2.687006
Q -2.687006 0.000000 2.687006
T -5.374012 2.687006 2.687006


-58.130000	237a192a0
10

Q 0.000000 0.000000 0.000000
Y 2.687006 2.687006 0.000000
Q 0.000000 2.687006 -2.687006
F 0.000000 5.374012 0.000000
W 0.000000 2.687006 2.687006
K -2.687006 5.374012 2.687006
N -5.374012 5.374012 0.000000
F -2.687006 2.687006 0.000000
Q -2.687006 5.374012 -2.687006
T -2.687006 8.061017 0.000000


-58.130000	ba7314ba0
10

Q 0.000000 0.000000 0.000000
Y 2.687006 2.687006 0.000000
Q 0.000000 2.687006 -2.687006
F -2.687006 2.687006 0.000000
W 0.000000 2.687006 2.687006
K -2.687006 5.374012 2.687006
N -2.687006 8.061017 0.000000
F 0.000000 5.374012 0.000000
Q -2.687006 5.374012 -2.687006
T -5.374012 5.374012 0.000000


-58.130000	845127910
10

Q 0.000000 0.000000 0.000000
Y 2.687006 2.687006 0.000000
Q 0.000000 5.374012 0.000000
F 0.000000 2.687006 2.687006
W 2.687006 0.000000 2.687006
K 2.687006 2.687006 5.374012
N 0.000000 5.374012 5.374012
F 2.687006 5.374012 2.687006
Q 5.374012 5.374012 5.374012
T 5.374012 2.687006 2.687006


-58.130000	954137810
10

Q 0.000000 0.000000 0.000000
Y 2.687006 2.687006 0.000000
Q 0.000000 5.374012 0.000000
F 0.000000 2.687006 -2.687006
W 2.687006 0.000000 -2.687006
K 2.687006 2.687006 -5.374012
N 0.000000 5.374012 -5.374012
F 2.687006 5.374012 -2.687006
Q 5.374012 5.374012 -5.374012
T 5.374012 2.687006 -2.687006


-58.130000	254680810
10

Q 0.000000 0.000000 0.000000
Y 2.687006 2.687006 0.000000
Q 0.000000 5.374012 0.000000
F 0.000000 2.687006 -2.687006
W 2.687006 5.374012 -2.687006
K 2.687006 2.687006 -5.374012
N 0.000000 0.000000 -5.374012
F 2.687006 0.000000 -2.687006
Q 5.374012 0.000000 -5.374012
T 5.374012 2.687006 -2.687006


-58.130000	345690910
10

Q 0.000000 0.000000 0.000000
Y 2.687006 2.687006 0.000000
Q 0.000000 5.374012 0.000000
F 0.000000 2.687006 2.687006
W 2.687006 5.374012 2.687006
K 2.687006 2.687006 5.374012
N 0.000000 0.000000 5.374012
F 2.687006 0.000000 2.687006
Q 5.374012 0.000000 5.374012
T 5.374012 2.687006 2.687006
