-26.010000	27b1680a0
10

Q 0.000000 0.000000 0.000000
Y 2.687006 2.687006 0.000000
Q 0.000000 2.687006 -2.687006
F 2.687006 5.374012 -2.687006
W 2.687006 2.687006 -5.374012
K 0.000000 0.000000 -5.374012
N -2.687006 2.687006 -5.374012
F -5.374012 2.687006 -2.687006
Q -2.687006 0.000000 -2.687006
T -2.687006 2.687006 0.000000


-26.010000	90898a2a0
10

Q 0.000000 0.000000 0.000000
Y 2.687006 2.687006 0.000000
Q 0.000000 2.687006 -2.687006
F 0.000000 5.374012 0.000000
W -2.687006 5.374012 -2.687006
K -2.687006 2.687006 -5.374012
N -2.687006 0.000000 -2.687006
F -2.687006 -2.687006 -5.374012
Q 0.000000 0.000000 -5.374012
T 0.000000 -2.687006 -2.687006


-26.010000	90896a0a0
10

Q 0.000000 0.000000 0.000000
Y 2.687006 2.687006 0.000000
Q 0.000000 2.687006 -2.687006
F 2.687006 5.374012 -2.687006
W 0.000000 5.374012 -5.374012
K -2.687006 2.687006 -5.374012
N -2.687006 0.000000 -2.687006
F -2.687006 -2.687006 -5.374012
Q 0.000000 0.000000 -5.374012
T 0.000000 -2.687006 -2.687006


-26.010000	40898a2a0
10

Q 0.000000 0.000000 0.000000
Y 2.687006 2.687006 0.000000
Q 0.000000 2.687006 -2.687006
F 0.000000 5.374012 0.000000
W -2.687006 5.374012 -2.687006
K -2.687006 2.687006 -5.374012
N -2.687006 0.000000 -2.687006
F -2.687006 -2.687006 -5.374012
Q 0.000000 0.000000 -5.374012
T 2.687006 0.000000 -2.687006


-26.010000	40896a0a0
10

Q 0.000000 0.000000 0.000000
Y 2.687006 2.687006 0.000000
Q 0.000000 2.687006 -2.687006
F 2.687006 5.374012 -2.687006
W 0.000000 5.374012 -5.374012
K -2.687006 2.687006 -5.374012
N -2.687006 0.000000 -2.687006
F -2.687006 -2.687006 -5.374012
Q 0.000000 0.000000 -5.374012
T 2.687006 0.000000 -2.687006


-26.010000	72678a2a0
10

Q 0.000000 0.000000 0.000000
Y 2.687006 2.687006 0.000000
Q 0.000000 2.687006 -2.687006
F 0.000000 5.374012 0.000000
W -2.687006 5.374012 -2.687006
K -2.687006 2.687006 -5.374012
N 0.000000 0.000000 -5.374012
F -2.687006 -2.687006 -5.374012
Q -2.687006 0.000000 -2.687006
T 0.000000 -2.687006 -2.687006


-26.010000	72676a0a0
10

Q 0.000000 0.000000 0.000000
Y 2.687006 2.687006 0.000000
Q 0.000000 2.687006 -2.687006
F 2.687006 5.374012 -2.687006
W 0.000000 5.374012 -5.374012
K -2.687006 2.687006 -5.374012
N 0.000000 0.000000 -5.374012
F -2.687006 -2.687006 -5.374012
Q -2.687006 0.000000 -2.687006
T 0.000000 -2.687006 -2.687006


-26.010000	0469016a0
10

Q 0.000000 0.000000 0.000000
Y 2.687006 2.687006 0.000000
Q 0.000000 2.687006 -2.687006
F -2.687006 0.000000 -2.687006
W -5.374012 2.687006 -2.687006
K -2.687006 5.374012 -2.687006
N -2.687006 2.687006 0.000000
F -5.374012 0.000000 0.000000
Q -2.687006 0.000000 2.687006
T 0.000000 2.687006 2.687006


-26.010000	89046b0a0
10

Q 0.000000 0.000000 0.000000
Y 2.687006 2.687006 0.000000
Q 0.000000 2.687006 -2.687006
F 2.687006 5.374012 -2.687006
W 0.000000 5.374012 0.000000
K -2.687006 2.687006 0.000000
N 0.000000 2.687006 2.687006
F 2.687006 5.374012 2.687006
Q 2.687006 2.687006 5.374012
T 2.687006 0.000000 2.687006


-26.010000	a949a10a0
10

Q 0.000000 0.000000 0.000000
Y 2.687006 2.687006 0.000000
Q 0.000000 2.687006 -2.687006
F 2.687006 5.374012 -2.687006
W 0.000000 8.061017 -2.687006
K -2.687006 8.061017 -5.374012
N -2.687006 5.374012 -2.687006
F 0.000000 5.374012 0.000000
Q 0.000000 2.687006 2.687006
T -2.687006 2.687006 0.000000


-26.010000	846ba52a0
10

Q 0.000000 0.000000 0.000000
Y 2.687006 2.687006 0.000000
Q 0.000000 2.687006 -2.687006
F 0.000000 5.374012 0.000000
W 2.687006 5.374012 -2.687006
K 0.000000 5.374012 -5.374012
N -2.687006 5.374012 -2.687006
F -5.374012 2.687006 -2.687006
Q -2.687006 2.687006 0.000000
T -2.687006 0.000000 -2.687006


-26.010000	40a34b6a0
10

Q 0.000000 0.000000 0.000000
Y 2.687006 2.687006 0.000000
Q 0.000000 2.687006 -2.687006
F -2.687006 0.000000 -2.687006
W -5.374012 0.000000 0.000000
K -2.687006 0.000000 2.687006
N -2.687006 2.687006 0.000000
F -5.374012 2.687006 -2.687006
Q -2.687006 5.374012 -2.687006
T 0.000000 5.374012 0.000000


-26.010000	29ab78340
10

Q 0.000000 0.000000 0.000000
Y 2.687006 2.687006 0.000000
Q 5.374012 2.687006 2.687006
F 5.374012 5.374012 0.000000
W 5.374012 2.687006 -2.687006
K 8.061017 0.000000 -2.687006
N 5.374012 0.000000 0.000000
F 2.687006 0.000000 -2.687006
Q 2.687006 -2.687006 0.000000
T 2.687006 0.000000 2.687006


-26.010000	2169852a0
10

Q 0.000000 0.000000 0.000000
Y 2.687006 2.687006 0.000000
Q 0.000000 2.687006 -2.687006
F 0.000000 5.374012 0.000000
W 2.687006 5.374012 -2.687006
K 2.687006 2.687006 -5.374012
N 2.687006 0.000000 -2.687006
F 0.000000 -2.687006 -2.687006
Q -2.687006 0.000000 -2.687006
T -2.687006 2.687006 0.000000
