-57.240000	388129840
10

Q 0.000000 0.000000 0.000000
Y 2.687006 2.687006 0.000000
Q 5.374012 2.687006 2.687006
F 5.374012 0.000000 0.000000
W 5.374012 -2.687006 2.687006
K 5.374012 0.000000 5.374012
N 2.687006 2.687006 5.374012
F 2.687006 0.000000 2.687006
Q 2.687006 -2.687006 0.000000
T 2.687006 0.000000 -2.687006


-57.240000	598913b40
10

Q 0.000000 0.000000 0.000000
Y 2.687006 2.687006 0.000000
Q 5.374012 2.687006 2.687006
F 2.687006 2.687006 5.374012
W 2.687006 5.374012 2.687006
K 0.000000 8.061017 2.687006
N 0.000000 5.374012 5.374012
F 0.000000 2.687006 2.687006
Q 0.000000 0.000000 5.374012
T 2.687006 0.000000 2.687006


-57.240000	598623b40
10

Q 0.000000 0.000000 0.000000
Y 2.687006 2.687006 0.000000
Q 5.374012 2.687006 2.687006
F 2.687006 2.687006 5.374012
W 2.687006 5.374012 2.687006
K 2.687006 8.061017 5.374012
N 0.000000 5.374012 5.374012
F 0.000000 2.687006 2.687006
Q 0.000000 0.000000 5.374012
T 2.687006 0.000000 2.687006


-57.240000	366307640
10

Q 0.000000 0.000000 0.000000
Y 2.687006 2.687006 0.000000
Q 5.374012 2.687006 2.687006
F 2.687006 0.000000 2.687006
W 5.374012 -2.687006 2.687006
K 8.061017 0.000000 2.687006
N 8.061017 2.687006 0.000000
F 5.374012 0.000000 0.000000
Q 2.687006 -2.687006 0.000000
T 2.687006 0.000000 -2.687006


-57.240000	14b48a840
10

Q 0.000000 0.000000 0.000000
Y 2.687006 2.687006 0.000000
Q 5.374012 2.687006 2.687006
F 5.374012 0.000000 0.000000
W 2.687006 0.000000 -2.687006
K 2.687006 -2.687006 -5.374012
N 5.374012 -2.687006 -2.687006
F 2.687006 -2.687006 0.000000
Q 5.374012 -2.687006 2.687006
T 2.687006 0.000000 2.687006


-57.240000	14b95a840
10

Q 0.000000 0.000000 0.000000
Y 2.687006 2.687006 0.000000
Q 5.374012 2.687006 2.687006
F 5.374012 0.000000 0.000000
W 2.687006 0.000000 -2.687006
K 5.374012 0.000000 -5.374012
N 5.374012 -2.687006 -2.687006
F 2.687006 -2.687006 0.000000
Q 5.374012 -2.687006 2.687006
T 2.687006 0.000000 2.687006


-57.240000	3443ab640
10

Q 0.000000 0.000000 0.000000
Y 2.687006 2.687006 0.000000
Q 5.374012 2.687006 2.687006
F 2.687006 0.000000 2.687006
W 0.000000 0.000000 5.374012
K -2.687006 0.000000 2.687006
N -2.687006 2.687006 0.000000
F 0.000000 2.687006 2.687006
Q 2.687006 2.687006 5.374012
T 2.687006 5.374012 2.687006
