-48.480000	34b1a5640
10

Y 0.000000 0.000000 0.000000
Y 2.687006 2.687006 0.000000
D 5.374012 2.687006 2.687006
P 2.687006 0.000000 2.687006
E 5.374012 0.000000 0.000000
T 2.687006 0.000000 -2.687006
G 0.000000 2.687006 -2.687006
T -2.687006 2.687006 0.000000
W 0.000000 2.687006 2.687006
Y 0.000000 5.374012 0.000000


-48.480000	34b6a5140
10

Y 0.000000 0.000000 0.000000
Y 2.687006 2.687006 0.000000
D 5.374012 2.687006 2.687006
P 2.687006 5.374012 2.687006
E 5.374012 5.374012 0.000000
T 2.687006 5.374012 -2.687006
G 0.000000 2.687006 -2.687006
T -2.687006 2.687006 0.000000
W 0.000000 2.687006 2.687006
Y 0.000000 5.374012 0.000000


-48.480000	a921a5640
10

Y 0.000000 0.000000 0.000000
Y 2.687006 2.687006 0.000000
D 5.374012 2.687006 2.687006
P 2.687006 0.000000 2.687006
E 5.374012 0.000000 0.000000
T 2.687006 0.000000 -2.687006
G 0.000000 2.687006 -2.687006
T 0.000000 5.374012 0.000000
W 0.000000 2.687006 2.687006
Y -2.687006 2.687006 0.000000
