-73.340000	3790191a0
10

D 0.000000 0.000000 0.000000
R 2.687006 2.687006 0.000000
V 0.000000 2.687006 -2.687006
Y -2.687006 5.374012 -2.687006
I -2.687006 2.687006 0.000000
H -5.374012 5.374012 0.000000
P -2.687006 8.061017 0.000000
F -2.687006 5.374012 2.687006
H 0.000000 2.687006 2.687006
L 0.000000 5.374012 0.000000


-73.180000	083626740
10

D 0.000000 0.000000 0.000000
R 2.687006 2.687006 0.000000
V 5.374012 2.687006 2.687006
Y 8.061017 0.000000 2.687006
I 5.374012 -2.687006 2.687006
H 5.374012 0.000000 5.374012
P 2.687006 -2.687006 5.374012
F 2.687006 0.000000 2.687006
H 2.687006 -2.687006 0.000000
L 5.374012 0.000000 0.000000


-73.170000	a746141a0
10

D 0.000000 0.000000 0.000000
R 2.687006 2.687006 0.000000
V 0.000000 2.687006 -2.687006
Y -2.687006 5.374012 -2.687006
I 0.000000 5.374012 0.000000
H -2.687006 8.061017 0.000000
P -5.374012 5.374012 0.000000
F -2.687006 5.374012 2.687006
H 0.000000 2.687006 2.687006
L -2.687006 2.687006 0.000000


-73.100000	261808940
10

D 0.000000 0.000000 0.000000
R 2.687006 2.687006 0.000000
V 5.374012 2.687006 2.687006
Y 5.374012 0.000000 5.374012
I 5.374012 -2.687006 2.687006
H 8.061017 0.000000 2.687006
P 8.061017 -2.687006 0.000000
F 5.374012 0.000000 0.000000
H 2.687006 -2.687006 0.000000
L 2.687006 0.000000 2.687006


-72.860000	1970191a0
10

D 0.000000 0.000000 0.000000
R 2.687006 2.687006 0.000000
V 0.000000 2.687006 -2.687006
Y -2.687006 5.374012 -2.687006
I -2.687006 2.687006 0.000000
H -5.374012 5.374012 0.000000
P -2.687006 8.061017 0.000000
F 0.000000 5.374012 0.000000
H 0.000000 2.687006 2.687006
L -2.687006 5.374012 2.687006


-72.820000	1476141a0
10

D 0.000000 0.000000 0.000000
R 2.687006 2.687006 0.000000
V 0.000000 2.687006 -2.687006
Y -2.687006 5.374012 -2.687006
I 0.000000 5.374012 0.000000
H -2.687006 8.061017 0.000000
P -5.374012 5.374012 0.000000
F -2.687006 2.687006 0.000000
H 0.000000 2.687006 2.687006
L -2.687006 5.374012 2.687006


-72.790000	5926a7310
10

D 0.000000 0.000000 0.000000
R 2.687006 2.687006 0.000000
V 0.000000 5.374012 0.000000
Y 0.000000 8.061017 -2.687006
I 2.687006 5.374012 -2.687006
H 0.000000 5.374012 -5.374012
P -2.687006 2.687006 -5.374012
F -2.687006 5.374012 -2.687006
H -2.687006 2.687006 0.000000
L 0.000000 2.687006 -2.687006


-72.790000	4836b7210
10

D 0.000000 0.000000 0.000000
R 2.687006 2.687006 0.000000
V 0.000000 5.374012 0.000000
Y 0.000000 8.061017 2.687006
I 2.687006 5.374012 2.687006
H 0.000000 5.374012 5.374012
P -2.687006 2.687006 5.374012
F -2.687006 5.374012 2.687006
H -2.687006 2.687006 0.000000
L 0.000000 2.687006 2.687006


-72.740000	088126740
10

D 0.000000 0.000000 0.000000
R 2.687006 2.687006 0.000000
V 5.374012 2.687006 2.687006
Y 8.061017 0.000000 2.687006
I 5.374012 -2.687006 2.687006
H 5.374012 0.000000 5.374012
P 2.687006 2.687006 5.374012
F 2.687006 0.000000 2.687006
H 2.687006 -2.687006 0.000000
L 5.374012 0.000000 0.000000


-72.660000	266308940
10

D 0.000000 0.000000 0.000000
R 2.687006 2.687006 0.000000
V 5.374012 2.687006 2.687006
Y 5.374012 0.000000 5.374012
I 5.374012 -2.687006 2.687006
H 8.061017 0.000000 2.687006
P 8.061017 2.687006 0.000000
F 5.374012 0.000000 0.000000
H 2.687006 -2.687006 0.000000
L 2.687006 0.000000 2.687006


-72.660000	598b31940
10

D 0.000000 0.000000 0.000000
R 2.687006 2.687006 0.000000
V 5.374012 2.687006 2.687006
Y 5.374012 0.000000 5.374012
I 2.687006 2.687006 5.374012
H 2.687006 5.374012 2.687006
P 0.000000 5.374012 5.374012
F 0.000000 2.687006 2.687006
H 0.000000 0.000000 5.374012
L 2.687006 0.000000 2.687006


-72.630000	3b46a7310
10

D 0.000000 0.000000 0.000000
R 2.687006 2.687006 0.000000
V 0.000000 5.374012 0.000000
Y 0.000000 8.061017 -2.687006
I 2.687006 5.374012 -2.687006
H 0.000000 5.374012 -5.374012
P -2.687006 2.687006 -5.374012
F 0.000000 2.687006 -2.687006
H -2.687006 2.687006 0.000000
L -2.687006 5.374012 -2.687006


-72.630000	2a56b7210
10

D 0.000000 0.000000 0.000000
R 2.687006 2.687006 0.000000
V 0.000000 5.374012 0.000000
Y 0.000000 8.061017 2.687006
I 2.687006 5.374012 2.687006
H 0.000000 5.374012 5.374012
P -2.687006 2.687006 5.374012
F 0.000000 2.687006 2.687006
H -2.687006 2.687006 0.000000
L -2.687006 5.374012 2.687006


-72.590000	08a0b6740
10

D 0.000000 0.000000 0.000000
R 2.687006 2.687006 0.000000
V 5.374012 2.687006 2.687006
Y 8.061017 0.000000 2.687006
I 5.374012 -2.687006 2.687006
H 2.687006 -2.687006 5.374012
P 5.374012 0.000000 5.374012
F 2.687006 0.000000 2.687006
H 2.687006 -2.687006 0.000000
L 5.374012 0.000000 0.000000


-72.580000	a790b1810
10

D 0.000000 0.000000 0.000000
R 2.687006 2.687006 0.000000
V 0.000000 5.374012 0.000000
Y 0.000000 2.687006 -2.687006
I -2.687006 5.374012 -2.687006
H -5.374012 5.374012 0.000000
P -2.687006 8.061017 0.000000
F -2.687006 5.374012 2.687006
H 0.000000 2.687006 2.687006
L -2.687006 2.687006 0.000000


-72.580000	b780a1910
10

D 0.000000 0.000000 0.000000
R 2.687006 2.687006 0.000000
V 0.000000 5.374012 0.000000
Y 0.000000 2.687006 2.687006
I -2.687006 5.374012 2.687006
H -5.374012 5.374012 0.000000
P -2.687006 8.061017 0.000000
F -2.687006 5.374012 -2.687006
H 0.000000 2.687006 -2.687006
L -2.687006 2.687006 0.000000


-72.510000	26a258940
10

D 0.000000 0.000000 0.000000
R 2.687006 2.687006 0.000000
V 5.374012 2.687006 2.687006
Y 5.374012 0.000000 5.374012
I 5.374012 -2.687006 2.687006
H 8.061017 -2.687006 0.000000
P 8.061017 0.000000 2.687006
F 5.374012 0.000000 0.000000
H 2.687006 -2.687006 0.000000
L 2.687006 0.000000 2.687006


-72.500000	a74621810
10

D 0.000000 0.000000 0.000000
R 2.687006 2.687006 0.000000
V 0.000000 5.374012 0.000000
Y 0.000000 2.687006 -2.687006
I -2.687006 5.374012 -2.687006
H -2.687006 8.061017 0.000000
P -5.374012 5.374012 0.000000
F -2.687006 5.374012 2.687006
H 0.000000 2.687006 2.687006
L -2.687006 2.687006 0.000000


-72.500000	b75631910
10

D 0.000000 0.000000 0.000000
R 2.687006 2.687006 0.000000
V 0.000000 5.374012 0.000000
Y 0.000000 2.687006 2.687006
I -2.687006 5.374012 2.687006
H -2.687006 8.061017 0.000000
P -5.374012 5.374012 0.000000
F -2.687006 5.374012 -2.687006
H 0.000000 2.687006 -2.687006
L -2.687006 2.687006 0.000000


-72.420000	a97342610
10

D 0.000000 0.000000 0.000000
R 2.687006 2.687006 0.000000
V 0.000000 5.374012 0.000000
Y -2.687006 2.687006 0.000000
I -2.687006 5.374012 2.687006
H 0.000000 5.374012 5.374012
P 0.000000 8.061017 2.687006
F 2.687006 5.374012 2.687006
H 2.687006 2.687006 5.374012
L 0.000000 2.687006 2.687006


-72.420000	b87253610
10

D 0.000000 0.000000 0.000000
R 2.687006 2.687006 0.000000
V 0.000000 5.374012 0.000000
Y -2.687006 2.687006 0.000000
I -2.687006 5.374012 -2.687006
H 0.000000 5.374012 -5.374012
P 0.000000 8.061017 -2.687006
F 2.687006 5.374012 -2.687006
H 2.687006 2.687006 -5.374012
L 0.000000 2.687006 -2.687006


-72.420000	48018a910
10

D 0.000000 0.000000 0.000000
R 2.687006 2.687006 0.000000
V 0.000000 5.374012 0.000000
Y 0.000000 2.687006 2.687006
I -2.687006 2.687006 0.000000
H -2.687006 0.000000 -2.687006
P -5.374012 2.687006 -2.687006
F -2.687006 5.374012 -2.687006
H -2.687006 2.687006 -5.374012
L 0.000000 2.687006 -2.687006


-72.420000	59019b810
10

D 0.000000 0.000000 0.000000
R 2.687006 2.687006 0.000000
V 0.000000 5.374012 0.000000
Y 0.000000 2.687006 -2.687006
I -2.687006 2.687006 0.000000
H -2.687006 0.000000 2.687006
P -5.374012 2.687006 2.687006
F -2.687006 5.374012 2.687006
H -2.687006 2.687006 5.374012
L 0.000000 2.687006 2.687006


-72.370000	7b70191a0
10

D 0.000000 0.000000 0.000000
R 2.687006 2.687006 0.000000
V 0.000000 2.687006 -2.687006
Y -2.687006 5.374012 -2.687006
I -2.687006 2.687006 0.000000
H -5.374012 5.374012 0.000000
P -2.687006 8.061017 0.000000
F 0.000000 5.374012 0.000000
H -2.687006 5.374012 2.687006
L 0.000000 2.687006 2.687006


-72.350000	3b4681510
10

D 0.000000 0.000000 0.000000
R 2.687006 2.687006 0.000000
V 0.000000 5.374012 0.000000
Y 2.687006 5.374012 -2.687006
I 0.000000 8.061017 -2.687006
H 0.000000 5.374012 -5.374012
P -2.687006 2.687006 -5.374012
F 0.000000 2.687006 -2.687006
H -2.687006 2.687006 0.000000
L -2.687006 5.374012 -2.687006


-72.350000	2a5691410
10

D 0.000000 0.000000 0.000000
R 2.687006 2.687006 0.000000
V 0.000000 5.374012 0.000000
Y 2.687006 5.374012 2.687006
I 0.000000 8.061017 2.687006
H 0.000000 5.374012 5.374012
P -2.687006 2.687006 5.374012
F 0.000000 2.687006 2.687006
H -2.687006 2.687006 0.000000
L -2.687006 5.374012 2.687006


-72.330000	7276141a0
10

D 0.000000 0.000000 0.000000
R 2.687006 2.687006 0.000000
V 0.000000 2.687006 -2.687006
Y -2.687006 5.374012 -2.687006
I 0.000000 5.374012 0.000000
H -2.687006 8.061017 0.000000
P -5.374012 5.374012 0.000000
F -2.687006 2.687006 0.000000
H -2.687006 5.374012 2.687006
L 0.000000 2.687006 2.687006


-72.200000	347a921a0
10

D 0.000000 0.000000 0.000000
R 2.687006 2.687006 0.000000
V 0.000000 2.687006 -2.687006
Y -2.687006 5.374012 -2.687006
I -2.687006 8.061017 0.000000
H -2.687006 5.374012 2.687006
P -5.374012 5.374012 0.000000
F -2.687006 2.687006 0.000000
H 0.000000 2.687006 2.687006
L 0.000000 5.374012 0.000000


-72.190000	2aa7b7210
10

D 0.000000 0.000000 0.000000
R 2.687006 2.687006 0.000000
V 0.000000 5.374012 0.000000
Y 0.000000 8.061017 2.687006
I 2.687006 5.374012 2.687006
H 0.000000 5.374012 5.374012
P 2.687006 2.687006 5.374012
F 0.000000 2.687006 2.687006
H -2.687006 2.687006 0.000000
L -2.687006 5.374012 2.687006


-72.190000	3bb7a7310
10

D 0.000000 0.000000 0.000000
R 2.687006 2.687006 0.000000
V 0.000000 5.374012 0.000000
Y 0.000000 8.061017 -2.687006
I 2.687006 5.374012 -2.687006
H 0.000000 5.374012 -5.374012
P 2.687006 2.687006 -5.374012
F 0.000000 2.687006 -2.687006
H -2.687006 2.687006 0.000000
L -2.687006 5.374012 -2.687006


-72.160000	143796140
10

D 0.000000 0.000000 0.000000
R 2.687006 2.687006 0.000000
V 5.374012 2.687006 2.687006
Y 2.687006 5.374012 2.687006
I 0.000000 2.687006 2.687006
H 0.000000 0.000000 5.374012
P 2.687006 -2.687006 5.374012
F 2.687006 0.000000 2.687006
H 5.374012 0.000000 5.374012
L 2.687006 2.687006 5.374012


-72.140000	157631910
10

D 0.000000 0.000000 0.000000
R 2.687006 2.687006 0.000000
V 0.000000 5.374012 0.000000
Y 0.000000 2.687006 2.687006
I -2.687006 5.374012 2.687006
H -2.687006 8.061017 0.000000
P -5.374012 5.374012 0.000000
F -2.687006 2.687006 0.000000
H 0.000000 2.687006 -2.687006
L -2.687006 5.374012 -2.687006


-72.140000	147621810
10

D 0.000000 0.000000 0.000000
R 2.687006 2.687006 0.000000
V 0.000000 5.374012 0.000000
Y 0.000000 2.687006 -2.687006
I -2.687006 5.374012 -2.687006
H -2.687006 8.061017 0.000000
P -5.374012 5.374012 0.000000
F -2.687006 2.687006 0.000000
H 0.000000 2.687006 2.687006
L -2.687006 5.374012 2.687006


-72.130000	592681510
10

D 0.000000 0.000000 0.000000
R 2.687006 2.687006 0.000000
V 0.000000 5.374012 0.000000
Y 2.687006 5.374012 -2.687006
I 0.000000 8.061017 -2.687006
H 0.000000 5.374012 -5.374012
P -2.687006 2.687006 -5.374012
F -2.687006 5.374012 -2.687006
H -2.687006 2.687006 0.000000
L 0.000000 2.687006 -2.687006


-72.130000	483691410
10

D 0.000000 0.000000 0.000000
R 2.687006 2.687006 0.000000
V 0.000000 5.374012 0.000000
Y 2.687006 5.374012 2.687006
I 0.000000 8.061017 2.687006
H 0.000000 5.374012 5.374012
P -2.687006 2.687006 5.374012
F -2.687006 5.374012 2.687006
H -2.687006 2.687006 0.000000
L 0.000000 2.687006 2.687006


-72.120000	a73496140
10

D 0.000000 0.000000 0.000000
R 2.687006 2.687006 0.000000
V 5.374012 2.687006 2.687006
Y 2.687006 5.374012 2.687006
I 0.000000 2.687006 2.687006
H 0.000000 0.000000 5.374012
P 2.687006 0.000000 8.061017
F 2.687006 2.687006 5.374012
H 5.374012 0.000000 5.374012
L 2.687006 0.000000 2.687006


-72.080000	595619140
10

D 0.000000 0.000000 0.000000
R 2.687006 2.687006 0.000000
V 5.374012 2.687006 2.687006
Y 2.687006 5.374012 2.687006
I 2.687006 2.687006 5.374012
H 0.000000 5.374012 5.374012
P -2.687006 2.687006 5.374012
F 0.000000 2.687006 2.687006
H 0.000000 0.000000 5.374012
L 2.687006 0.000000 2.687006


-72.070000	a9734b1a0
10

D 0.000000 0.000000 0.000000
R 2.687006 2.687006 0.000000
V 0.000000 2.687006 -2.687006
Y -2.687006 5.374012 -2.687006
I -5.374012 5.374012 0.000000
H -2.687006 5.374012 2.687006
P -2.687006 8.061017 0.000000
F 0.000000 5.374012 0.000000
H 0.000000 2.687006 2.687006
L -2.687006 2.687006 0.000000


-72.060000	4359a9a10
10

D 0.000000 0.000000 0.000000
R 2.687006 2.687006 0.000000
V 0.000000 5.374012 0.000000
Y -2.687006 5.374012 -2.687006
I -2.687006 2.687006 0.000000
H -5.374012 2.687006 -2.687006
P -5.374012 0.000000 0.000000
F -2.687006 0.000000 -2.687006
H -2.687006 2.687006 -5.374012
L 0.000000 2.687006 -2.687006


-72.060000	5248b8b10
10

D 0.000000 0.000000 0.000000
R 2.687006 2.687006 0.000000
V 0.000000 5.374012 0.000000
Y -2.687006 5.374012 2.687006
I -2.687006 2.687006 0.000000
H -5.374012 2.687006 2.687006
P -5.374012 0.000000 0.000000
F -2.687006 0.000000 2.687006
H -2.687006 2.687006 5.374012
L 0.000000 2.687006 2.687006


-72.060000	08a269540
10

D 0.000000 0.000000 0.000000
R 2.687006 2.687006 0.000000
V 5.374012 2.687006 2.687006
Y 8.061017 2.687006 0.000000
I 8.061017 0.000000 2.687006
H 5.374012 -2.687006 2.687006
P 5.374012 0.000000 5.374012
F 2.687006 0.000000 2.687006
H 2.687006 -2.687006 0.000000
L 5.374012 0.000000 0.000000


-72.060000	083b8b740
10

D 0.000000 0.000000 0.000000
R 2.687006 2.687006 0.000000
V 5.374012 2.687006 2.687006
Y 8.061017 0.000000 2.687006
I 5.374012 0.000000 5.374012
H 5.374012 -2.687006 2.687006
P 2.687006 -2.687006 5.374012
F 2.687006 0.000000 2.687006
H 2.687006 -2.687006 0.000000
L 5.374012 0.000000 0.000000


-71.980000	26a087b40
10

D 0.000000 0.000000 0.000000
R 2.687006 2.687006 0.000000
V 5.374012 2.687006 2.687006
Y 2.687006 2.687006 5.374012
I 5.374012 0.000000 5.374012
H 5.374012 -2.687006 2.687006
P 8.061017 0.000000 2.687006
F 5.374012 0.000000 0.000000
H 2.687006 -2.687006 0.000000
L 2.687006 0.000000 2.687006


-71.980000	261565940
10

D 0.000000 0.000000 0.000000
R 2.687006 2.687006 0.000000
V 5.374012 2.687006 2.687006
Y 5.374012 0.000000 5.374012
I 8.061017 0.000000 2.687006
H 5.374012 -2.687006 2.687006
P 8.061017 -2.687006 0.000000
F 5.374012 0.000000 0.000000
H 2.687006 -2.687006 0.000000
L 2.687006 0.000000 2.687006


-71.960000	3b3679140
10

D 0.000000 0.000000 0.000000
R 2.687006 2.687006 0.000000
V 5.374012 2.687006 2.687006
Y 2.687006 5.374012 2.687006
I 2.687006 2.687006 5.374012
H 5.374012 0.000000 5.374012
P 2.687006 -2.687006 5.374012
F 2.687006 0.000000 2.687006
H 0.000000 0.000000 5.374012
L 0.000000 2.687006 2.687006


-71.940000	596511940
10

D 0.000000 0.000000 0.000000
R 2.687006 2.687006 0.000000
V 5.374012 2.687006 2.687006
Y 5.374012 0.000000 5.374012
I 2.687006 2.687006 5.374012
H 0.000000 5.374012 5.374012
P 2.687006 5.374012 2.687006
F 0.000000 2.687006 2.687006
H 0.000000 0.000000 5.374012
L 2.687006 0.000000 2.687006


-71.870000	098b143a0
10

D 0.000000 0.000000 0.000000
R 2.687006 2.687006 0.000000
V 0.000000 2.687006 -2.687006
Y 0.000000 5.374012 -5.374012
I 2.687006 5.374012 -2.687006
H 0.000000 8.061017 -2.687006
P -2.687006 8.061017 0.000000
F -2.687006 5.374012 -2.687006
H -2.687006 2.687006 0.000000
L 0.000000 5.374012 0.000000


-71.840000	8b9502610
10

D 0.000000 0.000000 0.000000
R 2.687006 2.687006 0.000000
V 0.000000 5.374012 0.000000
Y -2.687006 2.687006 0.000000
I -2.687006 5.374012 2.687006
H 0.000000 8.061017 2.687006
P 2.687006 8.061017 0.000000
F 2.687006 5.374012 2.687006
H 0.000000 5.374012 5.374012
L 0.000000 2.687006 2.687006


-71.840000	9a8403610
10

D 0.000000 0.000000 0.000000
R 2.687006 2.687006 0.000000
V 0.000000 5.374012 0.000000
Y -2.687006 2.687006 0.000000
I -2.687006 5.374012 -2.687006
H 0.000000 8.061017 -2.687006
P 2.687006 8.061017 0.000000
F 2.687006 5.374012 -2.687006
H 0.000000 5.374012 -5.374012
L 0.000000 2.687006 -2.687006


-71.780000	4881b7210
10

D 0.000000 0.000000 0.000000
R 2.687006 2.687006 0.000000
V 0.000000 5.374012 0.000000
Y 0.000000 8.061017 2.687006
I 2.687006 5.374012 2.687006
H 0.000000 5.374012 5.374012
P -2.687006 8.061017 5.374012
F -2.687006 5.374012 2.687006
H -2.687006 2.687006 0.000000
L 0.000000 2.687006 2.687006


