-57.420000	6b3b07910
10

Q 0.000000 0.000000 0.000000
Y 2.687006 2.687006 0.000000
Q 0.000000 5.374012 0.000000
F 0.000000 2.687006 2.687006
W 2.687006 0.000000 2.687006
K 5.374012 2.687006 2.687006
N 2.687006 2.687006 5.374012
F 2.687006 5.374012 2.687006
Q 0.000000 5.374012 5.374012
T -2.687006 2.687006 5.374012


-57.420000	6a2a07810
10

Q 0.000000 0.000000 0.000000
Y 2.687006 2.687006 0.000000
Q 0.000000 5.374012 0.000000
F 0.000000 2.687006 -2.687006
W 2.687006 0.000000 -2.687006
K 5.374012 2.687006 -2.687006
N 2.687006 2.687006 -5.374012
F 2.687006 5.374012 -2.687006
Q 0.000000 5.374012 -5.374012
T -2.687006 2.687006 -5.374012


-57.420000	7b8b70910
10

Q 0.000000 0.000000 0.000000
Y 2.687006 2.687006 0.000000
Q 0.000000 5.374012 0.000000
F 0.000000 2.687006 2.687006
W 2.687006 5.374012 2.687006
K 5.374012 2.687006 2.687006
N 2.687006 2.687006 5.374012
F 2.687006 0.000000 2.687006
Q 0.000000 0.000000 5.374012
T 2.687006 -2.687006 5.374012


-57.420000	7a9a70810
10

Q 0.000000 0.000000 0.000000
Y 2.687006 2.687006 0.000000
Q 0.000000 5.374012 0.000000
F 0.000000 2.687006 -2.687006
W 2.687006 5.374012 -2.687006
K 5.374012 2.687006 -2.687006
N 2.687006 2.687006 -5.374012
F 2.687006 0.000000 -2.687006
Q 0.000000 0.000000 -5.374012
T 2.687006 -2.687006 -5.374012


-57.420000	0b3b07910
10

Q 0.000000 0.000000 0.000000
Y 2.687006 2.687006 0.000000
Q 0.000000 5.374012 0.000000
F 0.000000 2.687006 2.687006
W 2.687006 0.000000 2.687006
K 5.374012 2.687006 2.687006
N 2.687006 2.687006 5.374012
F 2.687006 5.374012 2.687006
Q 0.000000 5.374012 5.374012
T 2.687006 8.061017 5.374012


-57.420000	0a2a07810
10

Q 0.000000 0.000000 0.000000
Y 2.687006 2.687006 0.000000
Q 0.000000 5.374012 0.000000
F 0.000000 2.687006 -2.687006
W 2.687006 0.000000 -2.687006
K 5.374012 2.687006 -2.687006
N 2.687006 2.687006 -5.374012
F 2.687006 5.374012 -2.687006
Q 0.000000 5.374012 -5.374012
T 2.687006 8.061017 -5.374012


-57.420000	1b8b70910
10

Q 0.000000 0.000000 0.000000
Y 2.687006 2.687006 0.000000
Q 0.000000 5.374012 0.000000
F 0.000000 2.687006 2.687006
W 2.687006 5.374012 2.687006
K 5.374012 2.687006 2.687006
N 2.687006 2.687006 5.374012
F 2.687006 0.000000 2.687006
Q 0.000000 0.000000 5.374012
T -2.687006 2.687006 5.374012


-57.420000	1a9a70810
10

Q 0.000000 0.000000 0.000000
Y 2.687006 2.687006 0.000000
Q 0.000000 5.374012 0.000000
F 0.000000 2.687006 -2.687006
W 2.687006 5.374012 -2.687006
K 5.374012 2.687006 -2.687006
N 2.687006 2.687006 -5.374012
F 2.687006 0.000000 -2.687006
Q 0.000000 0.000000 -5.374012
T -2.687006 2.687006 -5.374012
