-48.300000	a245a8640
10

Y 0.000000 0.000000 0.000000
Y 2.687006 2.687006 0.000000
D 5.374012 2.687006 2.687006
P 2.687006 0.000000 2.687006
E 2.687006 -2.687006 0.000000
T 0.000000 -2.687006 -2.687006
G 2.687006 -2.687006 -5.374012
T 5.374012 -2.687006 -2.687006
W 5.374012 0.000000 0.000000
Y 2.687006 0.000000 -2.687006


-48.300000	30a6970a0
10

Y 0.000000 0.000000 0.000000
Y 2.687006 2.687006 0.000000
D 0.000000 2.687006 -2.687006
P 2.687006 5.374012 -2.687006
E 5.374012 2.687006 -2.687006
T 5.374012 0.000000 0.000000
G 2.687006 -2.687006 0.000000
T 0.000000 -2.687006 -2.687006
W 2.687006 0.000000 -2.687006
Y 2.687006 2.687006 -5.374012


-48.300000	8194076a0
10

Y 0.000000 0.000000 0.000000
Y 2.687006 2.687006 0.000000
D 0.000000 2.687006 -2.687006
P -2.687006 0.000000 -2.687006
E 0.000000 -2.687006 -2.687006
T 2.687006 0.000000 -2.687006
G 5.374012 0.000000 0.000000
T 5.374012 -2.687006 2.687006
W 2.687006 0.000000 2.687006
Y 2.687006 -2.687006 0.000000


-48.300000	8624076a0
10

Y 0.000000 0.000000 0.000000
Y 2.687006 2.687006 0.000000
D 0.000000 2.687006 -2.687006
P -2.687006 0.000000 -2.687006
E 0.000000 -2.687006 -2.687006
T 2.687006 0.000000 -2.687006
G 5.374012 0.000000 0.000000
T 5.374012 2.687006 2.687006
W 2.687006 0.000000 2.687006
Y 2.687006 -2.687006 0.000000


-48.300000	415876140
10

Y 0.000000 0.000000 0.000000
Y 2.687006 2.687006 0.000000
D 5.374012 2.687006 2.687006
P 2.687006 5.374012 2.687006
E 0.000000 2.687006 2.687006
T 2.687006 0.000000 2.687006
G 2.687006 -2.687006 0.000000
T 5.374012 -2.687006 -2.687006
W 2.687006 0.000000 -2.687006
Y 5.374012 0.000000 0.000000


-48.300000	5149670a0
10

Y 0.000000 0.000000 0.000000
Y 2.687006 2.687006 0.000000
D 0.000000 2.687006 -2.687006
P 2.687006 5.374012 -2.687006
E 5.374012 2.687006 -2.687006
T 2.687006 0.000000 -2.687006
G 2.687006 -2.687006 0.000000
T 5.374012 -2.687006 2.687006
W 2.687006 0.000000 2.687006
Y 5.374012 0.000000 0.000000


-48.300000	40a876140
10

Y 0.000000 0.000000 0.000000
Y 2.687006 2.687006 0.000000
D 5.374012 2.687006 2.687006
P 2.687006 5.374012 2.687006
E 0.000000 2.687006 2.687006
T 2.687006 0.000000 2.687006
G 2.687006 -2.687006 0.000000
T 0.000000 -2.687006 -2.687006
W 2.687006 0.000000 -2.687006
Y 5.374012 0.000000 0.000000


-48.300000	a630476a0
10

Y 0.000000 0.000000 0.000000
Y 2.687006 2.687006 0.000000
D 0.000000 2.687006 -2.687006
P -2.687006 0.000000 -2.687006
E 0.000000 -2.687006 -2.687006
T 2.687006 -2.687006 0.000000
G 5.374012 0.000000 0.000000
T 5.374012 2.687006 -2.687006
W 2.687006 0.000000 -2.687006
Y 0.000000 0.000000 -5.374012


-48.300000	50b9670a0
10

Y 0.000000 0.000000 0.000000
Y 2.687006 2.687006 0.000000
D 0.000000 2.687006 -2.687006
P 2.687006 5.374012 -2.687006
E 5.374012 2.687006 -2.687006
T 2.687006 0.000000 -2.687006
G 2.687006 -2.687006 0.000000
T 0.000000 -2.687006 2.687006
W 2.687006 0.000000 2.687006
Y 5.374012 0.000000 0.000000
