-60.090000	8420a7810
10

Q 0.000000 0.000000 0.000000
Y 2.687006 2.687006 0.000000
Q 0.000000 5.374012 0.000000
F 0.000000 2.687006 -2.687006
W 2.687006 0.000000 -2.687006
K 0.000000 0.000000 -5.374012
N 2.687006 2.687006 -5.374012
F 2.687006 5.374012 -2.687006
Q 5.374012 5.374012 0.000000
T 5.374012 2.687006 -2.687006


-60.090000	9530b7910
10

Q 0.000000 0.000000 0.000000
Y 2.687006 2.687006 0.000000
Q 0.000000 5.374012 0.000000
F 0.000000 2.687006 2.687006
W 2.687006 0.000000 2.687006
K 0.000000 0.000000 5.374012
N 2.687006 2.687006 5.374012
F 2.687006 5.374012 2.687006
Q 5.374012 5.374012 0.000000
T 5.374012 2.687006 2.687006


-60.090000	2587b0910
10

Q 0.000000 0.000000 0.000000
Y 2.687006 2.687006 0.000000
Q 0.000000 5.374012 0.000000
F 0.000000 2.687006 2.687006
W 2.687006 5.374012 2.687006
K 0.000000 5.374012 5.374012
N 2.687006 2.687006 5.374012
F 2.687006 0.000000 2.687006
Q 5.374012 0.000000 0.000000
T 5.374012 2.687006 2.687006


-60.090000	3497a0810
10

Q 0.000000 0.000000 0.000000
Y 2.687006 2.687006 0.000000
Q 0.000000 5.374012 0.000000
F 0.000000 2.687006 -2.687006
W 2.687006 5.374012 -2.687006
K 0.000000 5.374012 -5.374012
N 2.687006 2.687006 -5.374012
F 2.687006 0.000000 -2.687006
Q 5.374012 0.000000 0.000000
T 5.374012 2.687006 -2.687006
