-59.740000	592738640
10

Q 0.000000 0.000000 0.000000
Y 2.687006 2.687006 0.000000
Q 5.374012 2.687006 2.687006
F 2.687006 0.000000 2.687006
W 2.687006 -2.687006 0.000000
K 2.687006 0.000000 -2.687006
N 5.374012 -2.687006 -2.687006
F 5.374012 0.000000 0.000000
Q 5.374012 -2.687006 2.687006
T 8.061017 -2.687006 0.000000


-59.740000	198b32640
10

Q 0.000000 0.000000 0.000000
Y 2.687006 2.687006 0.000000
Q 5.374012 2.687006 2.687006
F 2.687006 0.000000 2.687006
W 2.687006 2.687006 5.374012
K 2.687006 5.374012 2.687006
N 0.000000 5.374012 5.374012
F 0.000000 2.687006 2.687006
Q 0.000000 0.000000 5.374012
T -2.687006 2.687006 5.374012


-59.740000	15a84b840
10

Q 0.000000 0.000000 0.000000
Y 2.687006 2.687006 0.000000
Q 5.374012 2.687006 2.687006
F 5.374012 0.000000 0.000000
W 2.687006 0.000000 2.687006
K 5.374012 0.000000 5.374012
N 5.374012 -2.687006 2.687006
F 2.687006 -2.687006 0.000000
Q 5.374012 -2.687006 -2.687006
T 2.687006 0.000000 -2.687006


-59.740000	523268b40
10

Q 0.000000 0.000000 0.000000
Y 2.687006 2.687006 0.000000
Q 5.374012 2.687006 2.687006
F 2.687006 2.687006 5.374012
W 2.687006 0.000000 2.687006
K 0.000000 -2.687006 2.687006
N 0.000000 0.000000 5.374012
F 0.000000 2.687006 2.687006
Q 0.000000 5.374012 5.374012
T 2.687006 5.374012 2.687006
