-59.860000	7b8b32640
10

Q 0.000000 0.000000 0.000000
Y 2.687006 2.687006 0.000000
Q 5.374012 2.687006 2.687006
F 2.687006 0.000000 2.687006
W 2.687006 2.687006 5.374012
K 2.687006 5.374012 2.687006
N 0.000000 5.374012 5.374012
F 0.000000 2.687006 2.687006
Q -2.687006 2.687006 5.374012
T 0.000000 0.000000 5.374012


-59.860000	b72738640
10

Q 0.000000 0.000000 0.000000
Y 2.687006 2.687006 0.000000
Q 5.374012 2.687006 2.687006
F 2.687006 0.000000 2.687006
W 2.687006 -2.687006 0.000000
K 2.687006 0.000000 -2.687006
N 5.374012 -2.687006 -2.687006
F 5.374012 0.000000 0.000000
Q 8.061017 -2.687006 0.000000
T 5.374012 -2.687006 2.687006


-59.860000	677314910
10

Q 0.000000 0.000000 0.000000
Y 2.687006 2.687006 0.000000
Q 0.000000 5.374012 0.000000
F 0.000000 2.687006 2.687006
W 2.687006 2.687006 5.374012
K 0.000000 5.374012 5.374012
N 0.000000 8.061017 2.687006
F 2.687006 5.374012 2.687006
Q 5.374012 2.687006 2.687006
T 2.687006 0.000000 2.687006


-59.860000	677215810
10

Q 0.000000 0.000000 0.000000
Y 2.687006 2.687006 0.000000
Q 0.000000 5.374012 0.000000
F 0.000000 2.687006 -2.687006
W 2.687006 2.687006 -5.374012
K 0.000000 5.374012 -5.374012
N 0.000000 8.061017 -2.687006
F 2.687006 5.374012 -2.687006
Q 5.374012 2.687006 -2.687006
T 2.687006 0.000000 -2.687006


-59.860000	100965810
10

Q 0.000000 0.000000 0.000000
Y 2.687006 2.687006 0.000000
Q 0.000000 5.374012 0.000000
F 0.000000 2.687006 -2.687006
W 2.687006 2.687006 -5.374012
K 0.000000 0.000000 -5.374012
N 0.000000 -2.687006 -2.687006
F 2.687006 0.000000 -2.687006
Q 5.374012 2.687006 -2.687006
T 2.687006 5.374012 -2.687006


-59.860000	100864910
10

Q 0.000000 0.000000 0.000000
Y 2.687006 2.687006 0.000000
Q 0.000000 5.374012 0.000000
F 0.000000 2.687006 2.687006
W 2.687006 2.687006 5.374012
K 0.000000 0.000000 5.374012
N 0.000000 -2.687006 2.687006
F 2.687006 0.000000 2.687006
Q 5.374012 2.687006 2.687006
T 2.687006 5.374012 2.687006


-59.860000	430a62640
10

Q 0.000000 0.000000 0.000000
Y 2.687006 2.687006 0.000000
Q 5.374012 2.687006 2.687006
F 2.687006 0.000000 2.687006
W 2.687006 2.687006 5.374012
K 0.000000 0.000000 5.374012
N -2.687006 0.000000 2.687006
F 0.000000 2.687006 2.687006
Q 0.000000 5.374012 0.000000
T 2.687006 5.374012 2.687006


-59.860000	63a048640
10

Q 0.000000 0.000000 0.000000
Y 2.687006 2.687006 0.000000
Q 5.374012 2.687006 2.687006
F 2.687006 0.000000 2.687006
W 2.687006 -2.687006 0.000000
K 5.374012 -2.687006 2.687006
N 8.061017 0.000000 2.687006
F 5.374012 0.000000 0.000000
Q 5.374012 2.687006 -2.687006
T 2.687006 0.000000 -2.687006
