-58.350000	1578b1800
10

Q 0.000000 0.000000 0.000000
Y 2.687006 2.687006 0.000000
Q 5.374012 5.374012 0.000000
F 5.374012 2.687006 -2.687006
W 2.687006 5.374012 -2.687006
K 0.000000 5.374012 0.000000
N 0.000000 2.687006 -2.687006
F 2.687006 0.000000 -2.687006
Q 5.374012 0.000000 -5.374012
T 2.687006 2.687006 -5.374012


-58.350000	156840810
10

Q 0.000000 0.000000 0.000000
Y 2.687006 2.687006 0.000000
Q 0.000000 5.374012 0.000000
F 0.000000 2.687006 -2.687006
W 2.687006 5.374012 -2.687006
K 5.374012 5.374012 0.000000
N 5.374012 2.687006 -2.687006
F 2.687006 0.000000 -2.687006
Q 5.374012 0.000000 -5.374012
T 2.687006 2.687006 -5.374012


-58.350000	1479a1900
10

Q 0.000000 0.000000 0.000000
Y 2.687006 2.687006 0.000000
Q 5.374012 5.374012 0.000000
F 5.374012 2.687006 2.687006
W 2.687006 5.374012 2.687006
K 0.000000 5.374012 0.000000
N 0.000000 2.687006 2.687006
F 2.687006 0.000000 2.687006
Q 5.374012 0.000000 5.374012
T 2.687006 2.687006 5.374012


-58.350000	146950910
10

Q 0.000000 0.000000 0.000000
Y 2.687006 2.687006 0.000000
Q 0.000000 5.374012 0.000000
F 0.000000 2.687006 2.687006
W 2.687006 5.374012 2.687006
K 5.374012 5.374012 0.000000
N 5.374012 2.687006 2.687006
F 2.687006 0.000000 2.687006
Q 5.374012 0.000000 5.374012
T 2.687006 2.687006 5.374012


-58.350000	731a97a00
10

Q 0.000000 0.000000 0.000000
Y 2.687006 2.687006 0.000000
Q 5.374012 5.374012 0.000000
F 2.687006 5.374012 -2.687006
W 5.374012 2.687006 -2.687006
K 5.374012 0.000000 0.000000
N 2.687006 0.000000 -2.687006
F 0.000000 2.687006 -2.687006
Q 0.000000 5.374012 -5.374012
T 2.687006 2.687006 -5.374012


-58.350000	721b87b00
10

Q 0.000000 0.000000 0.000000
Y 2.687006 2.687006 0.000000
Q 5.374012 5.374012 0.000000
F 2.687006 5.374012 2.687006
W 5.374012 2.687006 2.687006
K 5.374012 0.000000 0.000000
N 2.687006 0.000000 2.687006
F 0.000000 2.687006 2.687006
Q 0.000000 5.374012 5.374012
T 2.687006 2.687006 5.374012


-58.350000	651347810
10

Q 0.000000 0.000000 0.000000
Y 2.687006 2.687006 0.000000
Q 0.000000 5.374012 0.000000
F 0.000000 2.687006 -2.687006
W 2.687006 0.000000 -2.687006
K 5.374012 0.000000 0.000000
N 5.374012 2.687006 -2.687006
F 2.687006 5.374012 -2.687006
Q 5.374012 5.374012 -5.374012
T 2.687006 2.687006 -5.374012


-58.350000	641257910
10

Q 0.000000 0.000000 0.000000
Y 2.687006 2.687006 0.000000
Q 0.000000 5.374012 0.000000
F 0.000000 2.687006 2.687006
W 2.687006 0.000000 2.687006
K 5.374012 0.000000 0.000000
N 5.374012 2.687006 2.687006
F 2.687006 5.374012 2.687006
Q 5.374012 5.374012 5.374012
T 2.687006 2.687006 5.374012


-58.350000	15367b840
10

Q 0.000000 0.000000 0.000000
Y 2.687006 2.687006 0.000000
Q 5.374012 2.687006 2.687006
F 5.374012 0.000000 0.000000
W 2.687006 0.000000 2.687006
K 5.374012 -2.687006 2.687006
N 2.687006 -5.374012 2.687006
F 2.687006 -2.687006 0.000000
Q 5.374012 -2.687006 -2.687006
T 2.687006 0.000000 -2.687006
