-26.350000	69098a0a0
10

Q 0.000000 0.000000 0.000000
Y 2.687006 2.687006 0.000000
Q 0.000000 2.687006 -2.687006
F 2.687006 5.374012 -2.687006
W 0.000000 5.374012 -5.374012
K 0.000000 2.687006 -8.061017
N 0.000000 0.000000 -5.374012
F 2.687006 2.687006 -5.374012
Q 2.687006 0.000000 -2.687006
T 0.000000 -2.687006 -2.687006


-26.350000	6907621a0
10

Q 0.000000 0.000000 0.000000
Y 2.687006 2.687006 0.000000
Q 0.000000 2.687006 -2.687006
F -2.687006 5.374012 -2.687006
W -2.687006 8.061017 0.000000
K -5.374012 5.374012 0.000000
N -2.687006 2.687006 0.000000
F 0.000000 5.374012 0.000000
Q 0.000000 2.687006 2.687006
T -2.687006 0.000000 2.687006


-26.350000	57b8ab0a0
10

Q 0.000000 0.000000 0.000000
Y 2.687006 2.687006 0.000000
Q 0.000000 2.687006 -2.687006
F 2.687006 5.374012 -2.687006
W 0.000000 5.374012 0.000000
K -2.687006 5.374012 -2.687006
N -2.687006 2.687006 -5.374012
F -5.374012 2.687006 -2.687006
Q -2.687006 0.000000 -2.687006
T 0.000000 0.000000 -5.374012


-26.350000	2b7ba37a0
10

Q 0.000000 0.000000 0.000000
Y 2.687006 2.687006 0.000000
Q 0.000000 2.687006 -2.687006
F 2.687006 0.000000 -2.687006
W 2.687006 2.687006 -5.374012
K 0.000000 2.687006 -8.061017
N -2.687006 2.687006 -5.374012
F 0.000000 0.000000 -5.374012
Q -2.687006 0.000000 -2.687006
T -2.687006 2.687006 0.000000


-26.350000	a649650a0
10

Q 0.000000 0.000000 0.000000
Y 2.687006 2.687006 0.000000
Q 0.000000 2.687006 -2.687006
F 2.687006 5.374012 -2.687006
W 5.374012 5.374012 -5.374012
K 2.687006 2.687006 -5.374012
N 2.687006 0.000000 -2.687006
F 5.374012 0.000000 0.000000
Q 2.687006 -2.687006 0.000000
T 0.000000 -2.687006 -2.687006


-26.350000	7916a70a0
10

Q 0.000000 0.000000 0.000000
Y 2.687006 2.687006 0.000000
Q 0.000000 2.687006 -2.687006
F 2.687006 5.374012 -2.687006
W 5.374012 2.687006 -2.687006
K 2.687006 2.687006 -5.374012
N 0.000000 0.000000 -5.374012
F -2.687006 2.687006 -5.374012
Q -2.687006 0.000000 -2.687006
T 0.000000 -2.687006 -2.687006


-26.350000	8a96140a0
10

Q 0.000000 0.000000 0.000000
Y 2.687006 2.687006 0.000000
Q 0.000000 2.687006 -2.687006
F 2.687006 5.374012 -2.687006
W 5.374012 5.374012 0.000000
K 2.687006 8.061017 0.000000
N 0.000000 5.374012 0.000000
F 0.000000 2.687006 2.687006
Q -2.687006 2.687006 0.000000
T -2.687006 0.000000 -2.687006


-26.350000	6727612a0
10

Q 0.000000 0.000000 0.000000
Y 2.687006 2.687006 0.000000
Q 0.000000 2.687006 -2.687006
F 0.000000 5.374012 0.000000
W -2.687006 8.061017 0.000000
K -5.374012 5.374012 0.000000
N -2.687006 2.687006 0.000000
F -2.687006 5.374012 2.687006
Q 0.000000 2.687006 2.687006
T -2.687006 0.000000 2.687006


-26.350000	8818922a0
10

Q 0.000000 0.000000 0.000000
Y 2.687006 2.687006 0.000000
Q 0.000000 2.687006 -2.687006
F 0.000000 5.374012 0.000000
W 0.000000 8.061017 2.687006
K 0.000000 5.374012 5.374012
N 0.000000 2.687006 2.687006
F -2.687006 5.374012 2.687006
Q -2.687006 2.687006 0.000000
T -2.687006 0.000000 -2.687006


-26.350000	9818922a0
10

Q 0.000000 0.000000 0.000000
Y 2.687006 2.687006 0.000000
Q 0.000000 2.687006 -2.687006
F 0.000000 5.374012 0.000000
W 0.000000 8.061017 2.687006
K 0.000000 5.374012 5.374012
N 0.000000 2.687006 2.687006
F -2.687006 5.374012 2.687006
Q -2.687006 2.687006 0.000000
T -2.687006 0.000000 2.687006


-26.350000	2151697a0
10

Q 0.000000 0.000000 0.000000
Y 2.687006 2.687006 0.000000
Q 0.000000 2.687006 -2.687006
F 2.687006 0.000000 -2.687006
W 2.687006 -2.687006 0.000000
K 0.000000 -5.374012 0.000000
N -2.687006 -2.687006 0.000000
F 0.000000 -2.687006 -2.687006
Q -2.687006 0.000000 -2.687006
T -2.687006 2.687006 0.000000


-26.350000	2196a70a0
10

Q 0.000000 0.000000 0.000000
Y 2.687006 2.687006 0.000000
Q 0.000000 2.687006 -2.687006
F 2.687006 5.374012 -2.687006
W 5.374012 2.687006 -2.687006
K 2.687006 2.687006 -5.374012
N 0.000000 0.000000 -5.374012
F 0.000000 -2.687006 -2.687006
Q -2.687006 0.000000 -2.687006
T -2.687006 2.687006 0.000000


-26.350000	b959ba5a0
10

Q 0.000000 0.000000 0.000000
Y 2.687006 2.687006 0.000000
Q 0.000000 2.687006 -2.687006
F 2.687006 2.687006 -5.374012
W 0.000000 2.687006 -8.061017
K -2.687006 2.687006 -5.374012
N -2.687006 0.000000 -2.687006
F 0.000000 0.000000 -5.374012
Q 0.000000 -2.687006 -2.687006
T -2.687006 -2.687006 0.000000


-26.350000	3196a70a0
10

Q 0.000000 0.000000 0.000000
Y 2.687006 2.687006 0.000000
Q 0.000000 2.687006 -2.687006
F 2.687006 5.374012 -2.687006
W 5.374012 2.687006 -2.687006
K 2.687006 2.687006 -5.374012
N 0.000000 0.000000 -5.374012
F 0.000000 -2.687006 -2.687006
Q -2.687006 0.000000 -2.687006
T -2.687006 2.687006 -5.374012


-26.350000	7518692a0
10

Q 0.000000 0.000000 0.000000
Y 2.687006 2.687006 0.000000
Q 0.000000 2.687006 -2.687006
F 0.000000 5.374012 0.000000
W 0.000000 2.687006 2.687006
K -2.687006 0.000000 2.687006
N -2.687006 -2.687006 0.000000
F -5.374012 0.000000 0.000000
Q -2.687006 0.000000 -2.687006
T 0.000000 -2.687006 -2.687006


-26.350000	a64b845a0
10

Q 0.000000 0.000000 0.000000
Y 2.687006 2.687006 0.000000
Q 0.000000 2.687006 -2.687006
F 2.687006 2.687006 -5.374012
W 5.374012 2.687006 -2.687006
K 5.374012 0.000000 -5.374012
N 2.687006 0.000000 -2.687006
F 5.374012 0.000000 0.000000
Q 2.687006 -2.687006 0.000000
T 0.000000 -2.687006 -2.687006


-26.350000	2916a70a0
10

Q 0.000000 0.000000 0.000000
Y 2.687006 2.687006 0.000000
Q 0.000000 2.687006 -2.687006
F 2.687006 5.374012 -2.687006
W 5.374012 2.687006 -2.687006
K 2.687006 2.687006 -5.374012
N 0.000000 0.000000 -5.374012
F -2.687006 2.687006 -5.374012
Q -2.687006 0.000000 -2.687006
T -2.687006 2.687006 0.000000


-26.350000	3a96140a0
10

Q 0.000000 0.000000 0.000000
Y 2.687006 2.687006 0.000000
Q 0.000000 2.687006 -2.687006
F 2.687006 5.374012 -2.687006
W 5.374012 5.374012 0.000000
K 2.687006 8.061017 0.000000
N 0.000000 5.374012 0.000000
F 0.000000 2.687006 2.687006
Q -2.687006 2.687006 0.000000
T -2.687006 5.374012 -2.687006
