-48.960000	352762ba0
10

Y 0.000000 0.000000 0.000000
Y 2.687006 2.687006 0.000000
D 0.000000 2.687006 -2.687006
P -2.687006 2.687006 0.000000
E -2.687006 5.374012 2.687006
T -5.374012 2.687006 2.687006
G -2.687006 0.000000 2.687006
T -2.687006 2.687006 5.374012
W 0.000000 2.687006 2.687006
Y 0.000000 5.374012 0.000000


-48.960000	a8b70b2a0
10

Y 0.000000 0.000000 0.000000
Y 2.687006 2.687006 0.000000
D 0.000000 2.687006 -2.687006
P 0.000000 5.374012 0.000000
E -2.687006 5.374012 2.687006
T 0.000000 8.061017 2.687006
G 2.687006 5.374012 2.687006
T 0.000000 5.374012 5.374012
W 0.000000 2.687006 2.687006
Y -2.687006 2.687006 0.000000


-48.960000	a846142a0
10

Y 0.000000 0.000000 0.000000
Y 2.687006 2.687006 0.000000
D 0.000000 2.687006 -2.687006
P 0.000000 5.374012 0.000000
E 2.687006 5.374012 2.687006
T 0.000000 8.061017 2.687006
G -2.687006 5.374012 2.687006
T 0.000000 5.374012 5.374012
W 0.000000 2.687006 2.687006
Y -2.687006 2.687006 0.000000


-48.960000	359019ba0
10

Y 0.000000 0.000000 0.000000
Y 2.687006 2.687006 0.000000
D 0.000000 2.687006 -2.687006
P -2.687006 2.687006 0.000000
E -2.687006 0.000000 2.687006
T -5.374012 2.687006 2.687006
G -2.687006 5.374012 2.687006
T -2.687006 2.687006 5.374012
W 0.000000 2.687006 2.687006
Y 0.000000 5.374012 0.000000


-48.960000	9a24598a0
10

Y 0.000000 0.000000 0.000000
Y 2.687006 2.687006 0.000000
D 0.000000 2.687006 -2.687006
P 0.000000 0.000000 -5.374012
E 0.000000 -2.687006 -2.687006
T 2.687006 -2.687006 -5.374012
G 5.374012 -2.687006 -2.687006
T 5.374012 0.000000 0.000000
W 2.687006 0.000000 -2.687006
Y 2.687006 -2.687006 0.000000


-48.960000	43b9845a0
10

Y 0.000000 0.000000 0.000000
Y 2.687006 2.687006 0.000000
D 0.000000 2.687006 -2.687006
P 2.687006 2.687006 -5.374012
E 5.374012 2.687006 -2.687006
T 5.374012 0.000000 -5.374012
G 5.374012 -2.687006 -2.687006
T 2.687006 -2.687006 0.000000
W 2.687006 0.000000 -2.687006
Y 5.374012 0.000000 0.000000


-48.960000	52589ab40
10

Y 0.000000 0.000000 0.000000
Y 2.687006 2.687006 0.000000
D 5.374012 2.687006 2.687006
P 2.687006 2.687006 5.374012
E 0.000000 2.687006 2.687006
T 0.000000 0.000000 5.374012
G 0.000000 -2.687006 2.687006
T 2.687006 -2.687006 0.000000
W 2.687006 0.000000 2.687006
Y 5.374012 0.000000 0.000000
