-8.200000	202102301	0100011000011
10

Q 0.000000 0.000000 0.000000
Y 2.193931 2.193931 -2.193931
Q 4.387862 0.000000 -4.387862
F 6.581793 -2.193931 -2.193931
W 8.775724 0.000000 0.000000
K 6.581793 2.193931 2.193931
N 4.387862 0.000000 4.387862
F 2.193931 -2.193931 2.193931
Q 4.387862 -4.387862 0.000000
T 2.193931 -6.581793 -2.193931


-8.200000	302102301	1100011000011
10

Q 0.000000 0.000000 0.000000
Y 2.193931 2.193931 -2.193931
Q 4.387862 0.000000 -4.387862
F 6.581793 -2.193931 -2.193931
W 8.775724 0.000000 0.000000
K 6.581793 2.193931 2.193931
N 4.387862 0.000000 4.387862
F 2.193931 -2.193931 2.193931
Q 4.387862 -4.387862 0.000000
T 6.581793 -6.581793 2.193931


-6.190000	310312301	1110001110011
10

Q 0.000000 0.000000 0.000000
Y 2.193931 2.193931 -2.193931
Q 4.387862 0.000000 -4.387862
F 6.581793 -2.193931 -2.193931
W 8.775724 0.000000 0.000000
K 10.969655 2.193931 -2.193931
N 8.775724 4.387862 -4.387862
F 6.581793 6.581793 -2.193931
Q 4.387862 4.387862 0.000000
T 6.581793 2.193931 2.193931


-6.190000	130132101	1011001011010
10

Q 0.000000 0.000000 0.000000
Y 2.193931 2.193931 -2.193931
Q 4.387862 0.000000 -4.387862
F 6.581793 2.193931 -6.581793
W 8.775724 4.387862 -4.387862
K 10.969655 2.193931 -2.193931
N 8.775724 0.000000 -0.000000
F 6.581793 2.193931 2.193931
Q 4.387862 4.387862 -0.000000
T 6.581793 6.581793 -2.193931


-6.190000	120123101	1001001001110
10

Q 0.000000 0.000000 0.000000
Y 2.193931 2.193931 -2.193931
Q 4.387862 0.000000 -4.387862
F 6.581793 2.193931 -6.581793
W 4.387862 4.387862 -8.775724
K 2.193931 2.193931 -10.969655
N 0.000000 0.000000 -8.775724
F -2.193931 2.193931 -6.581793
Q 0.000000 4.387862 -4.387862
T 2.193931 6.581793 -6.581793


-6.000000	032132301	0011011011011
10

Q 0.000000 0.000000 0.000000
Y 2.193931 2.193931 -2.193931
Q 4.387862 0.000000 -4.387862
F 6.581793 -2.193931 -2.193931
W 8.775724 0.000000 0.000000
K 10.969655 -2.193931 2.193931
N 8.775724 -4.387862 4.387862
F 6.581793 -6.581793 2.193931
Q 4.387862 -4.387862 0.000000
T 2.193931 -2.193931 2.193931


-6.000000	030130301	0011001011001
10

Q 0.000000 0.000000 0.000000
Y 2.193931 2.193931 -2.193931
Q 4.387862 0.000000 -4.387862
F 6.581793 -2.193931 -2.193931
W 8.775724 -4.387862 -4.387862
K 10.969655 -6.581793 -2.193931
N 8.775724 -8.775724 0.000000
F 6.581793 -6.581793 2.193931
Q 4.387862 -4.387862 0.000000
T 2.193931 -2.193931 2.193931


-6.000000	020120301	0001001001001
10

Q 0.000000 0.000000 0.000000
Y 2.193931 2.193931 -2.193931
Q 4.387862 0.000000 -4.387862
F 6.581793 -2.193931 -2.193931
W 8.775724 -4.387862 -4.387862
K 6.581793 -6.581793 -6.581793
N 4.387862 -8.775724 -4.387862
F 2.193931 -6.581793 -2.193931
Q 4.387862 -4.387862 -0.000000
T 2.193931 -2.193931 2.193931


-6.000000	010320301	0010001101001
10

Q 0.000000 0.000000 0.000000
Y 2.193931 2.193931 -2.193931
Q 4.387862 0.000000 -4.387862
F 6.581793 -2.193931 -2.193931
W 8.775724 -4.387862 -4.387862
K 6.581793 -6.581793 -6.581793
N 4.387862 -4.387862 -8.775724
F 2.193931 -2.193931 -6.581793
Q 0.000000 -4.387862 -4.387862
T -2.193931 -2.193931 -2.193931


-6.000000	010130101	0010001011000
10

Q 0.000000 0.000000 0.000000
Y 2.193931 2.193931 -2.193931
Q 4.387862 0.000000 -4.387862
F 6.581793 2.193931 -6.581793
W 8.775724 0.000000 -8.775724
K 10.969655 -2.193931 -6.581793
N 8.775724 -4.387862 -4.387862
F 6.581793 -2.193931 -2.193931
Q 4.387862 -4.387862 -0.000000
T 2.193931 -2.193931 2.193931


-6.000000	010120101	0010001001000
10

Q 0.000000 0.000000 0.000000
Y 2.193931 2.193931 -2.193931
Q 4.387862 0.000000 -4.387862
F 6.581793 2.193931 -6.581793
W 8.775724 0.000000 -8.775724
K 6.581793 -2.193931 -10.969655
N 4.387862 -4.387862 -8.775724
F 2.193931 -2.193931 -6.581793
Q 0.000000 -4.387862 -4.387862
T -2.193931 -2.193931 -2.193931


-6.000000	013123101	0010111001110
10

Q 0.000000 0.000000 0.000000
Y 2.193931 2.193931 -2.193931
Q 4.387862 0.000000 -4.387862
F 6.581793 2.193931 -6.581793
W 4.387862 4.387862 -8.775724
K 2.193931 2.193931 -10.969655
N 0.000000 0.000000 -8.775724
F 2.193931 -2.193931 -6.581793
Q 0.000000 -4.387862 -4.387862
T -2.193931 -2.193931 -2.193931


-6.000000	012132101	0010011011010
10

Q 0.000000 0.000000 0.000000
Y 2.193931 2.193931 -2.193931
Q 4.387862 0.000000 -4.387862
F 6.581793 2.193931 -6.581793
W 8.775724 4.387862 -4.387862
K 10.969655 2.193931 -2.193931
N 8.775724 0.000000 -0.000000
F 6.581793 -2.193931 -2.193931
Q 4.387862 -4.387862 -0.000000
T 2.193931 -2.193931 2.193931


-5.980000	103102101	1000111000010
10

Q 0.000000 0.000000 0.000000
Y 2.193931 2.193931 -2.193931
Q 4.387862 0.000000 -4.387862
F 6.581793 2.193931 -6.581793
W 8.775724 4.387862 -4.387862
K 6.581793 6.581793 -2.193931
N 4.387862 4.387862 -0.000000
F 6.581793 2.193931 2.193931
Q 8.775724 0.000000 -0.000000
T 10.969655 2.193931 -2.193931


-5.980000	102103101	1000011000110
10

Q 0.000000 0.000000 0.000000
Y 2.193931 2.193931 -2.193931
Q 4.387862 0.000000 -4.387862
F 6.581793 2.193931 -6.581793
W 4.387862 4.387862 -8.775724
K 2.193931 6.581793 -6.581793
N 0.000000 4.387862 -4.387862
F -2.193931 2.193931 -6.581793
Q 0.000000 0.000000 -8.775724
T 2.193931 2.193931 -10.969655


-5.980000	301302301	1100101100011
10

Q 0.000000 0.000000 0.000000
Y 2.193931 2.193931 -2.193931
Q 4.387862 0.000000 -4.387862
F 6.581793 -2.193931 -2.193931
W 8.775724 0.000000 0.000000
K 6.581793 2.193931 2.193931
N 4.387862 4.387862 0.000000
F 6.581793 6.581793 -2.193931
Q 8.775724 4.387862 -4.387862
T 10.969655 2.193931 -2.193931


-5.390000	101201301	1000100100101
10

Q 0.000000 0.000000 0.000000
Y 2.193931 2.193931 -2.193931
Q 4.387862 0.000000 -4.387862
F 6.581793 -2.193931 -2.193931
W 4.387862 -4.387862 0.000000
K 2.193931 -2.193931 2.193931
N 4.387862 0.000000 4.387862
F 6.581793 2.193931 2.193931
Q 8.775724 0.000000 0.000000
T 10.969655 2.193931 -2.193931


-5.390000	301201301	1100100100101
10

Q 0.000000 0.000000 0.000000
Y 2.193931 2.193931 -2.193931
Q 4.387862 0.000000 -4.387862
F 6.581793 -2.193931 -2.193931
W 4.387862 -4.387862 0.000000
K 2.193931 -2.193931 2.193931
N 4.387862 0.000000 4.387862
F 6.581793 2.193931 2.193931
Q 8.775724 0.000000 0.000000
T 10.969655 -2.193931 2.193931


-5.120000	130131301	1011001011101
10

Q 0.000000 0.000000 0.000000
Y 2.193931 2.193931 -2.193931
Q 4.387862 0.000000 -4.387862
F 6.581793 -2.193931 -2.193931
W 4.387862 -4.387862 0.000000
K 6.581793 -6.581793 2.193931
N 4.387862 -8.775724 4.387862
F 2.193931 -6.581793 6.581793
Q 0.000000 -4.387862 4.387862
T 2.193931 -2.193931 2.193931


-5.120000	120121301	1001001001101
10

Q 0.000000 0.000000 0.000000
Y 2.193931 2.193931 -2.193931
Q 4.387862 0.000000 -4.387862
F 6.581793 -2.193931 -2.193931
W 4.387862 -4.387862 0.000000
K 2.193931 -6.581793 -2.193931
N 0.000000 -8.775724 0.000000
F -2.193931 -6.581793 2.193931
Q 0.000000 -4.387862 4.387862
T 2.193931 -2.193931 2.193931


-5.120000	230231301	0111000111101
10

Q 0.000000 0.000000 0.000000
Y 2.193931 2.193931 -2.193931
Q 4.387862 0.000000 -4.387862
F 6.581793 -2.193931 -2.193931
W 4.387862 -4.387862 0.000000
K 6.581793 -6.581793 2.193931
N 8.775724 -4.387862 4.387862
F 6.581793 -2.193931 6.581793
Q 4.387862 -0.000000 4.387862
T 2.193931 -2.193931 2.193931


-4.660000	210302301	0110001100011
10

Q 0.000000 0.000000 0.000000
Y 2.193931 2.193931 -2.193931
Q 4.387862 0.000000 -4.387862
F 6.581793 -2.193931 -2.193931
W 8.775724 0.000000 0.000000
K 6.581793 2.193931 2.193931
N 4.387862 4.387862 0.000000
F 2.193931 6.581793 2.193931
Q 0.000000 4.387862 4.387862
T -2.193931 2.193931 2.193931


-4.660000	210102101	0110001000010
10

Q 0.000000 0.000000 0.000000
Y 2.193931 2.193931 -2.193931
Q 4.387862 0.000000 -4.387862
F 6.581793 2.193931 -6.581793
W 8.775724 4.387862 -4.387862
K 6.581793 6.581793 -2.193931
N 4.387862 4.387862 -0.000000
F 2.193931 6.581793 2.193931
Q 0.000000 4.387862 4.387862
T -2.193931 2.193931 2.193931


-4.660000	213102101	0110111000010
10

Q 0.000000 0.000000 0.000000
Y 2.193931 2.193931 -2.193931
Q 4.387862 0.000000 -4.387862
F 6.581793 2.193931 -6.581793
W 8.775724 4.387862 -4.387862
K 6.581793 6.581793 -2.193931
N 4.387862 4.387862 -0.000000
F 6.581793 2.193931 2.193931
Q 4.387862 0.000000 4.387862
T 2.193931 -2.193931 2.193931


-4.660000	203102101	0100111000010
10

Q 0.000000 0.000000 0.000000
Y 2.193931 2.193931 -2.193931
Q 4.387862 0.000000 -4.387862
F 6.581793 2.193931 -6.581793
W 8.775724 4.387862 -4.387862
K 6.581793 6.581793 -2.193931
N 4.387862 4.387862 -0.000000
F 6.581793 2.193931 2.193931
Q 8.775724 0.000000 -0.000000
T 6.581793 -2.193931 -2.193931


-4.660000	310103101	1110001000110
10

Q 0.000000 0.000000 0.000000
Y 2.193931 2.193931 -2.193931
Q 4.387862 0.000000 -4.387862
F 6.581793 2.193931 -6.581793
W 4.387862 4.387862 -8.775724
K 2.193931 6.581793 -6.581793
N 0.000000 4.387862 -4.387862
F -2.193931 6.581793 -2.193931
Q -4.387862 4.387862 -0.000000
T -2.193931 2.193931 2.193931


-4.660000	312103101	1110011000110
10

Q 0.000000 0.000000 0.000000
Y 2.193931 2.193931 -2.193931
Q 4.387862 0.000000 -4.387862
F 6.581793 2.193931 -6.581793
W 4.387862 4.387862 -8.775724
K 2.193931 6.581793 -6.581793
N 0.000000 4.387862 -4.387862
F -2.193931 2.193931 -6.581793
Q -4.387862 0.000000 -4.387862
T -2.193931 -2.193931 -2.193931


-4.660000	201302301	0100101100011
10

Q 0.000000 0.000000 0.000000
Y 2.193931 2.193931 -2.193931
Q 4.387862 0.000000 -4.387862
F 6.581793 -2.193931 -2.193931
W 8.775724 0.000000 0.000000
K 6.581793 2.193931 2.193931
N 4.387862 4.387862 0.000000
F 6.581793 6.581793 -2.193931
Q 8.775724 4.387862 -4.387862
T 6.581793 2.193931 -6.581793


-4.660000	302103101	1100011000110
10

Q 0.000000 0.000000 0.000000
Y 2.193931 2.193931 -2.193931
Q 4.387862 0.000000 -4.387862
F 6.581793 2.193931 -6.581793
W 4.387862 4.387862 -8.775724
K 2.193931 6.581793 -6.581793
N 0.000000 4.387862 -4.387862
F -2.193931 2.193931 -6.581793
Q 0.000000 0.000000 -8.775724
T 2.193931 -2.193931 -6.581793


-4.510000	103101301	1000111000101
10

Q 0.000000 0.000000 0.000000
Y 2.193931 2.193931 -2.193931
Q 4.387862 0.000000 -4.387862
F 6.581793 -2.193931 -2.193931
W 4.387862 -4.387862 0.000000
K 2.193931 -2.193931 2.193931
N 0.000000 -4.387862 4.387862
F 2.193931 -6.581793 6.581793
Q 4.387862 -8.775724 4.387862
T 6.581793 -6.581793 2.193931


-4.510000	102101301	1000011000101
10

Q 0.000000 0.000000 0.000000
Y 2.193931 2.193931 -2.193931
Q 4.387862 0.000000 -4.387862
F 6.581793 -2.193931 -2.193931
W 4.387862 -4.387862 0.000000
K 2.193931 -2.193931 2.193931
N 0.000000 -4.387862 4.387862
F -2.193931 -6.581793 2.193931
Q 0.000000 -8.775724 0.000000
T 2.193931 -6.581793 -2.193931


-4.510000	203201301	0100110100101
10

Q 0.000000 0.000000 0.000000
Y 2.193931 2.193931 -2.193931
Q 4.387862 0.000000 -4.387862
F 6.581793 -2.193931 -2.193931
W 4.387862 -4.387862 0.000000
K 2.193931 -2.193931 2.193931
N 4.387862 0.000000 4.387862
F 6.581793 -2.193931 6.581793
Q 8.775724 -4.387862 4.387862
T 6.581793 -6.581793 2.193931


-4.260000	031201301	0011100100101
10

Q 0.000000 0.000000 0.000000
Y 2.193931 2.193931 -2.193931
Q 4.387862 0.000000 -4.387862
F 6.581793 -2.193931 -2.193931
W 4.387862 -4.387862 0.000000
K 2.193931 -2.193931 2.193931
N 4.387862 0.000000 4.387862
F 6.581793 2.193931 2.193931
Q 4.387862 4.387862 0.000000
T 2.193931 6.581793 2.193931


-4.260000	131201301	1011100100101
10

Q 0.000000 0.000000 0.000000
Y 2.193931 2.193931 -2.193931
Q 4.387862 0.000000 -4.387862
F 6.581793 -2.193931 -2.193931
W 4.387862 -4.387862 0.000000
K 2.193931 -2.193931 2.193931
N 4.387862 0.000000 4.387862
F 6.581793 2.193931 2.193931
Q 4.387862 4.387862 0.000000
T 6.581793 6.581793 -2.193931


-4.100000	210321301	0110001101101
10

Q 0.000000 0.000000 0.000000
Y 2.193931 2.193931 -2.193931
Q 4.387862 0.000000 -4.387862
F 6.581793 -2.193931 -2.193931
W 4.387862 -4.387862 0.000000
K 2.193931 -6.581793 -2.193931
N 0.000000 -4.387862 -4.387862
F -2.193931 -2.193931 -2.193931
Q -4.387862 -4.387862 0.000000
T -6.581793 -6.581793 -2.193931


-4.100000	210320301	0110001101001
10

Q 0.000000 0.000000 0.000000
Y 2.193931 2.193931 -2.193931
Q 4.387862 0.000000 -4.387862
F 6.581793 -2.193931 -2.193931
W 8.775724 -4.387862 -4.387862
K 6.581793 -6.581793 -6.581793
N 4.387862 -4.387862 -8.775724
F 2.193931 -2.193931 -6.581793
Q 0.000000 -4.387862 -4.387862
T -2.193931 -6.581793 -6.581793


-4.100000	103203101	1000110100110
10

Q 0.000000 0.000000 0.000000
Y 2.193931 2.193931 -2.193931
Q 4.387862 0.000000 -4.387862
F 6.581793 2.193931 -6.581793
W 4.387862 4.387862 -8.775724
K 2.193931 6.581793 -6.581793
N 4.387862 8.775724 -4.387862
F 6.581793 6.581793 -2.193931
Q 8.775724 4.387862 -4.387862
T 10.969655 6.581793 -6.581793


-4.100000	321021301	1101100001101
10

Q 0.000000 0.000000 0.000000
Y 2.193931 2.193931 -2.193931
Q 4.387862 0.000000 -4.387862
F 6.581793 -2.193931 -2.193931
W 4.387862 -4.387862 0.000000
K 2.193931 -6.581793 -2.193931
N 4.387862 -8.775724 -4.387862
F 6.581793 -6.581793 -6.581793
Q 8.775724 -4.387862 -4.387862
T 10.969655 -6.581793 -2.193931


-4.100000	210310101	0110001110000
10

Q 0.000000 0.000000 0.000000
Y 2.193931 2.193931 -2.193931
Q 4.387862 0.000000 -4.387862
F 6.581793 2.193931 -6.581793
W 8.775724 0.000000 -8.775724
K 10.969655 2.193931 -10.969655
N 8.775724 4.387862 -13.163586
F 6.581793 6.581793 -10.969655
Q 4.387862 4.387862 -8.775724
T 2.193931 2.193931 -10.969655


-4.100000	103123101	1000111001110
10

Q 0.000000 0.000000 0.000000
Y 2.193931 2.193931 -2.193931
Q 4.387862 0.000000 -4.387862
F 6.581793 2.193931 -6.581793
W 4.387862 4.387862 -8.775724
K 2.193931 2.193931 -10.969655
N 0.000000 0.000000 -8.775724
F 2.193931 -2.193931 -6.581793
Q 4.387862 -4.387862 -8.775724
T 6.581793 -2.193931 -10.969655


-4.100000	210130101	0110001011000
10

Q 0.000000 0.000000 0.000000
Y 2.193931 2.193931 -2.193931
Q 4.387862 0.000000 -4.387862
F 6.581793 2.193931 -6.581793
W 8.775724 0.000000 -8.775724
K 10.969655 -2.193931 -6.581793
N 8.775724 -4.387862 -4.387862
F 6.581793 -2.193931 -2.193931
Q 4.387862 -4.387862 -0.000000
T 2.193931 -6.581793 -2.193931


-4.100000	032312301	0011011110011
10

Q 0.000000 0.000000 0.000000
Y 2.193931 2.193931 -2.193931
Q 4.387862 0.000000 -4.387862
F 6.581793 -2.193931 -2.193931
W 8.775724 0.000000 0.000000
K 10.969655 2.193931 -2.193931
N 8.775724 4.387862 -4.387862
F 6.581793 2.193931 -6.581793
Q 4.387862 4.387862 -8.775724
T 2.193931 6.581793 -6.581793


-4.100000	210120101	0110001001000
10

Q 0.000000 0.000000 0.000000
Y 2.193931 2.193931 -2.193931
Q 4.387862 0.000000 -4.387862
F 6.581793 2.193931 -6.581793
W 8.775724 0.000000 -8.775724
K 6.581793 -2.193931 -10.969655
N 4.387862 -4.387862 -8.775724
F 2.193931 -2.193931 -6.581793
Q 0.000000 -4.387862 -4.387862
T -2.193931 -6.581793 -6.581793


-4.100000	102132101	1000011011010
10

Q 0.000000 0.000000 0.000000
Y 2.193931 2.193931 -2.193931
Q 4.387862 0.000000 -4.387862
F 6.581793 2.193931 -6.581793
W 8.775724 4.387862 -4.387862
K 10.969655 2.193931 -2.193931
N 8.775724 0.000000 -0.000000
F 6.581793 -2.193931 -2.193931
Q 8.775724 -4.387862 -4.387862
T 10.969655 -2.193931 -6.581793


-4.100000	320310301	1101001110001
10

Q 0.000000 0.000000 0.000000
Y 2.193931 2.193931 -2.193931
Q 4.387862 0.000000 -4.387862
F 6.581793 -2.193931 -2.193931
W 8.775724 -4.387862 -4.387862
K 10.969655 -2.193931 -6.581793
N 8.775724 0.000000 -8.775724
F 6.581793 2.193931 -6.581793
Q 8.775724 4.387862 -4.387862
T 10.969655 2.193931 -2.193931


-4.100000	031321301	0011101101101
10

Q 0.000000 0.000000 0.000000
Y 2.193931 2.193931 -2.193931
Q 4.387862 0.000000 -4.387862
F 6.581793 -2.193931 -2.193931
W 4.387862 -4.387862 0.000000
K 2.193931 -6.581793 -2.193931
N 0.000000 -4.387862 -4.387862
F 2.193931 -2.193931 -6.581793
Q 0.000000 -0.000000 -8.775724
T -2.193931 2.193931 -6.581793


-4.100000	213123101	0110111001110
10

Q 0.000000 0.000000 0.000000
Y 2.193931 2.193931 -2.193931
Q 4.387862 0.000000 -4.387862
F 6.581793 2.193931 -6.581793
W 4.387862 4.387862 -8.775724
K 2.193931 2.193931 -10.969655
N 0.000000 0.000000 -8.775724
F 2.193931 -2.193931 -6.581793
Q 0.000000 -4.387862 -4.387862
T -2.193931 -6.581793 -6.581793


-4.100000	320130101	1101001011000
10

Q 0.000000 0.000000 0.000000
Y 2.193931 2.193931 -2.193931
Q 4.387862 0.000000 -4.387862
F 6.581793 2.193931 -6.581793
W 8.775724 0.000000 -8.775724
K 10.969655 -2.193931 -6.581793
N 8.775724 -4.387862 -4.387862
F 6.581793 -2.193931 -2.193931
Q 8.775724 0.000000 -0.000000
T 10.969655 -2.193931 2.193931


-4.100000	102312301	1000011110011
10

Q 0.000000 0.000000 0.000000
Y 2.193931 2.193931 -2.193931
Q 4.387862 0.000000 -4.387862
F 6.581793 -2.193931 -2.193931
W 8.775724 0.000000 0.000000
K 10.969655 2.193931 -2.193931
N 8.775724 4.387862 -4.387862
F 6.581793 2.193931 -6.581793
Q 8.775724 0.000000 -8.775724
T 10.969655 2.193931 -10.969655


-4.100000	102302101	1000011100010
10

Q 0.000000 0.000000 0.000000
Y 2.193931 2.193931 -2.193931
Q 4.387862 0.000000 -4.387862
F 6.581793 2.193931 -6.581793
W 8.775724 4.387862 -4.387862
K 6.581793 6.581793 -2.193931
N 4.387862 8.775724 -4.387862
F 2.193931 6.581793 -6.581793
Q 4.387862 4.387862 -8.775724
T 6.581793 6.581793 -10.969655


-4.100000	320120301	1101001001001
10

Q 0.000000 0.000000 0.000000
Y 2.193931 2.193931 -2.193931
Q 4.387862 0.000000 -4.387862
F 6.581793 -2.193931 -2.193931
W 8.775724 -4.387862 -4.387862
K 6.581793 -6.581793 -6.581793
N 4.387862 -8.775724 -4.387862
F 2.193931 -6.581793 -2.193931
Q 4.387862 -4.387862 -0.000000
T 6.581793 -6.581793 2.193931


-4.100000	213013101	0110110010110
10

Q 0.000000 0.000000 0.000000
Y 2.193931 2.193931 -2.193931
Q 4.387862 0.000000 -4.387862
F 6.581793 2.193931 -6.581793
W 4.387862 4.387862 -8.775724
K 6.581793 6.581793 -10.969655
N 8.775724 4.387862 -13.163586
F 10.969655 2.193931 -10.969655
Q 8.775724 0.000000 -8.775724
T 6.581793 -2.193931 -10.969655


-4.100000	031231301	0011100111101
10

Q 0.000000 0.000000 0.000000
Y 2.193931 2.193931 -2.193931
Q 4.387862 0.000000 -4.387862
F 6.581793 -2.193931 -2.193931
W 4.387862 -4.387862 0.000000
K 6.581793 -6.581793 2.193931
N 8.775724 -4.387862 4.387862
F 10.969655 -2.193931 2.193931
Q 8.775724 -0.000000 0.000000
T 6.581793 2.193931 2.193931


-4.100000	030321301	0011001101101
10

Q 0.000000 0.000000 0.000000
Y 2.193931 2.193931 -2.193931
Q 4.387862 0.000000 -4.387862
F 6.581793 -2.193931 -2.193931
W 4.387862 -4.387862 0.000000
K 2.193931 -6.581793 -2.193931
N 0.000000 -4.387862 -4.387862
F -2.193931 -2.193931 -2.193931
Q -4.387862 -0.000000 -4.387862
T -6.581793 2.193931 -2.193931


-4.100000	030320301	0011001101001
10

Q 0.000000 0.000000 0.000000
Y 2.193931 2.193931 -2.193931
Q 4.387862 0.000000 -4.387862
F 6.581793 -2.193931 -2.193931
W 8.775724 -4.387862 -4.387862
K 6.581793 -6.581793 -6.581793
N 4.387862 -4.387862 -8.775724
F 2.193931 -2.193931 -6.581793
Q 0.000000 -0.000000 -8.775724
T -2.193931 2.193931 -6.581793


-4.100000	212102301	0110011000011
10

Q 0.000000 0.000000 0.000000
Y 2.193931 2.193931 -2.193931
Q 4.387862 0.000000 -4.387862
F 6.581793 -2.193931 -2.193931
W 8.775724 0.000000 0.000000
K 6.581793 2.193931 2.193931
N 4.387862 0.000000 4.387862
F 2.193931 -2.193931 2.193931
Q 0.000000 -4.387862 4.387862
T -2.193931 -6.581793 2.193931


-4.100000	212132101	0110011011010
10

Q 0.000000 0.000000 0.000000
Y 2.193931 2.193931 -2.193931
Q 4.387862 0.000000 -4.387862
F 6.581793 2.193931 -6.581793
W 8.775724 4.387862 -4.387862
K 10.969655 2.193931 -2.193931
N 8.775724 0.000000 -0.000000
F 6.581793 -2.193931 -2.193931
Q 4.387862 -4.387862 -0.000000
T 2.193931 -6.581793 -2.193931


-4.100000	030310301	0011001110001
10

Q 0.000000 0.000000 0.000000
Y 2.193931 2.193931 -2.193931
Q 4.387862 0.000000 -4.387862
F 6.581793 -2.193931 -2.193931
W 8.775724 -4.387862 -4.387862
K 10.969655 -2.193931 -6.581793
N 8.775724 0.000000 -8.775724
F 6.581793 2.193931 -6.581793
Q 4.387862 4.387862 -8.775724
T 2.193931 6.581793 -6.581793


-4.100000	101321301	1000101101101
10

Q 0.000000 0.000000 0.000000
Y 2.193931 2.193931 -2.193931
Q 4.387862 0.000000 -4.387862
F 6.581793 -2.193931 -2.193931
W 4.387862 -4.387862 0.000000
K 2.193931 -6.581793 -2.193931
N 0.000000 -4.387862 -4.387862
F 2.193931 -2.193931 -6.581793
Q 4.387862 -4.387862 -8.775724
T 6.581793 -2.193931 -10.969655


-4.100000	212012101	0110010010010
10

Q 0.000000 0.000000 0.000000
Y 2.193931 2.193931 -2.193931
Q 4.387862 0.000000 -4.387862
F 6.581793 2.193931 -6.581793
W 8.775724 4.387862 -4.387862
K 10.969655 6.581793 -6.581793
N 13.163586 4.387862 -8.775724
F 10.969655 2.193931 -10.969655
Q 8.775724 0.000000 -8.775724
T 6.581793 -2.193931 -10.969655


-4.100000	030230301	0011000111001
10

Q 0.000000 0.000000 0.000000
Y 2.193931 2.193931 -2.193931
Q 4.387862 0.000000 -4.387862
F 6.581793 -2.193931 -2.193931
W 8.775724 -4.387862 -4.387862
K 10.969655 -6.581793 -2.193931
N 13.163586 -4.387862 0.000000
F 10.969655 -2.193931 2.193931
Q 8.775724 -0.000000 0.000000
T 6.581793 2.193931 2.193931


-4.100000	030230101	0011000111000
10

Q 0.000000 0.000000 0.000000
Y 2.193931 2.193931 -2.193931
Q 4.387862 0.000000 -4.387862
F 6.581793 2.193931 -6.581793
W 8.775724 0.000000 -8.775724
K 10.969655 -2.193931 -6.581793
N 13.163586 0.000000 -4.387862
F 10.969655 2.193931 -2.193931
Q 8.775724 4.387862 -4.387862
T 6.581793 6.581793 -2.193931


-4.100000	212012301	0110010010011
10

Q 0.000000 0.000000 0.000000
Y 2.193931 2.193931 -2.193931
Q 4.387862 0.000000 -4.387862
F 6.581793 -2.193931 -2.193931
W 8.775724 0.000000 0.000000
K 10.969655 2.193931 -2.193931
N 13.163586 0.000000 -4.387862
F 10.969655 -2.193931 -6.581793
Q 8.775724 -4.387862 -4.387862
T 6.581793 -6.581793 -6.581793


-4.100000	212312101	0110011110010
10

Q 0.000000 0.000000 0.000000
Y 2.193931 2.193931 -2.193931
Q 4.387862 0.000000 -4.387862
F 6.581793 2.193931 -6.581793
W 8.775724 4.387862 -4.387862
K 10.969655 6.581793 -6.581793
N 8.775724 8.775724 -8.775724
F 6.581793 6.581793 -10.969655
Q 4.387862 4.387862 -8.775724
T 2.193931 2.193931 -10.969655


-4.100000	323023101	1101110001110
10

Q 0.000000 0.000000 0.000000
Y 2.193931 2.193931 -2.193931
Q 4.387862 0.000000 -4.387862
F 6.581793 2.193931 -6.581793
W 4.387862 4.387862 -8.775724
K 2.193931 2.193931 -10.969655
N 4.387862 0.000000 -13.163586
F 6.581793 -2.193931 -10.969655
Q 8.775724 0.000000 -8.775724
T 10.969655 -2.193931 -6.581793


-4.100000	030120101	0011001001000
10

Q 0.000000 0.000000 0.000000
Y 2.193931 2.193931 -2.193931
Q 4.387862 0.000000 -4.387862
F 6.581793 2.193931 -6.581793
W 8.775724 0.000000 -8.775724
K 6.581793 -2.193931 -10.969655
N 4.387862 -4.387862 -8.775724
F 2.193931 -2.193931 -6.581793
Q 0.000000 0.000000 -8.775724
T -2.193931 2.193931 -6.581793


-4.100000	310321301	1110001101101
10

Q 0.000000 0.000000 0.000000
Y 2.193931 2.193931 -2.193931
Q 4.387862 0.000000 -4.387862
F 6.581793 -2.193931 -2.193931
W 4.387862 -4.387862 0.000000
K 2.193931 -6.581793 -2.193931
N 0.000000 -4.387862 -4.387862
F -2.193931 -2.193931 -2.193931
Q -4.387862 -4.387862 0.000000
T -2.193931 -6.581793 2.193931


-4.100000	310320301	1110001101001
10

Q 0.000000 0.000000 0.000000
Y 2.193931 2.193931 -2.193931
Q 4.387862 0.000000 -4.387862
F 6.581793 -2.193931 -2.193931
W 8.775724 -4.387862 -4.387862
K 6.581793 -6.581793 -6.581793
N 4.387862 -4.387862 -8.775724
F 2.193931 -2.193931 -6.581793
Q 0.000000 -4.387862 -4.387862
T 2.193931 -6.581793 -2.193931


-4.100000	132032101	1011010011010
10

Q 0.000000 0.000000 0.000000
Y 2.193931 2.193931 -2.193931
Q 4.387862 0.000000 -4.387862
F 6.581793 2.193931 -6.581793
W 8.775724 4.387862 -4.387862
K 10.969655 2.193931 -2.193931
N 13.163586 0.000000 -4.387862
F 10.969655 -2.193931 -6.581793
Q 8.775724 0.000000 -8.775724
T 10.969655 2.193931 -10.969655


-4.100000	310210301	1110000110001
10

Q 0.000000 0.000000 0.000000
Y 2.193931 2.193931 -2.193931
Q 4.387862 0.000000 -4.387862
F 6.581793 -2.193931 -2.193931
W 8.775724 -4.387862 -4.387862
K 10.969655 -2.193931 -6.581793
N 13.163586 0.000000 -4.387862
F 10.969655 2.193931 -2.193931
Q 8.775724 0.000000 -0.000000
T 10.969655 -2.193931 2.193931


-4.100000	310210101	1110000110000
10

Q 0.000000 0.000000 0.000000
Y 2.193931 2.193931 -2.193931
Q 4.387862 0.000000 -4.387862
F 6.581793 2.193931 -6.581793
W 8.775724 0.000000 -8.775724
K 10.969655 2.193931 -10.969655
N 13.163586 4.387862 -8.775724
F 10.969655 6.581793 -6.581793
Q 8.775724 4.387862 -4.387862
T 10.969655 2.193931 -2.193931


-4.100000	132032301	1011010011011
10

Q 0.000000 0.000000 0.000000
Y 2.193931 2.193931 -2.193931
Q 4.387862 0.000000 -4.387862
F 6.581793 -2.193931 -2.193931
W 8.775724 0.000000 0.000000
K 10.969655 -2.193931 2.193931
N 13.163586 -4.387862 0.000000
F 10.969655 -6.581793 -2.193931
Q 8.775724 -4.387862 -4.387862
T 10.969655 -2.193931 -6.581793


-4.100000	203123101	0100111001110
10

Q 0.000000 0.000000 0.000000
Y 2.193931 2.193931 -2.193931
Q 4.387862 0.000000 -4.387862
F 6.581793 2.193931 -6.581793
W 4.387862 4.387862 -8.775724
K 2.193931 2.193931 -10.969655
N 0.000000 0.000000 -8.775724
F 2.193931 -2.193931 -6.581793
Q 4.387862 -4.387862 -8.775724
T 2.193931 -6.581793 -10.969655


-4.100000	310130101	1110001011000
10

Q 0.000000 0.000000 0.000000
Y 2.193931 2.193931 -2.193931
Q 4.387862 0.000000 -4.387862
F 6.581793 2.193931 -6.581793
W 8.775724 0.000000 -8.775724
K 10.969655 -2.193931 -6.581793
N 8.775724 -4.387862 -4.387862
F 6.581793 -2.193931 -2.193931
Q 4.387862 -4.387862 -0.000000
T 6.581793 -6.581793 2.193931


-4.100000	132312301	1011011110011
10

Q 0.000000 0.000000 0.000000
Y 2.193931 2.193931 -2.193931
Q 4.387862 0.000000 -4.387862
F 6.581793 -2.193931 -2.193931
W 8.775724 0.000000 0.000000
K 10.969655 2.193931 -2.193931
N 8.775724 4.387862 -4.387862
F 6.581793 2.193931 -6.581793
Q 4.387862 4.387862 -8.775724
T 6.581793 6.581793 -10.969655


-4.100000	310120101	1110001001000
10

Q 0.000000 0.000000 0.000000
Y 2.193931 2.193931 -2.193931
Q 4.387862 0.000000 -4.387862
F 6.581793 2.193931 -6.581793
W 8.775724 0.000000 -8.775724
K 6.581793 -2.193931 -10.969655
N 4.387862 -4.387862 -8.775724
F 2.193931 -2.193931 -6.581793
Q 0.000000 -4.387862 -4.387862
T 2.193931 -6.581793 -2.193931


-4.100000	313213101	1110110110110
10

Q 0.000000 0.000000 0.000000
Y 2.193931 2.193931 -2.193931
Q 4.387862 0.000000 -4.387862
F 6.581793 2.193931 -6.581793
W 4.387862 4.387862 -8.775724
K 6.581793 6.581793 -10.969655
N 8.775724 8.775724 -8.775724
F 10.969655 6.581793 -6.581793
Q 8.775724 4.387862 -4.387862
T 10.969655 2.193931 -2.193931


-4.100000	131031301	1011100011101
10

Q 0.000000 0.000000 0.000000
Y 2.193931 2.193931 -2.193931
Q 4.387862 0.000000 -4.387862
F 6.581793 -2.193931 -2.193931
W 4.387862 -4.387862 0.000000
K 6.581793 -6.581793 2.193931
N 8.775724 -8.775724 0.000000
F 10.969655 -6.581793 -2.193931
Q 8.775724 -4.387862 -4.387862
T 10.969655 -2.193931 -6.581793


-4.100000	020320101	0001001101000
10

Q 0.000000 0.000000 0.000000
Y 2.193931 2.193931 -2.193931
Q 4.387862 0.000000 -4.387862
F 6.581793 2.193931 -6.581793
W 8.775724 0.000000 -8.775724
K 6.581793 -2.193931 -10.969655
N 4.387862 0.000000 -13.163586
F 2.193931 2.193931 -10.969655
Q 4.387862 4.387862 -8.775724
T 2.193931 6.581793 -6.581793


-4.100000	202132101	0100011011010
10

Q 0.000000 0.000000 0.000000
Y 2.193931 2.193931 -2.193931
Q 4.387862 0.000000 -4.387862
F 6.581793 2.193931 -6.581793
W 8.775724 4.387862 -4.387862
K 10.969655 2.193931 -2.193931
N 8.775724 0.000000 -0.000000
F 6.581793 -2.193931 -2.193931
Q 8.775724 -4.387862 -4.387862
T 6.581793 -6.581793 -6.581793


-4.100000	020310301	0001001110001
10

Q 0.000000 0.000000 0.000000
Y 2.193931 2.193931 -2.193931
Q 4.387862 0.000000 -4.387862
F 6.581793 -2.193931 -2.193931
W 8.775724 -4.387862 -4.387862
K 10.969655 -2.193931 -6.581793
N 8.775724 0.000000 -8.775724
F 6.581793 2.193931 -6.581793
Q 8.775724 4.387862 -4.387862
T 6.581793 6.581793 -2.193931


-4.100000	131321301	1011101101101
10

Q 0.000000 0.000000 0.000000
Y 2.193931 2.193931 -2.193931
Q 4.387862 0.000000 -4.387862
F 6.581793 -2.193931 -2.193931
W 4.387862 -4.387862 0.000000
K 2.193931 -6.581793 -2.193931
N 0.000000 -4.387862 -4.387862
F 2.193931 -2.193931 -6.581793
Q 0.000000 -0.000000 -8.775724
T 2.193931 2.193931 -10.969655


-4.100000	313123101	1110111001110
10

Q 0.000000 0.000000 0.000000
Y 2.193931 2.193931 -2.193931
Q 4.387862 0.000000 -4.387862
F 6.581793 2.193931 -6.581793
W 4.387862 4.387862 -8.775724
K 2.193931 2.193931 -10.969655
N 0.000000 0.000000 -8.775724
F 2.193931 -2.193931 -6.581793
Q 0.000000 -4.387862 -4.387862
T 2.193931 -6.581793 -2.193931


-4.100000	020130101	0001001011000
10

Q 0.000000 0.000000 0.000000
Y 2.193931 2.193931 -2.193931
Q 4.387862 0.000000 -4.387862
F 6.581793 2.193931 -6.581793
W 8.775724 0.000000 -8.775724
K 10.969655 -2.193931 -6.581793
N 8.775724 -4.387862 -4.387862
F 6.581793 -2.193931 -2.193931
Q 8.775724 0.000000 -0.000000
T 6.581793 2.193931 2.193931


-4.100000	202312301	0100011110011
10

Q 0.000000 0.000000 0.000000
Y 2.193931 2.193931 -2.193931
Q 4.387862 0.000000 -4.387862
F 6.581793 -2.193931 -2.193931
W 8.775724 0.000000 0.000000
K 10.969655 2.193931 -2.193931
N 8.775724 4.387862 -4.387862
F 6.581793 2.193931 -6.581793
Q 8.775724 0.000000 -8.775724
T 6.581793 -2.193931 -10.969655


-4.100000	202302101	0100011100010
10

Q 0.000000 0.000000 0.000000
Y 2.193931 2.193931 -2.193931
Q 4.387862 0.000000 -4.387862
F 6.581793 2.193931 -6.581793
W 8.775724 4.387862 -4.387862
K 6.581793 6.581793 -2.193931
N 4.387862 8.775724 -4.387862
F 2.193931 6.581793 -6.581793
Q 4.387862 4.387862 -8.775724
T 2.193931 2.193931 -10.969655


-4.100000	313013101	1110110010110
10

Q 0.000000 0.000000 0.000000
Y 2.193931 2.193931 -2.193931
Q 4.387862 0.000000 -4.387862
F 6.581793 2.193931 -6.581793
W 4.387862 4.387862 -8.775724
K 6.581793 6.581793 -10.969655
N 8.775724 4.387862 -13.163586
F 10.969655 2.193931 -10.969655
Q 8.775724 0.000000 -8.775724
T 10.969655 -2.193931 -6.581793


-4.100000	131231301	1011100111101
10

Q 0.000000 0.000000 0.000000
Y 2.193931 2.193931 -2.193931
Q 4.387862 0.000000 -4.387862
F 6.581793 -2.193931 -2.193931
W 4.387862 -4.387862 0.000000
K 6.581793 -6.581793 2.193931
N 8.775724 -4.387862 4.387862
F 10.969655 -2.193931 2.193931
Q 8.775724 -0.000000 0.000000
T 10.969655 2.193931 -2.193931


-4.100000	130321301	1011001101101
10

Q 0.000000 0.000000 0.000000
Y 2.193931 2.193931 -2.193931
Q 4.387862 0.000000 -4.387862
F 6.581793 -2.193931 -2.193931
W 4.387862 -4.387862 0.000000
K 2.193931 -6.581793 -2.193931
N 0.000000 -4.387862 -4.387862
F -2.193931 -2.193931 -2.193931
Q -4.387862 -0.000000 -4.387862
T -2.193931 2.193931 -6.581793


-4.100000	130320301	1011001101001
10

Q 0.000000 0.000000 0.000000
Y 2.193931 2.193931 -2.193931
Q 4.387862 0.000000 -4.387862
F 6.581793 -2.193931 -2.193931
W 8.775724 -4.387862 -4.387862
K 6.581793 -6.581793 -6.581793
N 4.387862 -4.387862 -8.775724
F 2.193931 -2.193931 -6.581793
Q 0.000000 -0.000000 -8.775724
T 2.193931 2.193931 -10.969655


-4.100000	312102301	1110011000011
10

Q 0.000000 0.000000 0.000000
Y 2.193931 2.193931 -2.193931
Q 4.387862 0.000000 -4.387862
F 6.581793 -2.193931 -2.193931
W 8.775724 0.000000 0.000000
K 6.581793 2.193931 2.193931
N 4.387862 0.000000 4.387862
F 2.193931 -2.193931 2.193931
Q 0.000000 -4.387862 4.387862
T 2.193931 -6.581793 6.581793


-4.100000	312132101	1110011011010
10

Q 0.000000 0.000000 0.000000
Y 2.193931 2.193931 -2.193931
Q 4.387862 0.000000 -4.387862
F 6.581793 2.193931 -6.581793
W 8.775724 4.387862 -4.387862
K 10.969655 2.193931 -2.193931
N 8.775724 0.000000 -0.000000
F 6.581793 -2.193931 -2.193931
Q 4.387862 -4.387862 -0.000000
T 6.581793 -6.581793 2.193931


-4.100000	130310301	1011001110001
10

Q 0.000000 0.000000 0.000000
Y 2.193931 2.193931 -2.193931
Q 4.387862 0.000000 -4.387862
F 6.581793 -2.193931 -2.193931
W 8.775724 -4.387862 -4.387862
K 10.969655 -2.193931 -6.581793
N 8.775724 0.000000 -8.775724
F 6.581793 2.193931 -6.581793
Q 4.387862 4.387862 -8.775724
T 6.581793 6.581793 -10.969655


-4.100000	201321301	0100101101101
10

Q 0.000000 0.000000 0.000000
Y 2.193931 2.193931 -2.193931
Q 4.387862 0.000000 -4.387862
F 6.581793 -2.193931 -2.193931
W 4.387862 -4.387862 0.000000
K 2.193931 -6.581793 -2.193931
N 0.000000 -4.387862 -4.387862
F 2.193931 -2.193931 -6.581793
Q 4.387862 -4.387862 -8.775724
T 2.193931 -6.581793 -10.969655


-4.100000	312012101	1110010010010
10

Q 0.000000 0.000000 0.000000
Y 2.193931 2.193931 -2.193931
Q 4.387862 0.000000 -4.387862
F 6.581793 2.193931 -6.581793
W 8.775724 4.387862 -4.387862
K 10.969655 6.581793 -6.581793
N 13.163586 4.387862 -8.775724
F 10.969655 2.193931 -10.969655
Q 8.775724 0.000000 -8.775724
T 10.969655 -2.193931 -6.581793


-4.100000	130230301	1011000111001
10

Q 0.000000 0.000000 0.000000
Y 2.193931 2.193931 -2.193931
Q 4.387862 0.000000 -4.387862
F 6.581793 -2.193931 -2.193931
W 8.775724 -4.387862 -4.387862
K 10.969655 -6.581793 -2.193931
N 13.163586 -4.387862 0.000000
F 10.969655 -2.193931 2.193931
Q 8.775724 -0.000000 0.000000
T 10.969655 2.193931 -2.193931


-4.100000	130230101	1011000111000
10

Q 0.000000 0.000000 0.000000
Y 2.193931 2.193931 -2.193931
Q 4.387862 0.000000 -4.387862
F 6.581793 2.193931 -6.581793
W 8.775724 0.000000 -8.775724
K 10.969655 -2.193931 -6.581793
N 13.163586 0.000000 -4.387862
F 10.969655 2.193931 -2.193931
Q 8.775724 4.387862 -4.387862
T 10.969655 6.581793 -6.581793


-4.100000	312012301	1110010010011
10

Q 0.000000 0.000000 0.000000
Y 2.193931 2.193931 -2.193931
Q 4.387862 0.000000 -4.387862
F 6.581793 -2.193931 -2.193931
W 8.775724 0.000000 0.000000
K 10.969655 2.193931 -2.193931
N 13.163586 0.000000 -4.387862
F 10.969655 -2.193931 -6.581793
Q 8.775724 -4.387862 -4.387862
T 10.969655 -6.581793 -2.193931


-4.100000	130120101	1011001001000
10

Q 0.000000 0.000000 0.000000
Y 2.193931 2.193931 -2.193931
Q 4.387862 0.000000 -4.387862
F 6.581793 2.193931 -6.581793
W 8.775724 0.000000 -8.775724
K 6.581793 -2.193931 -10.969655
N 4.387862 -4.387862 -8.775724
F 2.193931 -2.193931 -6.581793
Q 0.000000 0.000000 -8.775724
T 2.193931 2.193931 -10.969655


-4.100000	010321301	0010001101101
10

Q 0.000000 0.000000 0.000000
Y 2.193931 2.193931 -2.193931
Q 4.387862 0.000000 -4.387862
F 6.581793 -2.193931 -2.193931
W 4.387862 -4.387862 0.000000
K 2.193931 -6.581793 -2.193931
N 0.000000 -4.387862 -4.387862
F -2.193931 -2.193931 -2.193931
Q -4.387862 -4.387862 0.000000
T -6.581793 -2.193931 2.193931


