-26.950000	6809852a0
10

Q 0.000000 0.000000 0.000000
Y 2.687006 2.687006 0.000000
Q 0.000000 2.687006 -2.687006
F 0.000000 5.374012 0.000000
W 2.687006 5.374012 -2.687006
K 2.687006 2.687006 -5.374012
N 2.687006 0.000000 -2.687006
F 5.374012 2.687006 -2.687006
Q 5.374012 0.000000 -5.374012
T 2.687006 -2.687006 -5.374012


-26.950000	9809852a0
10

Q 0.000000 0.000000 0.000000
Y 2.687006 2.687006 0.000000
Q 0.000000 2.687006 -2.687006
F 0.000000 5.374012 0.000000
W 2.687006 5.374012 -2.687006
K 2.687006 2.687006 -5.374012
N 2.687006 0.000000 -2.687006
F 5.374012 2.687006 -2.687006
Q 5.374012 0.000000 -5.374012
T 5.374012 -2.687006 -2.687006


-26.950000	57aa9b0a0
10

Q 0.000000 0.000000 0.000000
Y 2.687006 2.687006 0.000000
Q 0.000000 2.687006 -2.687006
F 2.687006 5.374012 -2.687006
W 0.000000 5.374012 0.000000
K 0.000000 2.687006 2.687006
N -2.687006 2.687006 0.000000
F -5.374012 2.687006 -2.687006
Q -2.687006 0.000000 -2.687006
T 0.000000 0.000000 -5.374012


-26.950000	356a9b0a0
10

Q 0.000000 0.000000 0.000000
Y 2.687006 2.687006 0.000000
Q 0.000000 2.687006 -2.687006
F 2.687006 5.374012 -2.687006
W 0.000000 5.374012 0.000000
K 0.000000 2.687006 2.687006
N -2.687006 2.687006 0.000000
F -5.374012 0.000000 0.000000
Q -2.687006 0.000000 -2.687006
T -2.687006 2.687006 -5.374012


-26.950000	556a9b0a0
10

Q 0.000000 0.000000 0.000000
Y 2.687006 2.687006 0.000000
Q 0.000000 2.687006 -2.687006
F 2.687006 5.374012 -2.687006
W 0.000000 5.374012 0.000000
K 0.000000 2.687006 2.687006
N -2.687006 2.687006 0.000000
F -5.374012 0.000000 0.000000
Q -2.687006 0.000000 -2.687006
T 0.000000 0.000000 -5.374012


-26.950000	7627852a0
10

Q 0.000000 0.000000 0.000000
Y 2.687006 2.687006 0.000000
Q 0.000000 2.687006 -2.687006
F 0.000000 5.374012 0.000000
W 2.687006 5.374012 -2.687006
K 2.687006 2.687006 -5.374012
N 5.374012 0.000000 -5.374012
F 5.374012 2.687006 -2.687006
Q 2.687006 0.000000 -2.687006
T 5.374012 -2.687006 -2.687006


-26.950000	8627852a0
10

Q 0.000000 0.000000 0.000000
Y 2.687006 2.687006 0.000000
Q 0.000000 2.687006 -2.687006
F 0.000000 5.374012 0.000000
W 2.687006 5.374012 -2.687006
K 2.687006 2.687006 -5.374012
N 5.374012 0.000000 -5.374012
F 5.374012 2.687006 -2.687006
Q 2.687006 0.000000 -2.687006
T 2.687006 -2.687006 -5.374012


-26.950000	57a9ab0a0
10

Q 0.000000 0.000000 0.000000
Y 2.687006 2.687006 0.000000
Q 0.000000 2.687006 -2.687006
F 2.687006 5.374012 -2.687006
W 0.000000 5.374012 0.000000
K -2.687006 5.374012 -2.687006
N -2.687006 2.687006 0.000000
F -5.374012 2.687006 -2.687006
Q -2.687006 0.000000 -2.687006
T 0.000000 0.000000 -5.374012


-26.950000	77aa9b0a0
10

Q 0.000000 0.000000 0.000000
Y 2.687006 2.687006 0.000000
Q 0.000000 2.687006 -2.687006
F 2.687006 5.374012 -2.687006
W 0.000000 5.374012 0.000000
K 0.000000 2.687006 2.687006
N -2.687006 2.687006 0.000000
F -5.374012 2.687006 -2.687006
Q -2.687006 0.000000 -2.687006
T 0.000000 -2.687006 -2.687006


-26.950000	77a9ab0a0
10

Q 0.000000 0.000000 0.000000
Y 2.687006 2.687006 0.000000
Q 0.000000 2.687006 -2.687006
F 2.687006 5.374012 -2.687006
W 0.000000 5.374012 0.000000
K -2.687006 5.374012 -2.687006
N -2.687006 2.687006 0.000000
F -5.374012 2.687006 -2.687006
Q -2.687006 0.000000 -2.687006
T 0.000000 -2.687006 -2.687006


-26.950000	6627852a0
10

Q 0.000000 0.000000 0.000000
Y 2.687006 2.687006 0.000000
Q 0.000000 2.687006 -2.687006
F 0.000000 5.374012 0.000000
W 2.687006 5.374012 -2.687006
K 2.687006 2.687006 -5.374012
N 5.374012 0.000000 -5.374012
F 5.374012 2.687006 -2.687006
Q 2.687006 0.000000 -2.687006
T 0.000000 -2.687006 -2.687006


-26.950000	97aa9b0a0
10

Q 0.000000 0.000000 0.000000
Y 2.687006 2.687006 0.000000
Q 0.000000 2.687006 -2.687006
F 2.687006 5.374012 -2.687006
W 0.000000 5.374012 0.000000
K 0.000000 2.687006 2.687006
N -2.687006 2.687006 0.000000
F -5.374012 2.687006 -2.687006
Q -2.687006 0.000000 -2.687006
T -2.687006 -2.687006 0.000000


-26.950000	97a9ab0a0
10

Q 0.000000 0.000000 0.000000
Y 2.687006 2.687006 0.000000
Q 0.000000 2.687006 -2.687006
F 2.687006 5.374012 -2.687006
W 0.000000 5.374012 0.000000
K -2.687006 5.374012 -2.687006
N -2.687006 2.687006 0.000000
F -5.374012 2.687006 -2.687006
Q -2.687006 0.000000 -2.687006
T -2.687006 -2.687006 0.000000


-26.950000	756a9b0a0
10

Q 0.000000 0.000000 0.000000
Y 2.687006 2.687006 0.000000
Q 0.000000 2.687006 -2.687006
F 2.687006 5.374012 -2.687006
W 0.000000 5.374012 0.000000
K 0.000000 2.687006 2.687006
N -2.687006 2.687006 0.000000
F -5.374012 0.000000 0.000000
Q -2.687006 0.000000 -2.687006
T 0.000000 -2.687006 -2.687006


-26.950000	9627852a0
10

Q 0.000000 0.000000 0.000000
Y 2.687006 2.687006 0.000000
Q 0.000000 2.687006 -2.687006
F 0.000000 5.374012 0.000000
W 2.687006 5.374012 -2.687006
K 2.687006 2.687006 -5.374012
N 5.374012 0.000000 -5.374012
F 5.374012 2.687006 -2.687006
Q 2.687006 0.000000 -2.687006
T 2.687006 -2.687006 0.000000
