-49.440000	00a6b40a0
10

Y 0.000000 0.000000 0.000000
Y 2.687006 2.687006 0.000000
D 0.000000 2.687006 -2.687006
P 2.687006 5.374012 -2.687006
E 5.374012 5.374012 0.000000
T 2.687006 5.374012 2.687006
G 0.000000 2.687006 2.687006
T -2.687006 2.687006 0.000000
W 0.000000 5.374012 0.000000
Y 2.687006 8.061017 0.000000


-49.440000	6630296a0
10

Y 0.000000 0.000000 0.000000
Y 2.687006 2.687006 0.000000
D 0.000000 2.687006 -2.687006
P -2.687006 0.000000 -2.687006
E -2.687006 -2.687006 0.000000
T -2.687006 0.000000 2.687006
G 0.000000 2.687006 2.687006
T 0.000000 5.374012 0.000000
W -2.687006 2.687006 0.000000
Y -5.374012 0.000000 0.000000


-49.440000	10b963840
10

Y 0.000000 0.000000 0.000000
Y 2.687006 2.687006 0.000000
D 5.374012 2.687006 2.687006
P 5.374012 0.000000 0.000000
E 5.374012 2.687006 -2.687006
T 2.687006 0.000000 -2.687006
G 2.687006 -2.687006 0.000000
T 0.000000 -2.687006 2.687006
W 2.687006 0.000000 2.687006
Y 0.000000 2.687006 2.687006


-49.440000	736b95410
10

Y 0.000000 0.000000 0.000000
Y 2.687006 2.687006 0.000000
D 0.000000 5.374012 0.000000
P 2.687006 5.374012 2.687006
E 5.374012 5.374012 0.000000
T 5.374012 2.687006 2.687006
G 2.687006 2.687006 5.374012
T 0.000000 0.000000 5.374012
W 0.000000 2.687006 2.687006
Y 2.687006 0.000000 2.687006


-49.440000	726a84510
10

Y 0.000000 0.000000 0.000000
Y 2.687006 2.687006 0.000000
D 0.000000 5.374012 0.000000
P 2.687006 5.374012 -2.687006
E 5.374012 5.374012 0.000000
T 5.374012 2.687006 -2.687006
G 2.687006 2.687006 -5.374012
T 0.000000 0.000000 -5.374012
W 0.000000 2.687006 -2.687006
Y 2.687006 0.000000 -2.687006
