-58.070000	151a97a00
10

Q 0.000000 0.000000 0.000000
Y 2.687006 2.687006 0.000000
Q 5.374012 5.374012 0.000000
F 2.687006 5.374012 -2.687006
W 5.374012 2.687006 -2.687006
K 5.374012 0.000000 0.000000
N 2.687006 0.000000 -2.687006
F 0.000000 2.687006 -2.687006
Q 2.687006 2.687006 -5.374012
T 0.000000 5.374012 -5.374012


-58.070000	141b87b00
10

Q 0.000000 0.000000 0.000000
Y 2.687006 2.687006 0.000000
Q 5.374012 5.374012 0.000000
F 2.687006 5.374012 2.687006
W 5.374012 2.687006 2.687006
K 5.374012 0.000000 0.000000
N 2.687006 0.000000 2.687006
F 0.000000 2.687006 2.687006
Q 2.687006 2.687006 5.374012
T 0.000000 5.374012 5.374012


-58.070000	7378b1800
10

Q 0.000000 0.000000 0.000000
Y 2.687006 2.687006 0.000000
Q 5.374012 5.374012 0.000000
F 5.374012 2.687006 -2.687006
W 2.687006 5.374012 -2.687006
K 0.000000 5.374012 0.000000
N 0.000000 2.687006 -2.687006
F 2.687006 0.000000 -2.687006
Q 2.687006 2.687006 -5.374012
T 5.374012 0.000000 -5.374012


-58.070000	7279a1900
10

Q 0.000000 0.000000 0.000000
Y 2.687006 2.687006 0.000000
Q 5.374012 5.374012 0.000000
F 5.374012 2.687006 2.687006
W 2.687006 5.374012 2.687006
K 0.000000 5.374012 0.000000
N 0.000000 2.687006 2.687006
F 2.687006 0.000000 2.687006
Q 2.687006 2.687006 5.374012
T 5.374012 0.000000 5.374012


-58.070000	03a84b840
10

Q 0.000000 0.000000 0.000000
Y 2.687006 2.687006 0.000000
Q 5.374012 2.687006 2.687006
F 5.374012 0.000000 0.000000
W 2.687006 0.000000 2.687006
K 5.374012 0.000000 5.374012
N 5.374012 -2.687006 2.687006
F 2.687006 -2.687006 0.000000
Q 2.687006 0.000000 -2.687006
T 5.374012 2.687006 -2.687006


-58.070000	a03268b40
10

Q 0.000000 0.000000 0.000000
Y 2.687006 2.687006 0.000000
Q 5.374012 2.687006 2.687006
F 2.687006 2.687006 5.374012
W 2.687006 0.000000 2.687006
K 0.000000 -2.687006 2.687006
N 0.000000 0.000000 5.374012
F 0.000000 2.687006 2.687006
Q 2.687006 5.374012 2.687006
T 0.000000 5.374012 0.000000
