-28.000000	7649a50a0
10

Q 0.000000 0.000000 0.000000
Y 2.687006 2.687006 0.000000
Q 0.000000 2.687006 -2.687006
F 2.687006 5.374012 -2.687006
W 5.374012 5.374012 -5.374012
K 2.687006 5.374012 -8.061017
N 2.687006 2.687006 -5.374012
F 5.374012 2.687006 -2.687006
Q 2.687006 0.000000 -2.687006
T 5.374012 -2.687006 -2.687006


-28.000000	764b850a0
10

Q 0.000000 0.000000 0.000000
Y 2.687006 2.687006 0.000000
Q 0.000000 2.687006 -2.687006
F 2.687006 5.374012 -2.687006
W 5.374012 5.374012 -5.374012
K 5.374012 2.687006 -8.061017
N 2.687006 2.687006 -5.374012
F 5.374012 2.687006 -2.687006
Q 2.687006 0.000000 -2.687006
T 5.374012 -2.687006 -2.687006


-28.000000	8649a50a0
10

Q 0.000000 0.000000 0.000000
Y 2.687006 2.687006 0.000000
Q 0.000000 2.687006 -2.687006
F 2.687006 5.374012 -2.687006
W 5.374012 5.374012 -5.374012
K 2.687006 5.374012 -8.061017
N 2.687006 2.687006 -5.374012
F 5.374012 2.687006 -2.687006
Q 2.687006 0.000000 -2.687006
T 2.687006 -2.687006 -5.374012


-28.000000	864b850a0
10

Q 0.000000 0.000000 0.000000
Y 2.687006 2.687006 0.000000
Q 0.000000 2.687006 -2.687006
F 2.687006 5.374012 -2.687006
W 5.374012 5.374012 -5.374012
K 5.374012 2.687006 -8.061017
N 2.687006 2.687006 -5.374012
F 5.374012 2.687006 -2.687006
Q 2.687006 0.000000 -2.687006
T 2.687006 -2.687006 -5.374012


-28.000000	6647ab2a0
10

Q 0.000000 0.000000 0.000000
Y 2.687006 2.687006 0.000000
Q 0.000000 2.687006 -2.687006
F 0.000000 5.374012 0.000000
W -2.687006 5.374012 2.687006
K -5.374012 5.374012 0.000000
N -2.687006 2.687006 0.000000
F 0.000000 2.687006 2.687006
Q -2.687006 0.000000 2.687006
T -5.374012 -2.687006 2.687006


-28.000000	9647ab2a0
10

Q 0.000000 0.000000 0.000000
Y 2.687006 2.687006 0.000000
Q 0.000000 2.687006 -2.687006
F 0.000000 5.374012 0.000000
W -2.687006 5.374012 2.687006
K -5.374012 5.374012 0.000000
N -2.687006 2.687006 0.000000
F 0.000000 2.687006 2.687006
Q -2.687006 0.000000 2.687006
T -2.687006 -2.687006 5.374012


-28.000000	b647ab2a0
10

Q 0.000000 0.000000 0.000000
Y 2.687006 2.687006 0.000000
Q 0.000000 2.687006 -2.687006
F 0.000000 5.374012 0.000000
W -2.687006 5.374012 2.687006
K -5.374012 5.374012 0.000000
N -2.687006 2.687006 0.000000
F 0.000000 2.687006 2.687006
Q -2.687006 0.000000 2.687006
T -5.374012 0.000000 5.374012
