-50.490000	367342ba0
10

Y 0.000000 0.000000 0.000000
Y 2.687006 2.687006 0.000000
D 0.000000 2.687006 -2.687006
P -2.687006 2.687006 0.000000
E -2.687006 5.374012 2.687006
T 0.000000 5.374012 5.374012
G 0.000000 8.061017 2.687006
T 2.687006 5.374012 2.687006
W 0.000000 2.687006 2.687006
Y 0.000000 5.374012 0.000000


-50.490000	a07a9b2a0
10

Y 0.000000 0.000000 0.000000
Y 2.687006 2.687006 0.000000
D 0.000000 2.687006 -2.687006
P 0.000000 5.374012 0.000000
E -2.687006 5.374012 2.687006
T -2.687006 2.687006 5.374012
G -5.374012 2.687006 2.687006
T -2.687006 0.000000 2.687006
W 0.000000 2.687006 2.687006
Y -2.687006 2.687006 0.000000


-50.490000	a165942a0
10

Y 0.000000 0.000000 0.000000
Y 2.687006 2.687006 0.000000
D 0.000000 2.687006 -2.687006
P 0.000000 5.374012 0.000000
E 2.687006 5.374012 2.687006
T 2.687006 2.687006 5.374012
G 5.374012 2.687006 2.687006
T 2.687006 0.000000 2.687006
W 0.000000 2.687006 2.687006
Y -2.687006 2.687006 0.000000


-50.490000	310849ba0
10

Y 0.000000 0.000000 0.000000
Y 2.687006 2.687006 0.000000
D 0.000000 2.687006 -2.687006
P -2.687006 2.687006 0.000000
E -2.687006 0.000000 2.687006
T 0.000000 0.000000 5.374012
G 0.000000 -2.687006 2.687006
T 2.687006 0.000000 2.687006
W 0.000000 2.687006 2.687006
Y 0.000000 5.374012 0.000000
