-48.990000	016574b10
10

Y 0.000000 0.000000 0.000000
Y 2.687006 2.687006 0.000000
D 0.000000 5.374012 0.000000
P -2.687006 5.374012 2.687006
E 0.000000 5.374012 5.374012
T 2.687006 2.687006 5.374012
G 5.374012 2.687006 2.687006
T 2.687006 0.000000 2.687006
W 0.000000 2.687006 2.687006
Y 2.687006 5.374012 2.687006


-48.990000	016475a10
10

Y 0.000000 0.000000 0.000000
Y 2.687006 2.687006 0.000000
D 0.000000 5.374012 0.000000
P -2.687006 5.374012 -2.687006
E 0.000000 5.374012 -5.374012
T 2.687006 2.687006 -5.374012
G 5.374012 2.687006 -2.687006
T 2.687006 0.000000 -2.687006
W 0.000000 2.687006 -2.687006
Y 2.687006 5.374012 -2.687006


-48.990000	638b945a0
10

Y 0.000000 0.000000 0.000000
Y 2.687006 2.687006 0.000000
D 0.000000 2.687006 -2.687006
P 2.687006 2.687006 -5.374012
E 5.374012 2.687006 -2.687006
T 5.374012 0.000000 0.000000
G 2.687006 0.000000 2.687006
T 2.687006 -2.687006 0.000000
W 2.687006 0.000000 -2.687006
Y 0.000000 -2.687006 -2.687006


-48.990000	0a52498a0
10

Y 0.000000 0.000000 0.000000
Y 2.687006 2.687006 0.000000
D 0.000000 2.687006 -2.687006
P 0.000000 0.000000 -5.374012
E 0.000000 -2.687006 -2.687006
T 2.687006 -2.687006 0.000000
G 2.687006 0.000000 2.687006
T 5.374012 0.000000 0.000000
W 2.687006 0.000000 -2.687006
Y 5.374012 2.687006 -2.687006
