-57.620000	48b637510
10

Q 0.000000 0.000000 0.000000
Y 2.687006 2.687006 0.000000
Q 0.000000 5.374012 0.000000
F 2.687006 5.374012 -2.687006
W 5.374012 2.687006 -2.687006
K 5.374012 5.374012 -5.374012
N 2.687006 2.687006 -5.374012
F 0.000000 2.687006 -2.687006
Q 0.000000 0.000000 -5.374012
T 2.687006 0.000000 -2.687006


-57.620000	59a627410
10

Q 0.000000 0.000000 0.000000
Y 2.687006 2.687006 0.000000
Q 0.000000 5.374012 0.000000
F 2.687006 5.374012 2.687006
W 5.374012 2.687006 2.687006
K 5.374012 5.374012 5.374012
N 2.687006 2.687006 5.374012
F 0.000000 2.687006 2.687006
Q 0.000000 0.000000 5.374012
T 2.687006 0.000000 2.687006


-57.620000	54149a840
10

Q 0.000000 0.000000 0.000000
Y 2.687006 2.687006 0.000000
Q 5.374012 2.687006 2.687006
F 5.374012 0.000000 0.000000
W 2.687006 0.000000 -2.687006
K 2.687006 -2.687006 0.000000
N 5.374012 -2.687006 2.687006
F 2.687006 0.000000 2.687006
Q 5.374012 0.000000 5.374012
T 8.061017 0.000000 2.687006


-57.620000	8720a7810
10

Q 0.000000 0.000000 0.000000
Y 2.687006 2.687006 0.000000
Q 0.000000 5.374012 0.000000
F 0.000000 2.687006 -2.687006
W 2.687006 0.000000 -2.687006
K 0.000000 0.000000 -5.374012
N 2.687006 2.687006 -5.374012
F 2.687006 5.374012 -2.687006
Q 5.374012 2.687006 -2.687006
T 5.374012 0.000000 -5.374012


-57.620000	2087b0910
10

Q 0.000000 0.000000 0.000000
Y 2.687006 2.687006 0.000000
Q 0.000000 5.374012 0.000000
F 0.000000 2.687006 2.687006
W 2.687006 5.374012 2.687006
K 0.000000 5.374012 5.374012
N 2.687006 2.687006 5.374012
F 2.687006 0.000000 2.687006
Q 5.374012 2.687006 2.687006
T 5.374012 5.374012 5.374012


-57.620000	9730b7910
10

Q 0.000000 0.000000 0.000000
Y 2.687006 2.687006 0.000000
Q 0.000000 5.374012 0.000000
F 0.000000 2.687006 2.687006
W 2.687006 0.000000 2.687006
K 0.000000 0.000000 5.374012
N 2.687006 2.687006 5.374012
F 2.687006 5.374012 2.687006
Q 5.374012 2.687006 2.687006
T 5.374012 0.000000 5.374012


-57.620000	3097a0810
10

Q 0.000000 0.000000 0.000000
Y 2.687006 2.687006 0.000000
Q 0.000000 5.374012 0.000000
F 0.000000 2.687006 -2.687006
W 2.687006 5.374012 -2.687006
K 0.000000 5.374012 -5.374012
N 2.687006 2.687006 -5.374012
F 2.687006 0.000000 -2.687006
Q 5.374012 2.687006 -2.687006
T 5.374012 5.374012 -5.374012
