-49.660000	26475a910
10

Y 0.000000 0.000000 0.000000
Y 2.687006 2.687006 0.000000
D 0.000000 5.374012 0.000000
P 0.000000 2.687006 2.687006
E -2.687006 2.687006 0.000000
T 0.000000 2.687006 -2.687006
G 2.687006 0.000000 -2.687006
T 5.374012 0.000000 0.000000
W 2.687006 -2.687006 0.000000
Y 2.687006 0.000000 2.687006


-49.660000	36574b810
10

Y 0.000000 0.000000 0.000000
Y 2.687006 2.687006 0.000000
D 0.000000 5.374012 0.000000
P 0.000000 2.687006 -2.687006
E -2.687006 2.687006 0.000000
T 0.000000 2.687006 2.687006
G 2.687006 0.000000 2.687006
T 5.374012 0.000000 0.000000
W 2.687006 -2.687006 0.000000
Y 2.687006 0.000000 -2.687006


-49.660000	a0874b810
10

Y 0.000000 0.000000 0.000000
Y 2.687006 2.687006 0.000000
D 0.000000 5.374012 0.000000
P 0.000000 2.687006 -2.687006
E -2.687006 2.687006 0.000000
T 0.000000 2.687006 2.687006
G 2.687006 0.000000 2.687006
T 2.687006 -2.687006 0.000000
W 5.374012 0.000000 0.000000
Y 2.687006 0.000000 -2.687006


-49.660000	b0975a910
10

Y 0.000000 0.000000 0.000000
Y 2.687006 2.687006 0.000000
D 0.000000 5.374012 0.000000
P 0.000000 2.687006 2.687006
E -2.687006 2.687006 0.000000
T 0.000000 2.687006 -2.687006
G 2.687006 0.000000 -2.687006
T 2.687006 -2.687006 0.000000
W 5.374012 0.000000 0.000000
Y 2.687006 0.000000 2.687006


-49.660000	4b8a32640
10

Y 0.000000 0.000000 0.000000
Y 2.687006 2.687006 0.000000
D 5.374012 2.687006 2.687006
P 2.687006 0.000000 2.687006
E 2.687006 2.687006 5.374012
T 2.687006 5.374012 2.687006
G 0.000000 5.374012 0.000000
T 0.000000 2.687006 -2.687006
W -2.687006 2.687006 0.000000
Y 0.000000 2.687006 2.687006
