-57.770000	058461900
10

Q 0.000000 0.000000 0.000000
Y 2.687006 2.687006 0.000000
Q 5.374012 5.374012 0.000000
F 5.374012 2.687006 2.687006
W 2.687006 5.374012 2.687006
K 0.000000 2.687006 2.687006
N 2.687006 2.687006 5.374012
F 2.687006 0.000000 2.687006
Q 5.374012 0.000000 0.000000
T 8.061017 2.687006 0.000000


-57.770000	049561800
10

Q 0.000000 0.000000 0.000000
Y 2.687006 2.687006 0.000000
Q 5.374012 5.374012 0.000000
F 5.374012 2.687006 -2.687006
W 2.687006 5.374012 -2.687006
K 0.000000 2.687006 -2.687006
N 2.687006 2.687006 -5.374012
F 2.687006 0.000000 -2.687006
Q 5.374012 0.000000 0.000000
T 8.061017 2.687006 0.000000


-57.770000	03a267b00
10

Q 0.000000 0.000000 0.000000
Y 2.687006 2.687006 0.000000
Q 5.374012 5.374012 0.000000
F 2.687006 5.374012 2.687006
W 5.374012 2.687006 2.687006
K 2.687006 0.000000 2.687006
N 2.687006 2.687006 5.374012
F 0.000000 2.687006 2.687006
Q 0.000000 5.374012 0.000000
T 2.687006 8.061017 0.000000


-57.770000	02b367a00
10

Q 0.000000 0.000000 0.000000
Y 2.687006 2.687006 0.000000
Q 5.374012 5.374012 0.000000
F 2.687006 5.374012 -2.687006
W 5.374012 2.687006 -2.687006
K 2.687006 0.000000 -2.687006
N 2.687006 2.687006 -5.374012
F 0.000000 2.687006 -2.687006
Q 0.000000 5.374012 0.000000
T 2.687006 8.061017 0.000000


-57.770000	658b70910
10

Q 0.000000 0.000000 0.000000
Y 2.687006 2.687006 0.000000
Q 0.000000 5.374012 0.000000
F 0.000000 2.687006 2.687006
W 2.687006 5.374012 2.687006
K 5.374012 2.687006 2.687006
N 2.687006 2.687006 5.374012
F 2.687006 0.000000 2.687006
Q 5.374012 0.000000 0.000000
T 2.687006 -2.687006 0.000000


-57.770000	658461900
10

Q 0.000000 0.000000 0.000000
Y 2.687006 2.687006 0.000000
Q 5.374012 5.374012 0.000000
F 5.374012 2.687006 2.687006
W 2.687006 5.374012 2.687006
K 0.000000 2.687006 2.687006
N 2.687006 2.687006 5.374012
F 2.687006 0.000000 2.687006
Q 5.374012 0.000000 0.000000
T 2.687006 -2.687006 0.000000


-57.770000	649a70810
10

Q 0.000000 0.000000 0.000000
Y 2.687006 2.687006 0.000000
Q 0.000000 5.374012 0.000000
F 0.000000 2.687006 -2.687006
W 2.687006 5.374012 -2.687006
K 5.374012 2.687006 -2.687006
N 2.687006 2.687006 -5.374012
F 2.687006 0.000000 -2.687006
Q 5.374012 0.000000 0.000000
T 2.687006 -2.687006 0.000000


-57.770000	649561800
10

Q 0.000000 0.000000 0.000000
Y 2.687006 2.687006 0.000000
Q 5.374012 5.374012 0.000000
F 5.374012 2.687006 -2.687006
W 2.687006 5.374012 -2.687006
K 0.000000 2.687006 -2.687006
N 2.687006 2.687006 -5.374012
F 2.687006 0.000000 -2.687006
Q 5.374012 0.000000 0.000000
T 2.687006 -2.687006 0.000000


-57.770000	632a07810
10

Q 0.000000 0.000000 0.000000
Y 2.687006 2.687006 0.000000
Q 0.000000 5.374012 0.000000
F 0.000000 2.687006 -2.687006
W 2.687006 0.000000 -2.687006
K 5.374012 2.687006 -2.687006
N 2.687006 2.687006 -5.374012
F 2.687006 5.374012 -2.687006
Q 2.687006 8.061017 -5.374012
T 0.000000 5.374012 -5.374012


-57.770000	63a267b00
10

Q 0.000000 0.000000 0.000000
Y 2.687006 2.687006 0.000000
Q 5.374012 5.374012 0.000000
F 2.687006 5.374012 2.687006
W 5.374012 2.687006 2.687006
K 2.687006 0.000000 2.687006
N 2.687006 2.687006 5.374012
F 0.000000 2.687006 2.687006
Q 0.000000 5.374012 0.000000
T -2.687006 2.687006 0.000000


-57.770000	623b07910
10

Q 0.000000 0.000000 0.000000
Y 2.687006 2.687006 0.000000
Q 0.000000 5.374012 0.000000
F 0.000000 2.687006 2.687006
W 2.687006 0.000000 2.687006
K 5.374012 2.687006 2.687006
N 2.687006 2.687006 5.374012
F 2.687006 5.374012 2.687006
Q 2.687006 8.061017 5.374012
T 0.000000 5.374012 5.374012


-57.770000	198b70910
10

Q 0.000000 0.000000 0.000000
Y 2.687006 2.687006 0.000000
Q 0.000000 5.374012 0.000000
F 0.000000 2.687006 2.687006
W 2.687006 5.374012 2.687006
K 5.374012 2.687006 2.687006
N 2.687006 2.687006 5.374012
F 2.687006 0.000000 2.687006
Q 2.687006 -2.687006 5.374012
T 0.000000 0.000000 5.374012


-57.770000	62b367a00
10

Q 0.000000 0.000000 0.000000
Y 2.687006 2.687006 0.000000
Q 5.374012 5.374012 0.000000
F 2.687006 5.374012 -2.687006
W 5.374012 2.687006 -2.687006
K 2.687006 0.000000 -2.687006
N 2.687006 2.687006 -5.374012
F 0.000000 2.687006 -2.687006
Q 0.000000 5.374012 0.000000
T -2.687006 2.687006 0.000000


-57.770000	189a70810
10

Q 0.000000 0.000000 0.000000
Y 2.687006 2.687006 0.000000
Q 0.000000 5.374012 0.000000
F 0.000000 2.687006 -2.687006
W 2.687006 5.374012 -2.687006
K 5.374012 2.687006 -2.687006
N 2.687006 2.687006 -5.374012
F 2.687006 0.000000 -2.687006
Q 2.687006 -2.687006 -5.374012
T 0.000000 0.000000 -5.374012


-57.770000	153b07910
10

Q 0.000000 0.000000 0.000000
Y 2.687006 2.687006 0.000000
Q 0.000000 5.374012 0.000000
F 0.000000 2.687006 2.687006
W 2.687006 0.000000 2.687006
K 5.374012 2.687006 2.687006
N 2.687006 2.687006 5.374012
F 2.687006 5.374012 2.687006
Q 5.374012 5.374012 0.000000
T 2.687006 8.061017 0.000000


-57.770000	142a07810
10

Q 0.000000 0.000000 0.000000
Y 2.687006 2.687006 0.000000
Q 0.000000 5.374012 0.000000
F 0.000000 2.687006 -2.687006
W 2.687006 0.000000 -2.687006
K 5.374012 2.687006 -2.687006
N 2.687006 2.687006 -5.374012
F 2.687006 5.374012 -2.687006
Q 5.374012 5.374012 0.000000
T 2.687006 8.061017 0.000000
