2661, 2662, 2663, 3145, 3146, 3192, 3147, 3630, 3677, 3676, 3673, 3675, 4158, 3679, 3724, 3721, 3236, 3233, 2752, 2749
2176, 2661, 2662, 2663, 3145, 3146, 3192, 3147, 3630, 3677, 3196, 3199, 3681, 3634, 3637, 3111, 3153, 2671, 2669, 2184
2220, 2658, 2661, 2662, 2663, 3145, 2664, 3146, 3148, 3107, 3102, 3104, 3589, 3586, 3585, 3100, 3054, 2616, 2613, 2087
2179, 2705, 2658, 2661, 2662, 2663, 3145, 3102, 3148, 3629, 3144, 3625, 3628, 3631, 3672, 3670, 3187, 3185, 2703, 2698
2130, 2177, 2179, 2658, 2661, 2662, 2663, 3145, 3146, 3192, 3190, 3237, 3195, 3196, 3197, 2712, 2710, 2227, 2225, 1743
2173, 2130, 2177, 2176, 2614, 2661, 2662, 2663, 3145, 3146, 2667, 2668, 3150, 3149, 3106, 2624, 2622, 2139, 2137, 1656
1690, 1691, 2173, 2174, 2220, 2658, 2661, 2662, 2663, 3145, 2660, 3141, 3144, 3142, 3143, 3138, 2655, 2653, 2171, 2166
1688, 1691, 2170, 2173, 2174, 2220, 2658, 2661, 2662, 2663, 2704, 3186, 3191, 3190, 2752, 2749, 2746, 2745, 2260, 2257
3054, 3097, 3098, 3101, 2616, 2614, 2619, 2618, 2661, 2662, 2663, 2704, 2705, 2220, 2219, 2701, 2700, 3138, 3137, 3136
1698, 1703, 2182, 1699, 2181, 2183, 2178, 2177, 2135, 2661, 2662, 2663, 2660, 2619, 3102, 3149, 3150, 2712, 2713, 2714
2089, 2091, 2133, 2086, 2087, 2132, 2130, 2131, 2657, 2658, 2661, 2662, 2663, 3145, 3148, 3102, 2623, 2621, 2095, 2096
2122, 2127, 2126, 2169, 2171, 2172, 2175, 2216, 2701, 2658, 2176, 2661, 2662, 2663, 3145, 3098, 2616, 2613, 2566, 2084
1778, 1780, 1735, 1734, 1739, 2221, 1695, 1740, 2225, 2178, 2179, 2176, 2661, 2662, 2663, 2704, 2701, 2219, 2260, 2257
2696, 2699, 3181, 2655, 2654, 2659, 2656, 2610, 2657, 2615, 3098, 3145, 2619, 2661, 2662, 2663, 3189, 3188, 3187, 3713
2790, 2793, 2746, 2263, 2264, 2702, 2219, 2214, 2217, 2216, 2701, 2659, 2657, 2176, 2661, 2662, 2663, 3189, 3190, 3236
3622, 3143, 3626, 3625, 3099, 3098, 3103, 3100, 3054, 3101, 3102, 2623, 2620, 2617, 2135, 2661, 2662, 2663, 2704, 3186
3195, 3192, 3193, 3194, 3196, 3150, 2671, 3154, 2672, 2669, 2666, 2184, 2143, 2622, 2621, 2618, 2661, 2662, 2663, 2704
2219, 2220, 2175, 2170, 1691, 1692, 1647, 1689, 1646, 1648, 2130, 2133, 1607, 1652, 2137, 2139, 2618, 2661, 2662, 2663
