-59.760000	898b32640
10

Q 0.000000 0.000000 0.000000
Y 2.687006 2.687006 0.000000
Q 5.374012 2.687006 2.687006
F 2.687006 0.000000 2.687006
W 2.687006 2.687006 5.374012
K 2.687006 5.374012 2.687006
N 0.000000 5.374012 5.374012
F 0.000000 2.687006 2.687006
Q 0.000000 0.000000 5.374012
T 0.000000 -2.687006 2.687006


-59.760000	a98b32640
10

Q 0.000000 0.000000 0.000000
Y 2.687006 2.687006 0.000000
Q 5.374012 2.687006 2.687006
F 2.687006 0.000000 2.687006
W 2.687006 2.687006 5.374012
K 2.687006 5.374012 2.687006
N 0.000000 5.374012 5.374012
F 0.000000 2.687006 2.687006
Q 0.000000 0.000000 5.374012
T -2.687006 0.000000 2.687006


-59.760000	092738640
10

Q 0.000000 0.000000 0.000000
Y 2.687006 2.687006 0.000000
Q 5.374012 2.687006 2.687006
F 2.687006 0.000000 2.687006
W 2.687006 -2.687006 0.000000
K 2.687006 0.000000 -2.687006
N 5.374012 -2.687006 -2.687006
F 5.374012 0.000000 0.000000
Q 5.374012 -2.687006 2.687006
T 8.061017 0.000000 2.687006


-59.760000	292738640
10

Q 0.000000 0.000000 0.000000
Y 2.687006 2.687006 0.000000
Q 5.374012 2.687006 2.687006
F 2.687006 0.000000 2.687006
W 2.687006 -2.687006 0.000000
K 2.687006 0.000000 -2.687006
N 5.374012 -2.687006 -2.687006
F 5.374012 0.000000 0.000000
Q 5.374012 -2.687006 2.687006
T 5.374012 0.000000 5.374012


-59.760000	411659410
10

Q 0.000000 0.000000 0.000000
Y 2.687006 2.687006 0.000000
Q 0.000000 5.374012 0.000000
F 2.687006 5.374012 2.687006
W 2.687006 2.687006 5.374012
K 5.374012 2.687006 2.687006
N 2.687006 0.000000 2.687006
F 0.000000 2.687006 2.687006
Q -2.687006 5.374012 2.687006
T 0.000000 5.374012 5.374012


-59.760000	511648510
10

Q 0.000000 0.000000 0.000000
Y 2.687006 2.687006 0.000000
Q 0.000000 5.374012 0.000000
F 2.687006 5.374012 -2.687006
W 2.687006 2.687006 -5.374012
K 5.374012 2.687006 -2.687006
N 2.687006 0.000000 -2.687006
F 0.000000 2.687006 -2.687006
Q -2.687006 5.374012 -2.687006
T 0.000000 5.374012 -5.374012
