-48.280000	165029610
10

Y 0.000000 0.000000 0.000000
Y 2.687006 2.687006 0.000000
D 0.000000 5.374012 0.000000
P -2.687006 2.687006 0.000000
E -2.687006 0.000000 2.687006
T -2.687006 2.687006 5.374012
G 0.000000 5.374012 5.374012
T 2.687006 5.374012 2.687006
W 0.000000 2.687006 2.687006
Y -2.687006 5.374012 2.687006


-48.280000	164038610
10

Y 0.000000 0.000000 0.000000
Y 2.687006 2.687006 0.000000
D 0.000000 5.374012 0.000000
P -2.687006 2.687006 0.000000
E -2.687006 0.000000 -2.687006
T -2.687006 2.687006 -5.374012
G 0.000000 5.374012 -5.374012
T 2.687006 5.374012 -2.687006
W 0.000000 2.687006 -2.687006
Y -2.687006 5.374012 -2.687006


-48.280000	3529980a0
10

Y 0.000000 0.000000 0.000000
Y 2.687006 2.687006 0.000000
D 0.000000 2.687006 -2.687006
P 2.687006 5.374012 -2.687006
E 2.687006 2.687006 -5.374012
T 2.687006 0.000000 -2.687006
G 2.687006 -2.687006 0.000000
T 2.687006 0.000000 2.687006
W 5.374012 0.000000 0.000000
Y 5.374012 2.687006 -2.687006


-48.280000	a8b4456a0
10

Y 0.000000 0.000000 0.000000
Y 2.687006 2.687006 0.000000
D 0.000000 2.687006 -2.687006
P -2.687006 0.000000 -2.687006
E 0.000000 0.000000 -5.374012
T 2.687006 0.000000 -2.687006
G 5.374012 0.000000 0.000000
T 2.687006 0.000000 2.687006
W 2.687006 -2.687006 0.000000
Y 0.000000 -2.687006 -2.687006
