-59.410000	8b6734910
10

Q 0.000000 0.000000 0.000000
Y 2.687006 2.687006 0.000000
Q 0.000000 5.374012 0.000000
F 0.000000 2.687006 2.687006
W 2.687006 2.687006 5.374012
K 2.687006 5.374012 2.687006
N 5.374012 2.687006 2.687006
F 2.687006 0.000000 2.687006
Q 0.000000 0.000000 5.374012
T 0.000000 -2.687006 2.687006


-59.410000	ab1084910
10

Q 0.000000 0.000000 0.000000
Y 2.687006 2.687006 0.000000
Q 0.000000 5.374012 0.000000
F 0.000000 2.687006 2.687006
W 2.687006 2.687006 5.374012
K 2.687006 0.000000 2.687006
N 5.374012 2.687006 2.687006
F 2.687006 5.374012 2.687006
Q 0.000000 5.374012 5.374012
T -2.687006 5.374012 2.687006


-59.410000	9a6725810
10

Q 0.000000 0.000000 0.000000
Y 2.687006 2.687006 0.000000
Q 0.000000 5.374012 0.000000
F 0.000000 2.687006 -2.687006
W 2.687006 2.687006 -5.374012
K 2.687006 5.374012 -2.687006
N 5.374012 2.687006 -2.687006
F 2.687006 0.000000 -2.687006
Q 0.000000 0.000000 -5.374012
T 0.000000 -2.687006 -2.687006


-59.410000	ab6734910
10

Q 0.000000 0.000000 0.000000
Y 2.687006 2.687006 0.000000
Q 0.000000 5.374012 0.000000
F 0.000000 2.687006 2.687006
W 2.687006 2.687006 5.374012
K 2.687006 5.374012 2.687006
N 5.374012 2.687006 2.687006
F 2.687006 0.000000 2.687006
Q 0.000000 0.000000 5.374012
T -2.687006 0.000000 2.687006


-59.410000	ba1095810
10

Q 0.000000 0.000000 0.000000
Y 2.687006 2.687006 0.000000
Q 0.000000 5.374012 0.000000
F 0.000000 2.687006 -2.687006
W 2.687006 2.687006 -5.374012
K 2.687006 0.000000 -2.687006
N 5.374012 2.687006 -2.687006
F 2.687006 5.374012 -2.687006
Q 0.000000 5.374012 -5.374012
T -2.687006 5.374012 -2.687006


-59.410000	ba6725810
10

Q 0.000000 0.000000 0.000000
Y 2.687006 2.687006 0.000000
Q 0.000000 5.374012 0.000000
F 0.000000 2.687006 -2.687006
W 2.687006 2.687006 -5.374012
K 2.687006 5.374012 -2.687006
N 5.374012 2.687006 -2.687006
F 2.687006 0.000000 -2.687006
Q 0.000000 0.000000 -5.374012
T -2.687006 0.000000 -2.687006


-59.410000	2a1095810
10

Q 0.000000 0.000000 0.000000
Y 2.687006 2.687006 0.000000
Q 0.000000 5.374012 0.000000
F 0.000000 2.687006 -2.687006
W 2.687006 2.687006 -5.374012
K 2.687006 0.000000 -2.687006
N 5.374012 2.687006 -2.687006
F 2.687006 5.374012 -2.687006
Q 0.000000 5.374012 -5.374012
T 0.000000 8.061017 -2.687006


-59.410000	3b1084910
10

Q 0.000000 0.000000 0.000000
Y 2.687006 2.687006 0.000000
Q 0.000000 5.374012 0.000000
F 0.000000 2.687006 2.687006
W 2.687006 2.687006 5.374012
K 2.687006 0.000000 2.687006
N 5.374012 2.687006 2.687006
F 2.687006 5.374012 2.687006
Q 0.000000 5.374012 5.374012
T 0.000000 8.061017 2.687006
