-47.900000	80a629840
10

Y 0.000000 0.000000 0.000000
Y 2.687006 2.687006 0.000000
D 5.374012 2.687006 2.687006
P 5.374012 0.000000 0.000000
E 5.374012 -2.687006 2.687006
T 5.374012 0.000000 5.374012
G 2.687006 -2.687006 5.374012
T 0.000000 -2.687006 2.687006
W 2.687006 0.000000 2.687006
Y 2.687006 -2.687006 0.000000


-47.900000	226870910
10

Y 0.000000 0.000000 0.000000
Y 2.687006 2.687006 0.000000
D 0.000000 5.374012 0.000000
P 0.000000 2.687006 2.687006
E 2.687006 5.374012 2.687006
T 5.374012 2.687006 2.687006
G 5.374012 0.000000 0.000000
T 2.687006 -2.687006 0.000000
W 2.687006 0.000000 2.687006
Y 2.687006 2.687006 5.374012


-47.900000	336970810
10

Y 0.000000 0.000000 0.000000
Y 2.687006 2.687006 0.000000
D 0.000000 5.374012 0.000000
P 0.000000 2.687006 -2.687006
E 2.687006 5.374012 -2.687006
T 5.374012 2.687006 -2.687006
G 5.374012 0.000000 0.000000
T 2.687006 -2.687006 0.000000
W 2.687006 0.000000 -2.687006
Y 2.687006 2.687006 -5.374012
