-26.100000	05686b0a0
10

Q 0.000000 0.000000 0.000000
Y 2.687006 2.687006 0.000000
Q 0.000000 2.687006 -2.687006
F 2.687006 5.374012 -2.687006
W 0.000000 5.374012 0.000000
K -2.687006 2.687006 0.000000
N -2.687006 0.000000 -2.687006
F -5.374012 -2.687006 -2.687006
Q -2.687006 -2.687006 -5.374012
T 0.000000 0.000000 -5.374012


-26.100000	49a86b0a0
10

Q 0.000000 0.000000 0.000000
Y 2.687006 2.687006 0.000000
Q 0.000000 2.687006 -2.687006
F 2.687006 5.374012 -2.687006
W 0.000000 5.374012 0.000000
K -2.687006 2.687006 0.000000
N -2.687006 0.000000 -2.687006
F -5.374012 0.000000 -5.374012
Q -5.374012 -2.687006 -2.687006
T -2.687006 -2.687006 0.000000


-26.100000	03686b0a0
10

Q 0.000000 0.000000 0.000000
Y 2.687006 2.687006 0.000000
Q 0.000000 2.687006 -2.687006
F 2.687006 5.374012 -2.687006
W 0.000000 5.374012 0.000000
K -2.687006 2.687006 0.000000
N -2.687006 0.000000 -2.687006
F -5.374012 -2.687006 -2.687006
Q -5.374012 0.000000 -5.374012
T -2.687006 2.687006 -5.374012


-26.100000	47a86b0a0
10

Q 0.000000 0.000000 0.000000
Y 2.687006 2.687006 0.000000
Q 0.000000 2.687006 -2.687006
F 2.687006 5.374012 -2.687006
W 0.000000 5.374012 0.000000
K -2.687006 2.687006 0.000000
N -2.687006 0.000000 -2.687006
F -5.374012 0.000000 -5.374012
Q -2.687006 -2.687006 -5.374012
T 0.000000 -2.687006 -2.687006


-26.100000	45686b0a0
10

Q 0.000000 0.000000 0.000000
Y 2.687006 2.687006 0.000000
Q 0.000000 2.687006 -2.687006
F 2.687006 5.374012 -2.687006
W 0.000000 5.374012 0.000000
K -2.687006 2.687006 0.000000
N -2.687006 0.000000 -2.687006
F -5.374012 -2.687006 -2.687006
Q -2.687006 -2.687006 -5.374012
T 0.000000 -2.687006 -2.687006


-26.100000	01886b0a0
10

Q 0.000000 0.000000 0.000000
Y 2.687006 2.687006 0.000000
Q 0.000000 2.687006 -2.687006
F 2.687006 5.374012 -2.687006
W 0.000000 5.374012 0.000000
K -2.687006 2.687006 0.000000
N -2.687006 0.000000 -2.687006
F -2.687006 -2.687006 -5.374012
Q -5.374012 0.000000 -5.374012
T -2.687006 2.687006 -5.374012


-26.100000	98b1852a0
10

Q 0.000000 0.000000 0.000000
Y 2.687006 2.687006 0.000000
Q 0.000000 2.687006 -2.687006
F 0.000000 5.374012 0.000000
W 2.687006 5.374012 -2.687006
K 2.687006 2.687006 -5.374012
N 0.000000 5.374012 -5.374012
F -2.687006 5.374012 -2.687006
Q -2.687006 2.687006 -5.374012
T -2.687006 0.000000 -2.687006


-26.100000	76298a2a0
10

Q 0.000000 0.000000 0.000000
Y 2.687006 2.687006 0.000000
Q 0.000000 2.687006 -2.687006
F 0.000000 5.374012 0.000000
W -2.687006 5.374012 -2.687006
K -2.687006 2.687006 -5.374012
N -2.687006 0.000000 -2.687006
F -2.687006 2.687006 0.000000
Q -5.374012 0.000000 0.000000
T -2.687006 -2.687006 0.000000


-26.100000	07a86b0a0
10

Q 0.000000 0.000000 0.000000
Y 2.687006 2.687006 0.000000
Q 0.000000 2.687006 -2.687006
F 2.687006 5.374012 -2.687006
W 0.000000 5.374012 0.000000
K -2.687006 2.687006 0.000000
N -2.687006 0.000000 -2.687006
F -5.374012 0.000000 -5.374012
Q -2.687006 -2.687006 -5.374012
T 0.000000 0.000000 -5.374012


-26.100000	b65ab9540
10

Q 0.000000 0.000000 0.000000
Y 2.687006 2.687006 0.000000
Q 5.374012 2.687006 2.687006
F 8.061017 2.687006 0.000000
W 8.061017 0.000000 2.687006
K 5.374012 0.000000 5.374012
N 2.687006 0.000000 2.687006
F 5.374012 0.000000 0.000000
Q 2.687006 -2.687006 0.000000
T 0.000000 -2.687006 2.687006


-26.100000	4b886b0a0
10

Q 0.000000 0.000000 0.000000
Y 2.687006 2.687006 0.000000
Q 0.000000 2.687006 -2.687006
F 2.687006 5.374012 -2.687006
W 0.000000 5.374012 0.000000
K -2.687006 2.687006 0.000000
N -2.687006 0.000000 -2.687006
F -2.687006 -2.687006 -5.374012
Q -5.374012 -2.687006 -2.687006
T -2.687006 -2.687006 0.000000


-26.100000	89298a2a0
10

Q 0.000000 0.000000 0.000000
Y 2.687006 2.687006 0.000000
Q 0.000000 2.687006 -2.687006
F 0.000000 5.374012 0.000000
W -2.687006 5.374012 -2.687006
K -2.687006 2.687006 -5.374012
N -2.687006 0.000000 -2.687006
F -2.687006 2.687006 0.000000
Q -2.687006 0.000000 2.687006
T -2.687006 -2.687006 0.000000


-26.100000	45696b0a0
10

Q 0.000000 0.000000 0.000000
Y 2.687006 2.687006 0.000000
Q 0.000000 2.687006 -2.687006
F 2.687006 5.374012 -2.687006
W 0.000000 5.374012 0.000000
K -2.687006 2.687006 0.000000
N -2.687006 0.000000 2.687006
F -5.374012 -2.687006 2.687006
Q -2.687006 -2.687006 0.000000
T 0.000000 -2.687006 2.687006


-26.100000	895abb0a0
10

Q 0.000000 0.000000 0.000000
Y 2.687006 2.687006 0.000000
Q 0.000000 2.687006 -2.687006
F 2.687006 5.374012 -2.687006
W 0.000000 5.374012 0.000000
K -2.687006 5.374012 2.687006
N -5.374012 5.374012 0.000000
F -2.687006 5.374012 -2.687006
Q -2.687006 2.687006 0.000000
T -2.687006 0.000000 -2.687006


-26.100000	3367692a0
10

Q 0.000000 0.000000 0.000000
Y 2.687006 2.687006 0.000000
Q 0.000000 2.687006 -2.687006
F 0.000000 5.374012 0.000000
W 0.000000 2.687006 2.687006
K -2.687006 0.000000 2.687006
N 0.000000 -2.687006 2.687006
F -2.687006 -5.374012 2.687006
Q -2.687006 -2.687006 0.000000
T -2.687006 0.000000 -2.687006


-26.100000	8646b30a0
10

Q 0.000000 0.000000 0.000000
Y 2.687006 2.687006 0.000000
Q 0.000000 2.687006 -2.687006
F 2.687006 5.374012 -2.687006
W 2.687006 8.061017 -5.374012
K 0.000000 8.061017 -2.687006
N -2.687006 5.374012 -2.687006
F 0.000000 5.374012 0.000000
Q -2.687006 2.687006 0.000000
T -2.687006 0.000000 -2.687006


-26.100000	a8496b0a0
10

Q 0.000000 0.000000 0.000000
Y 2.687006 2.687006 0.000000
Q 0.000000 2.687006 -2.687006
F 2.687006 5.374012 -2.687006
W 0.000000 5.374012 0.000000
K -2.687006 2.687006 0.000000
N -2.687006 0.000000 2.687006
F 0.000000 0.000000 5.374012
Q 0.000000 -2.687006 2.687006
T -2.687006 -2.687006 0.000000


-26.100000	3187692a0
10

Q 0.000000 0.000000 0.000000
Y 2.687006 2.687006 0.000000
Q 0.000000 2.687006 -2.687006
F 0.000000 5.374012 0.000000
W 0.000000 2.687006 2.687006
K -2.687006 0.000000 2.687006
N 0.000000 -2.687006 2.687006
F 0.000000 -5.374012 0.000000
Q -2.687006 -2.687006 0.000000
T -2.687006 0.000000 -2.687006


-26.100000	a5996b0a0
10

Q 0.000000 0.000000 0.000000
Y 2.687006 2.687006 0.000000
Q 0.000000 2.687006 -2.687006
F 2.687006 5.374012 -2.687006
W 0.000000 5.374012 0.000000
K -2.687006 2.687006 0.000000
N -2.687006 0.000000 2.687006
F -2.687006 -2.687006 5.374012
Q 0.000000 -2.687006 2.687006
T -2.687006 -2.687006 0.000000


-26.100000	b6589b340
10

Q 0.000000 0.000000 0.000000
Y 2.687006 2.687006 0.000000
Q 5.374012 2.687006 2.687006
F 5.374012 5.374012 0.000000
W 2.687006 5.374012 2.687006
K 2.687006 2.687006 5.374012
N 2.687006 0.000000 2.687006
F 5.374012 0.000000 0.000000
Q 2.687006 -2.687006 0.000000
T 0.000000 -2.687006 2.687006
