-58.510000	a26720ba0
10

Q 0.000000 0.000000 0.000000
Y 2.687006 2.687006 0.000000
Q 0.000000 2.687006 -2.687006
F -2.687006 2.687006 0.000000
W 0.000000 5.374012 0.000000
K 0.000000 8.061017 2.687006
N 2.687006 5.374012 2.687006
F 0.000000 2.687006 2.687006
Q 0.000000 5.374012 5.374012
T -2.687006 5.374012 2.687006


-58.510000	266590910
10

Q 0.000000 0.000000 0.000000
Y 2.687006 2.687006 0.000000
Q 0.000000 5.374012 0.000000
F 0.000000 2.687006 2.687006
W 2.687006 5.374012 2.687006
K 2.687006 2.687006 5.374012
N 5.374012 2.687006 2.687006
F 2.687006 0.000000 2.687006
Q 0.000000 -2.687006 2.687006
T 0.000000 0.000000 5.374012


-58.510000	366480810
10

Q 0.000000 0.000000 0.000000
Y 2.687006 2.687006 0.000000
Q 0.000000 5.374012 0.000000
F 0.000000 2.687006 -2.687006
W 2.687006 5.374012 -2.687006
K 2.687006 2.687006 -5.374012
N 5.374012 2.687006 -2.687006
F 2.687006 0.000000 -2.687006
Q 0.000000 -2.687006 -2.687006
T 0.000000 0.000000 -5.374012


-58.510000	62a524ba0
10

Q 0.000000 0.000000 0.000000
Y 2.687006 2.687006 0.000000
Q 0.000000 2.687006 -2.687006
F -2.687006 2.687006 0.000000
W 0.000000 2.687006 2.687006
K 0.000000 5.374012 5.374012
N 2.687006 5.374012 2.687006
F 0.000000 5.374012 0.000000
Q 0.000000 8.061017 2.687006
T -2.687006 5.374012 2.687006


-58.510000	811437810
10

Q 0.000000 0.000000 0.000000
Y 2.687006 2.687006 0.000000
Q 0.000000 5.374012 0.000000
F 0.000000 2.687006 -2.687006
W 2.687006 0.000000 -2.687006
K 2.687006 2.687006 -5.374012
N 5.374012 2.687006 -2.687006
F 2.687006 5.374012 -2.687006
Q 0.000000 8.061017 -2.687006
T 0.000000 5.374012 -5.374012


-58.510000	911527910
10

Q 0.000000 0.000000 0.000000
Y 2.687006 2.687006 0.000000
Q 0.000000 5.374012 0.000000
F 0.000000 2.687006 2.687006
W 2.687006 0.000000 2.687006
K 2.687006 2.687006 5.374012
N 5.374012 2.687006 2.687006
F 2.687006 5.374012 2.687006
Q 0.000000 8.061017 2.687006
T 0.000000 5.374012 5.374012
