-57.360000	645923ba0
10

Q 0.000000 0.000000 0.000000
Y 2.687006 2.687006 0.000000
Q 0.000000 2.687006 -2.687006
F -2.687006 2.687006 0.000000
W -2.687006 5.374012 -2.687006
K -2.687006 8.061017 0.000000
N -2.687006 5.374012 2.687006
F 0.000000 5.374012 0.000000
Q 2.687006 5.374012 2.687006
T 0.000000 2.687006 2.687006


-57.360000	6454b3ba0
10

Q 0.000000 0.000000 0.000000
Y 2.687006 2.687006 0.000000
Q 0.000000 2.687006 -2.687006
F -2.687006 2.687006 0.000000
W -2.687006 5.374012 -2.687006
K -5.374012 5.374012 0.000000
N -2.687006 5.374012 2.687006
F 0.000000 5.374012 0.000000
Q 2.687006 5.374012 2.687006
T 0.000000 2.687006 2.687006


-57.360000	630164640
10

Q 0.000000 0.000000 0.000000
Y 2.687006 2.687006 0.000000
Q 5.374012 2.687006 2.687006
F 2.687006 0.000000 2.687006
W 5.374012 0.000000 5.374012
K 2.687006 -2.687006 5.374012
N 0.000000 0.000000 5.374012
F 2.687006 2.687006 5.374012
Q 2.687006 5.374012 2.687006
T 0.000000 2.687006 2.687006


-57.360000	630ab4640
10

Q 0.000000 0.000000 0.000000
Y 2.687006 2.687006 0.000000
Q 5.374012 2.687006 2.687006
F 2.687006 0.000000 2.687006
W 5.374012 0.000000 5.374012
K 2.687006 0.000000 8.061017
N 0.000000 0.000000 5.374012
F 2.687006 2.687006 5.374012
Q 2.687006 5.374012 2.687006
T 0.000000 2.687006 2.687006


-57.360000	73a970810
10

Q 0.000000 0.000000 0.000000
Y 2.687006 2.687006 0.000000
Q 0.000000 5.374012 0.000000
F 0.000000 2.687006 -2.687006
W 2.687006 5.374012 -2.687006
K 5.374012 2.687006 -2.687006
N 5.374012 0.000000 0.000000
F 2.687006 0.000000 -2.687006
Q 2.687006 2.687006 -5.374012
T 5.374012 0.000000 -5.374012


-57.360000	72b870910
10

Q 0.000000 0.000000 0.000000
Y 2.687006 2.687006 0.000000
Q 0.000000 5.374012 0.000000
F 0.000000 2.687006 2.687006
W 2.687006 5.374012 2.687006
K 5.374012 2.687006 2.687006
N 5.374012 0.000000 0.000000
F 2.687006 0.000000 2.687006
Q 2.687006 2.687006 5.374012
T 5.374012 0.000000 5.374012


-57.360000	7b40a1640
10

Q 0.000000 0.000000 0.000000
Y 2.687006 2.687006 0.000000
Q 5.374012 2.687006 2.687006
F 2.687006 0.000000 2.687006
W 0.000000 2.687006 2.687006
K -2.687006 2.687006 0.000000
N 0.000000 5.374012 0.000000
F 2.687006 5.374012 2.687006
Q 0.000000 5.374012 5.374012
T 2.687006 2.687006 5.374012


-57.360000	a959b0ba0
10

Q 0.000000 0.000000 0.000000
Y 2.687006 2.687006 0.000000
Q 0.000000 2.687006 -2.687006
F -2.687006 2.687006 0.000000
W 0.000000 5.374012 0.000000
K -2.687006 5.374012 2.687006
N -2.687006 2.687006 5.374012
F 0.000000 2.687006 2.687006
Q 0.000000 0.000000 5.374012
T -2.687006 0.000000 2.687006


-57.360000	0a7a192a0
10

Q 0.000000 0.000000 0.000000
Y 2.687006 2.687006 0.000000
Q 0.000000 2.687006 -2.687006
F 0.000000 5.374012 0.000000
W 0.000000 2.687006 2.687006
K -2.687006 5.374012 2.687006
N -5.374012 5.374012 0.000000
F -2.687006 2.687006 0.000000
Q -5.374012 2.687006 -2.687006
T -2.687006 5.374012 -2.687006


-57.360000	637314ba0
10

Q 0.000000 0.000000 0.000000
Y 2.687006 2.687006 0.000000
Q 0.000000 2.687006 -2.687006
F -2.687006 2.687006 0.000000
W 0.000000 2.687006 2.687006
K -2.687006 5.374012 2.687006
N -2.687006 8.061017 0.000000
F 0.000000 5.374012 0.000000
Q 0.000000 8.061017 -2.687006
T -2.687006 5.374012 -2.687006


-57.360000	09b307910
10

Q 0.000000 0.000000 0.000000
Y 2.687006 2.687006 0.000000
Q 0.000000 5.374012 0.000000
F 0.000000 2.687006 2.687006
W 2.687006 0.000000 2.687006
K 5.374012 2.687006 2.687006
N 5.374012 5.374012 0.000000
F 2.687006 5.374012 2.687006
Q 2.687006 2.687006 5.374012
T 5.374012 5.374012 5.374012


-57.360000	a691452a0
10

Q 0.000000 0.000000 0.000000
Y 2.687006 2.687006 0.000000
Q 0.000000 2.687006 -2.687006
F 0.000000 5.374012 0.000000
W 2.687006 5.374012 -2.687006
K 5.374012 5.374012 0.000000
N 2.687006 8.061017 0.000000
F 2.687006 5.374012 2.687006
Q 0.000000 2.687006 2.687006
T -2.687006 2.687006 0.000000


-57.360000	08a207810
10

Q 0.000000 0.000000 0.000000
Y 2.687006 2.687006 0.000000
Q 0.000000 5.374012 0.000000
F 0.000000 2.687006 -2.687006
W 2.687006 0.000000 -2.687006
K 5.374012 2.687006 -2.687006
N 5.374012 5.374012 0.000000
F 2.687006 5.374012 -2.687006
Q 2.687006 2.687006 -5.374012
T 5.374012 5.374012 -5.374012


-57.360000	b76a05640
10

Q 0.000000 0.000000 0.000000
Y 2.687006 2.687006 0.000000
Q 5.374012 2.687006 2.687006
F 2.687006 0.000000 2.687006
W 5.374012 0.000000 0.000000
K 8.061017 2.687006 0.000000
N 5.374012 2.687006 -2.687006
F 2.687006 0.000000 -2.687006
Q 5.374012 -2.687006 -2.687006
T 2.687006 -2.687006 0.000000


-57.360000	621569140
10

Q 0.000000 0.000000 0.000000
Y 2.687006 2.687006 0.000000
Q 5.374012 2.687006 2.687006
F 2.687006 5.374012 2.687006
W 2.687006 2.687006 5.374012
K 0.000000 0.000000 5.374012
N 2.687006 0.000000 2.687006
F 0.000000 2.687006 2.687006
Q 0.000000 5.374012 5.374012
T -2.687006 2.687006 5.374012


-57.360000	7b4511640
10

Q 0.000000 0.000000 0.000000
Y 2.687006 2.687006 0.000000
Q 5.374012 2.687006 2.687006
F 2.687006 0.000000 2.687006
W 0.000000 2.687006 2.687006
K -2.687006 5.374012 2.687006
N 0.000000 5.374012 0.000000
F 2.687006 5.374012 2.687006
Q 0.000000 5.374012 5.374012
T 2.687006 2.687006 5.374012


-57.360000	a07019ba0
10

Q 0.000000 0.000000 0.000000
Y 2.687006 2.687006 0.000000
Q 0.000000 2.687006 -2.687006
F -2.687006 2.687006 0.000000
W -2.687006 0.000000 2.687006
K -5.374012 2.687006 2.687006
N -2.687006 5.374012 2.687006
F 0.000000 2.687006 2.687006
Q 2.687006 5.374012 2.687006
T 0.000000 5.374012 0.000000


-57.360000	461659410
10

Q 0.000000 0.000000 0.000000
Y 2.687006 2.687006 0.000000
Q 0.000000 5.374012 0.000000
F 2.687006 5.374012 2.687006
W 2.687006 2.687006 5.374012
K 5.374012 2.687006 2.687006
N 2.687006 0.000000 2.687006
F 0.000000 2.687006 2.687006
Q -2.687006 0.000000 2.687006
T 0.000000 0.000000 5.374012


-57.360000	a07329ba0
10

Q 0.000000 0.000000 0.000000
Y 2.687006 2.687006 0.000000
Q 0.000000 2.687006 -2.687006
F -2.687006 2.687006 0.000000
W -2.687006 0.000000 2.687006
K -2.687006 2.687006 5.374012
N -2.687006 5.374012 2.687006
F 0.000000 2.687006 2.687006
Q 2.687006 5.374012 2.687006
T 0.000000 5.374012 0.000000


-57.360000	561648510
10

Q 0.000000 0.000000 0.000000
Y 2.687006 2.687006 0.000000
Q 0.000000 5.374012 0.000000
F 2.687006 5.374012 -2.687006
W 2.687006 2.687006 -5.374012
K 5.374012 2.687006 -2.687006
N 2.687006 0.000000 -2.687006
F 0.000000 2.687006 -2.687006
Q -2.687006 0.000000 -2.687006
T 0.000000 0.000000 -5.374012


-57.360000	43a076640
10

Q 0.000000 0.000000 0.000000
Y 2.687006 2.687006 0.000000
Q 5.374012 2.687006 2.687006
F 2.687006 0.000000 2.687006
W 0.000000 -2.687006 2.687006
K 2.687006 -5.374012 2.687006
N 5.374012 -2.687006 2.687006
F 2.687006 -2.687006 0.000000
Q 2.687006 0.000000 -2.687006
T 5.374012 0.000000 0.000000


-57.360000	43a546640
10

Q 0.000000 0.000000 0.000000
Y 2.687006 2.687006 0.000000
Q 5.374012 2.687006 2.687006
F 2.687006 0.000000 2.687006
W 0.000000 -2.687006 2.687006
K 2.687006 -2.687006 5.374012
N 5.374012 -2.687006 2.687006
F 2.687006 -2.687006 0.000000
Q 2.687006 0.000000 -2.687006
T 5.374012 0.000000 0.000000


-57.360000	b76155640
10

Q 0.000000 0.000000 0.000000
Y 2.687006 2.687006 0.000000
Q 5.374012 2.687006 2.687006
F 2.687006 0.000000 2.687006
W 5.374012 0.000000 0.000000
K 8.061017 0.000000 -2.687006
N 5.374012 2.687006 -2.687006
F 2.687006 0.000000 -2.687006
Q 5.374012 -2.687006 -2.687006
T 2.687006 -2.687006 0.000000
