2661, 2662, 2663, 3145, 3146, 3189, 3188, 3673, 3674, 3717, 3232, 3231, 3714, 3235, 3277, 2751, 2746, 2745, 2219, 2217
2176, 2661, 2662, 2663, 3145, 2664, 3146, 3147, 3148, 3633, 3152, 3111, 3590, 3589, 3108, 3105, 2624, 2622, 2139, 2138
2135, 2614, 2661, 2662, 2663, 3145, 3146, 3189, 3188, 3673, 3630, 3632, 3631, 3628, 3587, 3582, 3585, 3104, 3058, 2579
2174, 2220, 2658, 2661, 2662, 2663, 3145, 2664, 3146, 3148, 3147, 3626, 3631, 3673, 3670, 3232, 3229, 2703, 2698, 2697
1695, 2178, 2224, 2179, 2661, 2662, 2663, 3145, 3102, 3148, 3146, 3193, 3151, 3152, 3155, 3153, 2671, 2666, 2228, 2226
2129, 2132, 2135, 2176, 2614, 2661, 2662, 2663, 3145, 3146, 2667, 2668, 3150, 3149, 3106, 2624, 2578, 2140, 2137, 1656
1737, 1736, 2174, 2177, 2179, 2658, 2661, 2662, 2663, 3145, 2660, 3141, 3144, 3143, 3138, 2700, 2697, 2171, 2170, 1687
1691, 2217, 2175, 2173, 2174, 2220, 2658, 2661, 2662, 2663, 2704, 3186, 3191, 3190, 3233, 2751, 2746, 2745, 2260, 2257
3057, 3054, 3101, 2620, 2617, 2619, 2664, 2618, 2661, 2662, 2663, 3189, 2707, 2704, 3185, 3138, 3140, 3099, 3581, 3539
1701, 1659, 1700, 1697, 1655, 2181, 2178, 2177, 2135, 2661, 2662, 2663, 2660, 2619, 3102, 2623, 2668, 2666, 2187, 2232
2535, 2577, 2574, 2573, 2575, 2620, 2617, 2570, 2616, 2614, 2661, 2662, 2663, 3145, 3146, 3149, 2668, 2622, 2625, 2144
2651, 3134, 2655, 2650, 2697, 2654, 2216, 2219, 2702, 2220, 2658, 2661, 2662, 2663, 3145, 3144, 3099, 3094, 3095, 3092
1787, 2269, 2266, 1784, 1743, 2222, 1740, 1699, 2178, 2177, 2179, 2658, 2661, 2662, 2663, 2708, 2707, 2749, 2750, 2793
3580, 3578, 3581, 3055, 3097, 3098, 3101, 2575, 2617, 2620, 3102, 2623, 2618, 2661, 2662, 2663, 3189, 3147, 3626, 3631
2746, 2749, 2264, 2262, 2265, 2223, 2218, 1739, 1740, 1695, 2174, 2176, 2177, 2180, 2661, 2662, 2663, 2704, 3186, 3187
2697, 2654, 2656, 2611, 2610, 2615, 3094, 2612, 2613, 2571, 2616, 3101, 2575, 2617, 2618, 2661, 2662, 2663, 2704, 3186
3630, 3148, 3151, 3633, 3107, 3106, 3153, 3111, 3109, 2627, 2669, 2184, 2143, 2140, 2139, 2618, 2661, 2662, 2663, 2704
1735, 1736, 2217, 1732, 1691, 2173, 1688, 1642, 1645, 1644, 2129, 2087, 2085, 2086, 2091, 2136, 2618, 2661, 2662, 2663
