-50.570000	152b9a840
10

Y 0.000000 0.000000 0.000000
Y 2.687006 2.687006 0.000000
D 5.374012 2.687006 2.687006
P 5.374012 0.000000 0.000000
E 2.687006 0.000000 -2.687006
T 2.687006 -2.687006 0.000000
G 0.000000 -2.687006 2.687006
T 0.000000 0.000000 5.374012
W 2.687006 0.000000 2.687006
Y 0.000000 2.687006 2.687006


-50.570000	70b6a7510
10

Y 0.000000 0.000000 0.000000
Y 2.687006 2.687006 0.000000
D 0.000000 5.374012 0.000000
P 2.687006 5.374012 -2.687006
E 5.374012 2.687006 -2.687006
T 2.687006 2.687006 -5.374012
G 0.000000 0.000000 -5.374012
T -2.687006 0.000000 -2.687006
W 0.000000 2.687006 -2.687006
Y 2.687006 0.000000 -2.687006


-50.570000	70a6b7410
10

Y 0.000000 0.000000 0.000000
Y 2.687006 2.687006 0.000000
D 0.000000 5.374012 0.000000
P 2.687006 5.374012 2.687006
E 5.374012 2.687006 2.687006
T 2.687006 2.687006 5.374012
G 0.000000 0.000000 5.374012
T -2.687006 0.000000 2.687006
W 0.000000 2.687006 2.687006
Y 2.687006 0.000000 2.687006
