-50.280000	9a7342ba0
10

Y 0.000000 0.000000 0.000000
Y 2.687006 2.687006 0.000000
D 0.000000 2.687006 -2.687006
P -2.687006 2.687006 0.000000
E -2.687006 5.374012 2.687006
T 0.000000 5.374012 5.374012
G 0.000000 8.061017 2.687006
T 2.687006 5.374012 2.687006
W 0.000000 5.374012 0.000000
Y 0.000000 2.687006 2.687006


-50.280000	43874b810
10

Y 0.000000 0.000000 0.000000
Y 2.687006 2.687006 0.000000
D 0.000000 5.374012 0.000000
P 0.000000 2.687006 -2.687006
E -2.687006 2.687006 0.000000
T 0.000000 2.687006 2.687006
G 2.687006 0.000000 2.687006
T 2.687006 -2.687006 0.000000
W 2.687006 0.000000 -2.687006
Y 5.374012 0.000000 0.000000


-50.280000	437a9b2a0
10

Y 0.000000 0.000000 0.000000
Y 2.687006 2.687006 0.000000
D 0.000000 2.687006 -2.687006
P 0.000000 5.374012 0.000000
E -2.687006 5.374012 2.687006
T -2.687006 2.687006 5.374012
G -5.374012 2.687006 2.687006
T -2.687006 0.000000 2.687006
W -2.687006 2.687006 0.000000
Y 0.000000 2.687006 2.687006


-50.280000	52975a910
10

Y 0.000000 0.000000 0.000000
Y 2.687006 2.687006 0.000000
D 0.000000 5.374012 0.000000
P 0.000000 2.687006 2.687006
E -2.687006 2.687006 0.000000
T 0.000000 2.687006 -2.687006
G 2.687006 0.000000 -2.687006
T 2.687006 -2.687006 0.000000
W 2.687006 0.000000 2.687006
Y 5.374012 0.000000 0.000000


-50.280000	434196810
10

Y 0.000000 0.000000 0.000000
Y 2.687006 2.687006 0.000000
D 0.000000 5.374012 0.000000
P 0.000000 2.687006 -2.687006
E -2.687006 0.000000 -2.687006
T -2.687006 -2.687006 0.000000
G -5.374012 0.000000 0.000000
T -2.687006 0.000000 2.687006
W -2.687006 2.687006 0.000000
Y 0.000000 2.687006 2.687006


-50.280000	525186910
10

Y 0.000000 0.000000 0.000000
Y 2.687006 2.687006 0.000000
D 0.000000 5.374012 0.000000
P 0.000000 2.687006 2.687006
E -2.687006 0.000000 2.687006
T -2.687006 -2.687006 0.000000
G -5.374012 0.000000 0.000000
T -2.687006 0.000000 -2.687006
W -2.687006 2.687006 0.000000
Y 0.000000 2.687006 -2.687006


-50.280000	8b475a910
10

Y 0.000000 0.000000 0.000000
Y 2.687006 2.687006 0.000000
D 0.000000 5.374012 0.000000
P 0.000000 2.687006 2.687006
E -2.687006 2.687006 0.000000
T 0.000000 2.687006 -2.687006
G 2.687006 0.000000 -2.687006
T 5.374012 0.000000 0.000000
W 2.687006 0.000000 2.687006
Y 2.687006 -2.687006 0.000000


-50.280000	25a692a00
10

Y 0.000000 0.000000 0.000000
Y 2.687006 2.687006 0.000000
D 5.374012 5.374012 0.000000
P 2.687006 5.374012 -2.687006
E 2.687006 8.061017 0.000000
T 2.687006 5.374012 2.687006
G 0.000000 2.687006 2.687006
T -2.687006 2.687006 0.000000
W 0.000000 2.687006 -2.687006
Y 0.000000 5.374012 0.000000


-50.280000	9a574b810
10

Y 0.000000 0.000000 0.000000
Y 2.687006 2.687006 0.000000
D 0.000000 5.374012 0.000000
P 0.000000 2.687006 -2.687006
E -2.687006 2.687006 0.000000
T 0.000000 2.687006 2.687006
G 2.687006 0.000000 2.687006
T 5.374012 0.000000 0.000000
W 2.687006 0.000000 -2.687006
Y 2.687006 -2.687006 0.000000


-50.280000	34b683b00
10

Y 0.000000 0.000000 0.000000
Y 2.687006 2.687006 0.000000
D 5.374012 5.374012 0.000000
P 2.687006 5.374012 2.687006
E 2.687006 8.061017 0.000000
T 2.687006 5.374012 -2.687006
G 0.000000 2.687006 -2.687006
T -2.687006 2.687006 0.000000
W 0.000000 2.687006 2.687006
Y 0.000000 5.374012 0.000000


-50.280000	4386b4800
10

Y 0.000000 0.000000 0.000000
Y 2.687006 2.687006 0.000000
D 5.374012 5.374012 0.000000
P 5.374012 2.687006 -2.687006
E 8.061017 2.687006 0.000000
T 5.374012 2.687006 2.687006
G 2.687006 0.000000 2.687006
T 2.687006 -2.687006 0.000000
W 2.687006 0.000000 -2.687006
Y 5.374012 0.000000 0.000000


-50.280000	5296a5900
10

Y 0.000000 0.000000 0.000000
Y 2.687006 2.687006 0.000000
D 5.374012 5.374012 0.000000
P 5.374012 2.687006 2.687006
E 8.061017 2.687006 0.000000
T 5.374012 2.687006 -2.687006
G 2.687006 0.000000 -2.687006
T 2.687006 -2.687006 0.000000
W 2.687006 0.000000 2.687006
Y 5.374012 0.000000 0.000000
