-27.900000	6649830a0
10

Q 0.000000 0.000000 0.000000
Y 2.687006 2.687006 0.000000
Q 0.000000 2.687006 -2.687006
F 2.687006 5.374012 -2.687006
W 2.687006 8.061017 -5.374012
K 2.687006 5.374012 -8.061017
N 2.687006 2.687006 -5.374012
F 5.374012 2.687006 -2.687006
Q 2.687006 0.000000 -2.687006
T 0.000000 -2.687006 -2.687006


-27.900000	9649830a0
10

Q 0.000000 0.000000 0.000000
Y 2.687006 2.687006 0.000000
Q 0.000000 2.687006 -2.687006
F 2.687006 5.374012 -2.687006
W 2.687006 8.061017 -5.374012
K 2.687006 5.374012 -8.061017
N 2.687006 2.687006 -5.374012
F 5.374012 2.687006 -2.687006
Q 2.687006 0.000000 -2.687006
T 2.687006 -2.687006 0.000000


-27.900000	3569ab0a0
10

Q 0.000000 0.000000 0.000000
Y 2.687006 2.687006 0.000000
Q 0.000000 2.687006 -2.687006
F 2.687006 5.374012 -2.687006
W 0.000000 5.374012 0.000000
K -2.687006 5.374012 -2.687006
N -2.687006 2.687006 0.000000
F -5.374012 0.000000 0.000000
Q -2.687006 0.000000 -2.687006
T -2.687006 2.687006 -5.374012


-27.900000	7647612a0
10

Q 0.000000 0.000000 0.000000
Y 2.687006 2.687006 0.000000
Q 0.000000 2.687006 -2.687006
F 0.000000 5.374012 0.000000
W -2.687006 8.061017 0.000000
K -5.374012 5.374012 0.000000
N -2.687006 2.687006 0.000000
F 0.000000 2.687006 2.687006
Q -2.687006 0.000000 2.687006
T 0.000000 -2.687006 2.687006


-27.900000	8647612a0
10

Q 0.000000 0.000000 0.000000
Y 2.687006 2.687006 0.000000
Q 0.000000 2.687006 -2.687006
F 0.000000 5.374012 0.000000
W -2.687006 8.061017 0.000000
K -5.374012 5.374012 0.000000
N -2.687006 2.687006 0.000000
F 0.000000 2.687006 2.687006
Q -2.687006 0.000000 2.687006
T -2.687006 -2.687006 0.000000


-27.900000	a647612a0
10

Q 0.000000 0.000000 0.000000
Y 2.687006 2.687006 0.000000
Q 0.000000 2.687006 -2.687006
F 0.000000 5.374012 0.000000
W -2.687006 8.061017 0.000000
K -5.374012 5.374012 0.000000
N -2.687006 2.687006 0.000000
F 0.000000 2.687006 2.687006
Q -2.687006 0.000000 2.687006
T -5.374012 0.000000 0.000000
