-58.770000	b35291640
10

Q 0.000000 0.000000 0.000000
Y 2.687006 2.687006 0.000000
Q 5.374012 2.687006 2.687006
F 2.687006 0.000000 2.687006
W 0.000000 2.687006 2.687006
K 0.000000 0.000000 5.374012
N 0.000000 2.687006 8.061017
F 2.687006 2.687006 5.374012
Q 2.687006 5.374012 2.687006
T 0.000000 5.374012 5.374012


-58.770000	731895640
10

Q 0.000000 0.000000 0.000000
Y 2.687006 2.687006 0.000000
Q 5.374012 2.687006 2.687006
F 2.687006 0.000000 2.687006
W 5.374012 0.000000 0.000000
K 5.374012 -2.687006 2.687006
N 5.374012 -5.374012 0.000000
F 2.687006 -2.687006 0.000000
Q 2.687006 0.000000 -2.687006
T 5.374012 -2.687006 -2.687006


-58.770000	8970a2910
10

Q 0.000000 0.000000 0.000000
Y 2.687006 2.687006 0.000000
Q 0.000000 5.374012 0.000000
F 0.000000 2.687006 2.687006
W 0.000000 5.374012 5.374012
K -2.687006 5.374012 2.687006
N 0.000000 8.061017 2.687006
F 2.687006 5.374012 2.687006
Q 2.687006 2.687006 5.374012
T 2.687006 0.000000 2.687006


-58.770000	2307b8810
10

Q 0.000000 0.000000 0.000000
Y 2.687006 2.687006 0.000000
Q 0.000000 5.374012 0.000000
F 0.000000 2.687006 -2.687006
W 0.000000 0.000000 -5.374012
K -2.687006 0.000000 -2.687006
N 0.000000 -2.687006 -2.687006
F 2.687006 0.000000 -2.687006
Q 2.687006 2.687006 -5.374012
T 2.687006 5.374012 -2.687006


-58.770000	9870b3810
10

Q 0.000000 0.000000 0.000000
Y 2.687006 2.687006 0.000000
Q 0.000000 5.374012 0.000000
F 0.000000 2.687006 -2.687006
W 0.000000 5.374012 -5.374012
K -2.687006 5.374012 -2.687006
N 0.000000 8.061017 -2.687006
F 2.687006 5.374012 -2.687006
Q 2.687006 2.687006 -5.374012
T 2.687006 0.000000 -2.687006


-58.770000	3207a9910
10

Q 0.000000 0.000000 0.000000
Y 2.687006 2.687006 0.000000
Q 0.000000 5.374012 0.000000
F 0.000000 2.687006 2.687006
W 0.000000 0.000000 5.374012
K -2.687006 0.000000 2.687006
N 0.000000 -2.687006 2.687006
F 2.687006 0.000000 2.687006
Q 2.687006 2.687006 5.374012
T 2.687006 5.374012 2.687006


-58.770000	84763b410
10

Q 0.000000 0.000000 0.000000
Y 2.687006 2.687006 0.000000
Q 0.000000 5.374012 0.000000
F 2.687006 5.374012 2.687006
W 0.000000 5.374012 5.374012
K 0.000000 8.061017 2.687006
N -2.687006 5.374012 2.687006
F 0.000000 2.687006 2.687006
Q 2.687006 2.687006 5.374012
T 2.687006 0.000000 2.687006


-58.770000	95762a510
10

Q 0.000000 0.000000 0.000000
Y 2.687006 2.687006 0.000000
Q 0.000000 5.374012 0.000000
F 2.687006 5.374012 -2.687006
W 0.000000 5.374012 -5.374012
K 0.000000 8.061017 -2.687006
N -2.687006 5.374012 -2.687006
F 0.000000 2.687006 -2.687006
Q 2.687006 2.687006 -5.374012
T 2.687006 0.000000 -2.687006
