-48.540000	334892ba0
10

Y 0.000000 0.000000 0.000000
Y 2.687006 2.687006 0.000000
D 0.000000 2.687006 -2.687006
P -2.687006 2.687006 0.000000
E -2.687006 5.374012 2.687006
T -2.687006 2.687006 5.374012
G -2.687006 0.000000 2.687006
T 0.000000 0.000000 5.374012
W 0.000000 2.687006 2.687006
Y 0.000000 5.374012 0.000000


-48.540000	aa954b2a0
10

Y 0.000000 0.000000 0.000000
Y 2.687006 2.687006 0.000000
D 0.000000 2.687006 -2.687006
P 0.000000 5.374012 0.000000
E -2.687006 5.374012 2.687006
T 0.000000 5.374012 5.374012
G 2.687006 5.374012 2.687006
T 2.687006 2.687006 5.374012
W 0.000000 2.687006 2.687006
Y -2.687006 2.687006 0.000000


-48.540000	a59ab42a0
10

Y 0.000000 0.000000 0.000000
Y 2.687006 2.687006 0.000000
D 0.000000 2.687006 -2.687006
P 0.000000 5.374012 0.000000
E 2.687006 5.374012 2.687006
T 0.000000 5.374012 5.374012
G -2.687006 5.374012 2.687006
T -2.687006 2.687006 5.374012
W 0.000000 2.687006 2.687006
Y -2.687006 2.687006 0.000000


-48.540000	384329ba0
10

Y 0.000000 0.000000 0.000000
Y 2.687006 2.687006 0.000000
D 0.000000 2.687006 -2.687006
P -2.687006 2.687006 0.000000
E -2.687006 0.000000 2.687006
T -2.687006 2.687006 5.374012
G -2.687006 5.374012 2.687006
T 0.000000 5.374012 5.374012
W 0.000000 2.687006 2.687006
Y 0.000000 5.374012 0.000000


-48.540000	37327bba0
10

Y 0.000000 0.000000 0.000000
Y 2.687006 2.687006 0.000000
D 0.000000 2.687006 -2.687006
P -2.687006 2.687006 0.000000
E -5.374012 2.687006 2.687006
T -2.687006 0.000000 2.687006
G -2.687006 2.687006 5.374012
T -2.687006 5.374012 2.687006
W 0.000000 2.687006 2.687006
Y 0.000000 5.374012 0.000000


-48.540000	10b46a840
10

Y 0.000000 0.000000 0.000000
Y 2.687006 2.687006 0.000000
D 5.374012 2.687006 2.687006
P 5.374012 0.000000 0.000000
E 2.687006 0.000000 -2.687006
T 0.000000 -2.687006 -2.687006
G 2.687006 -2.687006 0.000000
T 0.000000 -2.687006 2.687006
W 2.687006 0.000000 2.687006
Y 0.000000 2.687006 2.687006


-48.540000	a7ab722a0
10

Y 0.000000 0.000000 0.000000
Y 2.687006 2.687006 0.000000
D 0.000000 2.687006 -2.687006
P 0.000000 5.374012 0.000000
E 0.000000 8.061017 2.687006
T 2.687006 5.374012 2.687006
G 0.000000 5.374012 5.374012
T -2.687006 5.374012 2.687006
W 0.000000 2.687006 2.687006
Y -2.687006 2.687006 0.000000


-48.540000	30890bba0
10

Y 0.000000 0.000000 0.000000
Y 2.687006 2.687006 0.000000
D 0.000000 2.687006 -2.687006
P -2.687006 2.687006 0.000000
E -5.374012 2.687006 2.687006
T -2.687006 5.374012 2.687006
G -2.687006 2.687006 5.374012
T -2.687006 0.000000 2.687006
W 0.000000 2.687006 2.687006
Y 0.000000 5.374012 0.000000


-48.540000	736197410
10

Y 0.000000 0.000000 0.000000
Y 2.687006 2.687006 0.000000
D 0.000000 5.374012 0.000000
P 2.687006 5.374012 2.687006
E 5.374012 2.687006 2.687006
T 5.374012 0.000000 5.374012
G 2.687006 2.687006 5.374012
T 0.000000 0.000000 5.374012
W 0.000000 2.687006 2.687006
Y 2.687006 0.000000 2.687006


-48.540000	a654622a0
10

Y 0.000000 0.000000 0.000000
Y 2.687006 2.687006 0.000000
D 0.000000 2.687006 -2.687006
P 0.000000 5.374012 0.000000
E 0.000000 8.061017 2.687006
T -2.687006 5.374012 2.687006
G 0.000000 5.374012 5.374012
T 2.687006 5.374012 2.687006
W 0.000000 2.687006 2.687006
Y -2.687006 2.687006 0.000000


-48.540000	726187510
10

Y 0.000000 0.000000 0.000000
Y 2.687006 2.687006 0.000000
D 0.000000 5.374012 0.000000
P 2.687006 5.374012 -2.687006
E 5.374012 2.687006 -2.687006
T 5.374012 0.000000 -5.374012
G 2.687006 2.687006 -5.374012
T 0.000000 0.000000 -5.374012
W 0.000000 2.687006 -2.687006
Y 2.687006 0.000000 -2.687006
