689, 690, 691, 686, 977, 978, 979, 974, 1265, 1266, 1271, 1272, 1275, 1274, 1279, 988, 987, 984, 1033, 742
398, 689, 690, 691, 686, 977, 978, 979, 974, 1265, 932, 1223, 1218, 1217, 884, 933, 930, 935, 646, 651
685, 640, 689, 690, 691, 686, 977, 978, 979, 974, 973, 924, 1257, 966, 965, 920, 969, 636, 635, 634
688, 687, 398, 689, 690, 691, 686, 977, 978, 979, 976, 1021, 1022, 1027, 1024, 1023, 734, 733, 730, 729
695, 404, 403, 398, 689, 690, 691, 686, 977, 978, 983, 984, 987, 986, 991, 700, 749, 746, 745, 454
356, 405, 402, 403, 398, 689, 690, 691, 686, 977, 644, 935, 930, 929, 596, 645, 600, 649, 358, 363
397, 352, 401, 402, 403, 398, 689, 690, 691, 686, 685, 636, 969, 678, 677, 632, 631, 342, 347, 346
400, 399, 110, 401, 402, 403, 398, 689, 690, 691, 688, 733, 734, 739, 736, 735, 444, 443, 442, 441
683, 678, 677, 632, 681, 682, 685, 640, 689, 690, 691, 692, 741, 738, 739, 734, 1023, 1018, 1017, 968
698, 703, 414, 413, 364, 697, 406, 405, 356, 689, 690, 691, 686, 977, 978, 983, 984, 1033, 700, 749
641, 308, 307, 304, 349, 350, 355, 352, 397, 398, 689, 690, 691, 686, 977, 644, 935, 646, 645, 600
390, 389, 386, 391, 392, 395, 394, 399, 400, 403, 398, 689, 690, 691, 686, 685, 636, 635, 632, 631
701, 698, 703, 414, 413, 410, 409, 360, 405, 402, 403, 398, 689, 690, 691, 692, 741, 696, 745, 746
940, 989, 986, 985, 936, 939, 938, 937, 646, 651, 648, 647, 356, 689, 690, 691, 692, 983, 984, 987
443, 438, 729, 396, 445, 442, 441, 108, 399, 394, 397, 352, 355, 356, 689, 690, 691, 688, 733, 730
396, 729, 438, 437, 392, 395, 390, 389, 344, 347, 348, 639, 350, 355, 356, 689, 690, 691, 688, 733
983, 984, 1033, 700, 699, 696, 745, 412, 411, 408, 407, 118, 409, 360, 405, 356, 689, 690, 691, 688
406, 411, 408, 407, 402, 403, 400, 399, 394, 395, 390, 389, 344, 347, 348, 639, 640, 689, 690, 691
