-26.000000	58b9ab0a0
10

Q 0.000000 0.000000 0.000000
Y 2.687006 2.687006 0.000000
Q 0.000000 2.687006 -2.687006
F 2.687006 5.374012 -2.687006
W 0.000000 5.374012 0.000000
K -2.687006 5.374012 -2.687006
N -2.687006 2.687006 0.000000
F -5.374012 2.687006 2.687006
Q -5.374012 0.000000 0.000000
T -2.687006 0.000000 -2.687006


-26.000000	1649a80a0
10

Q 0.000000 0.000000 0.000000
Y 2.687006 2.687006 0.000000
Q 0.000000 2.687006 -2.687006
F 2.687006 5.374012 -2.687006
W 2.687006 2.687006 -5.374012
K 0.000000 2.687006 -8.061017
N 0.000000 0.000000 -5.374012
F 2.687006 0.000000 -2.687006
Q 0.000000 -2.687006 -2.687006
T -2.687006 0.000000 -2.687006


-26.000000	164b880a0
10

Q 0.000000 0.000000 0.000000
Y 2.687006 2.687006 0.000000
Q 0.000000 2.687006 -2.687006
F 2.687006 5.374012 -2.687006
W 2.687006 2.687006 -5.374012
K 2.687006 0.000000 -8.061017
N 0.000000 0.000000 -5.374012
F 2.687006 0.000000 -2.687006
Q 0.000000 -2.687006 -2.687006
T -2.687006 0.000000 -2.687006


-26.000000	6a08792a0
10

Q 0.000000 0.000000 0.000000
Y 2.687006 2.687006 0.000000
Q 0.000000 2.687006 -2.687006
F 0.000000 5.374012 0.000000
W 0.000000 2.687006 2.687006
K 2.687006 0.000000 2.687006
N 2.687006 -2.687006 0.000000
F 5.374012 0.000000 0.000000
Q 2.687006 0.000000 -2.687006
T 0.000000 -2.687006 -2.687006


-26.000000	b958ba0a0
10

Q 0.000000 0.000000 0.000000
Y 2.687006 2.687006 0.000000
Q 0.000000 2.687006 -2.687006
F 2.687006 5.374012 -2.687006
W 0.000000 5.374012 -5.374012
K -2.687006 5.374012 -2.687006
N -2.687006 2.687006 -5.374012
F 0.000000 2.687006 -8.061017
Q 0.000000 0.000000 -5.374012
T -2.687006 0.000000 -2.687006
