-57.820000	0b19a7a00
10

Q 0.000000 0.000000 0.000000
Y 2.687006 2.687006 0.000000
Q 5.374012 5.374012 0.000000
F 2.687006 5.374012 -2.687006
W 5.374012 2.687006 -2.687006
K 2.687006 2.687006 -5.374012
N 2.687006 0.000000 -2.687006
F 0.000000 2.687006 -2.687006
Q -2.687006 2.687006 0.000000
T 0.000000 5.374012 0.000000


-57.820000	0a18b7b00
10

Q 0.000000 0.000000 0.000000
Y 2.687006 2.687006 0.000000
Q 5.374012 5.374012 0.000000
F 2.687006 5.374012 2.687006
W 5.374012 2.687006 2.687006
K 2.687006 2.687006 5.374012
N 2.687006 0.000000 2.687006
F 0.000000 2.687006 2.687006
Q -2.687006 2.687006 0.000000
T 0.000000 5.374012 0.000000


-57.820000	097b81800
10

Q 0.000000 0.000000 0.000000
Y 2.687006 2.687006 0.000000
Q 5.374012 5.374012 0.000000
F 5.374012 2.687006 -2.687006
W 2.687006 5.374012 -2.687006
K 2.687006 2.687006 -5.374012
N 0.000000 2.687006 -2.687006
F 2.687006 0.000000 -2.687006
Q 2.687006 -2.687006 0.000000
T 5.374012 0.000000 0.000000


-57.820000	087a91900
10

Q 0.000000 0.000000 0.000000
Y 2.687006 2.687006 0.000000
Q 5.374012 5.374012 0.000000
F 5.374012 2.687006 2.687006
W 2.687006 5.374012 2.687006
K 2.687006 2.687006 5.374012
N 0.000000 2.687006 2.687006
F 2.687006 0.000000 2.687006
Q 2.687006 -2.687006 0.000000
T 5.374012 0.000000 0.000000
