-49.330000	701b647a0
10

Y 0.000000 0.000000 0.000000
Y 2.687006 2.687006 0.000000
D 0.000000 2.687006 -2.687006
P 2.687006 0.000000 -2.687006
E 5.374012 0.000000 0.000000
T 2.687006 -2.687006 0.000000
G 0.000000 -2.687006 2.687006
T -2.687006 0.000000 2.687006
W 0.000000 2.687006 2.687006
Y 2.687006 0.000000 2.687006


-49.330000	7612097a0
10

Y 0.000000 0.000000 0.000000
Y 2.687006 2.687006 0.000000
D 0.000000 2.687006 -2.687006
P 2.687006 0.000000 -2.687006
E 2.687006 -2.687006 0.000000
T 5.374012 0.000000 0.000000
G 5.374012 2.687006 2.687006
T 2.687006 5.374012 2.687006
W 0.000000 2.687006 2.687006
Y 2.687006 0.000000 2.687006


-49.330000	701b9a840
10

Y 0.000000 0.000000 0.000000
Y 2.687006 2.687006 0.000000
D 5.374012 2.687006 2.687006
P 5.374012 0.000000 0.000000
E 2.687006 0.000000 -2.687006
T 2.687006 -2.687006 0.000000
G 0.000000 -2.687006 2.687006
T -2.687006 0.000000 2.687006
W 0.000000 2.687006 2.687006
Y 2.687006 0.000000 2.687006


-49.330000	7ab2097a0
10

Y 0.000000 0.000000 0.000000
Y 2.687006 2.687006 0.000000
D 0.000000 2.687006 -2.687006
P 2.687006 0.000000 -2.687006
E 2.687006 -2.687006 0.000000
T 5.374012 0.000000 0.000000
G 5.374012 2.687006 2.687006
T 2.687006 2.687006 5.374012
W 0.000000 2.687006 2.687006
Y 2.687006 0.000000 2.687006


-49.330000	792136840
10

Y 0.000000 0.000000 0.000000
Y 2.687006 2.687006 0.000000
D 5.374012 2.687006 2.687006
P 5.374012 0.000000 0.000000
E 2.687006 -2.687006 0.000000
T 2.687006 0.000000 -2.687006
G 0.000000 2.687006 -2.687006
T 0.000000 5.374012 0.000000
W 0.000000 2.687006 2.687006
Y 2.687006 0.000000 2.687006


-49.330000	74b136840
10

Y 0.000000 0.000000 0.000000
Y 2.687006 2.687006 0.000000
D 5.374012 2.687006 2.687006
P 5.374012 0.000000 0.000000
E 2.687006 -2.687006 0.000000
T 2.687006 0.000000 -2.687006
G 0.000000 2.687006 -2.687006
T -2.687006 2.687006 0.000000
W 0.000000 2.687006 2.687006
Y 2.687006 0.000000 2.687006


-49.330000	732b9a840
10

Y 0.000000 0.000000 0.000000
Y 2.687006 2.687006 0.000000
D 5.374012 2.687006 2.687006
P 5.374012 0.000000 0.000000
E 2.687006 0.000000 -2.687006
T 2.687006 -2.687006 0.000000
G 0.000000 -2.687006 2.687006
T 0.000000 0.000000 5.374012
W 0.000000 2.687006 2.687006
Y 2.687006 0.000000 2.687006


-49.330000	732b647a0
10

Y 0.000000 0.000000 0.000000
Y 2.687006 2.687006 0.000000
D 0.000000 2.687006 -2.687006
P 2.687006 0.000000 -2.687006
E 5.374012 0.000000 0.000000
T 2.687006 -2.687006 0.000000
G 0.000000 -2.687006 2.687006
T 0.000000 0.000000 5.374012
W 0.000000 2.687006 2.687006
Y 2.687006 0.000000 2.687006
