-57.700000	a22687b00
10

Q 0.000000 0.000000 0.000000
Y 2.687006 2.687006 0.000000
Q 5.374012 5.374012 0.000000
F 2.687006 5.374012 2.687006
W 5.374012 2.687006 2.687006
K 5.374012 0.000000 0.000000
N 2.687006 -2.687006 0.000000
F 2.687006 0.000000 2.687006
Q 2.687006 2.687006 5.374012
T 0.000000 2.687006 2.687006


-57.700000	b33697a00
10

Q 0.000000 0.000000 0.000000
Y 2.687006 2.687006 0.000000
Q 5.374012 5.374012 0.000000
F 2.687006 5.374012 -2.687006
W 5.374012 2.687006 -2.687006
K 5.374012 0.000000 0.000000
N 2.687006 -2.687006 0.000000
F 2.687006 0.000000 -2.687006
Q 2.687006 2.687006 -5.374012
T 0.000000 2.687006 -2.687006


-57.700000	04b7a5640
10

Q 0.000000 0.000000 0.000000
Y 2.687006 2.687006 0.000000
Q 5.374012 2.687006 2.687006
F 2.687006 0.000000 2.687006
W 5.374012 0.000000 0.000000
K 2.687006 0.000000 -2.687006
N 5.374012 -2.687006 -2.687006
F 2.687006 -2.687006 0.000000
Q 5.374012 -2.687006 2.687006
T 8.061017 0.000000 2.687006


-57.700000	a67b01640
10

Q 0.000000 0.000000 0.000000
Y 2.687006 2.687006 0.000000
Q 5.374012 2.687006 2.687006
F 2.687006 0.000000 2.687006
W 0.000000 2.687006 2.687006
K 2.687006 5.374012 2.687006
N 0.000000 5.374012 5.374012
F 2.687006 2.687006 5.374012
Q 0.000000 0.000000 5.374012
T -2.687006 0.000000 2.687006


-57.700000	8446a1900
10

Q 0.000000 0.000000 0.000000
Y 2.687006 2.687006 0.000000
Q 5.374012 5.374012 0.000000
F 5.374012 2.687006 2.687006
W 2.687006 5.374012 2.687006
K 0.000000 5.374012 0.000000
N -2.687006 2.687006 0.000000
F 0.000000 2.687006 2.687006
Q 2.687006 2.687006 5.374012
T 2.687006 0.000000 2.687006


-57.700000	9556b1800
10

Q 0.000000 0.000000 0.000000
Y 2.687006 2.687006 0.000000
Q 5.374012 5.374012 0.000000
F 5.374012 2.687006 -2.687006
W 2.687006 5.374012 -2.687006
K 0.000000 5.374012 0.000000
N -2.687006 2.687006 0.000000
F 0.000000 2.687006 -2.687006
Q 2.687006 2.687006 -5.374012
T 2.687006 0.000000 -2.687006
