-49.190000	136948a00
10

Y 0.000000 0.000000 0.000000
Y 2.687006 2.687006 0.000000
D 5.374012 5.374012 0.000000
P 2.687006 5.374012 -2.687006
E 2.687006 2.687006 -5.374012
T 5.374012 2.687006 -2.687006
G 5.374012 0.000000 0.000000
T 2.687006 -2.687006 0.000000
W 2.687006 0.000000 -2.687006
Y 0.000000 2.687006 -2.687006


-49.190000	126859b00
10

Y 0.000000 0.000000 0.000000
Y 2.687006 2.687006 0.000000
D 5.374012 5.374012 0.000000
P 2.687006 5.374012 2.687006
E 2.687006 2.687006 5.374012
T 5.374012 2.687006 2.687006
G 5.374012 0.000000 0.000000
T 2.687006 -2.687006 0.000000
W 2.687006 0.000000 2.687006
Y 0.000000 2.687006 2.687006


-49.190000	756b2a800
10

Y 0.000000 0.000000 0.000000
Y 2.687006 2.687006 0.000000
D 5.374012 5.374012 0.000000
P 5.374012 2.687006 -2.687006
E 2.687006 2.687006 -5.374012
T 2.687006 5.374012 -2.687006
G 0.000000 5.374012 0.000000
T -2.687006 2.687006 0.000000
W 0.000000 2.687006 -2.687006
Y 2.687006 0.000000 -2.687006


-49.190000	746a3b900
10

Y 0.000000 0.000000 0.000000
Y 2.687006 2.687006 0.000000
D 5.374012 5.374012 0.000000
P 5.374012 2.687006 2.687006
E 2.687006 2.687006 5.374012
T 2.687006 5.374012 2.687006
G 0.000000 5.374012 0.000000
T -2.687006 2.687006 0.000000
W 0.000000 2.687006 2.687006
Y 2.687006 0.000000 2.687006


-49.190000	19a308640
10

Y 0.000000 0.000000 0.000000
Y 2.687006 2.687006 0.000000
D 5.374012 2.687006 2.687006
P 2.687006 0.000000 2.687006
E 2.687006 -2.687006 0.000000
T 5.374012 0.000000 0.000000
G 5.374012 2.687006 -2.687006
T 2.687006 2.687006 -5.374012
W 2.687006 0.000000 -2.687006
Y 0.000000 2.687006 -2.687006
