-57.660000	380ab9840
10

Q 0.000000 0.000000 0.000000
Y 2.687006 2.687006 0.000000
Q 5.374012 2.687006 2.687006
F 5.374012 0.000000 0.000000
W 5.374012 -2.687006 2.687006
K 2.687006 -2.687006 5.374012
N 0.000000 -2.687006 2.687006
F 2.687006 0.000000 2.687006
Q 2.687006 -2.687006 0.000000
T 2.687006 0.000000 -2.687006


-57.660000	a04158640
10

Q 0.000000 0.000000 0.000000
Y 2.687006 2.687006 0.000000
Q 5.374012 2.687006 2.687006
F 2.687006 0.000000 2.687006
W 2.687006 -2.687006 0.000000
K 5.374012 -2.687006 -2.687006
N 2.687006 0.000000 -2.687006
F 5.374012 0.000000 0.000000
Q 8.061017 2.687006 0.000000
T 5.374012 2.687006 -2.687006


-57.660000	0a6512640
10

Q 0.000000 0.000000 0.000000
Y 2.687006 2.687006 0.000000
Q 5.374012 2.687006 2.687006
F 2.687006 0.000000 2.687006
W 2.687006 2.687006 5.374012
K 0.000000 5.374012 5.374012
N 2.687006 5.374012 2.687006
F 0.000000 2.687006 2.687006
Q -2.687006 2.687006 0.000000
T 0.000000 5.374012 0.000000
