-26.710000	90bb680a0
10

Q 0.000000 0.000000 0.000000
Y 2.687006 2.687006 0.000000
Q 0.000000 2.687006 -2.687006
F 2.687006 5.374012 -2.687006
W 2.687006 2.687006 -5.374012
K 0.000000 0.000000 -5.374012
N -2.687006 0.000000 -2.687006
F -5.374012 0.000000 0.000000
Q -2.687006 2.687006 0.000000
T -2.687006 0.000000 2.687006


-26.710000	90b96a0a0
10

Q 0.000000 0.000000 0.000000
Y 2.687006 2.687006 0.000000
Q 0.000000 2.687006 -2.687006
F 2.687006 5.374012 -2.687006
W 0.000000 5.374012 -5.374012
K -2.687006 2.687006 -5.374012
N -2.687006 0.000000 -2.687006
F -5.374012 0.000000 0.000000
Q -2.687006 2.687006 0.000000
T -2.687006 0.000000 2.687006


-26.710000	2468ab0a0
10

Q 0.000000 0.000000 0.000000
Y 2.687006 2.687006 0.000000
Q 0.000000 2.687006 -2.687006
F 2.687006 5.374012 -2.687006
W 0.000000 5.374012 0.000000
K -2.687006 5.374012 -2.687006
N -2.687006 2.687006 -5.374012
F -5.374012 0.000000 -5.374012
Q -2.687006 0.000000 -2.687006
T -2.687006 2.687006 0.000000


-26.710000	a0bb680a0
10

Q 0.000000 0.000000 0.000000
Y 2.687006 2.687006 0.000000
Q 0.000000 2.687006 -2.687006
F 2.687006 5.374012 -2.687006
W 2.687006 2.687006 -5.374012
K 0.000000 0.000000 -5.374012
N -2.687006 0.000000 -2.687006
F -5.374012 0.000000 0.000000
Q -2.687006 2.687006 0.000000
T -5.374012 2.687006 -2.687006


-26.710000	341b680a0
10

Q 0.000000 0.000000 0.000000
Y 2.687006 2.687006 0.000000
Q 0.000000 2.687006 -2.687006
F 2.687006 5.374012 -2.687006
W 2.687006 2.687006 -5.374012
K 0.000000 0.000000 -5.374012
N -2.687006 0.000000 -2.687006
F -5.374012 2.687006 -2.687006
Q -2.687006 2.687006 0.000000
T -2.687006 5.374012 -2.687006


-26.710000	441b680a0
10

Q 0.000000 0.000000 0.000000
Y 2.687006 2.687006 0.000000
Q 0.000000 2.687006 -2.687006
F 2.687006 5.374012 -2.687006
W 2.687006 2.687006 -5.374012
K 0.000000 0.000000 -5.374012
N -2.687006 0.000000 -2.687006
F -5.374012 2.687006 -2.687006
Q -2.687006 2.687006 0.000000
T 0.000000 2.687006 2.687006


-26.710000	641b680a0
10

Q 0.000000 0.000000 0.000000
Y 2.687006 2.687006 0.000000
Q 0.000000 2.687006 -2.687006
F 2.687006 5.374012 -2.687006
W 2.687006 2.687006 -5.374012
K 0.000000 0.000000 -5.374012
N -2.687006 0.000000 -2.687006
F -5.374012 2.687006 -2.687006
Q -2.687006 2.687006 0.000000
T -5.374012 0.000000 0.000000


-26.710000	9569ba0a0
10

Q 0.000000 0.000000 0.000000
Y 2.687006 2.687006 0.000000
Q 0.000000 2.687006 -2.687006
F 2.687006 5.374012 -2.687006
W 0.000000 5.374012 -5.374012
K -2.687006 5.374012 -2.687006
N -2.687006 2.687006 0.000000
F -5.374012 0.000000 0.000000
Q -2.687006 0.000000 -2.687006
T -2.687006 -2.687006 0.000000


-26.710000	40bb680a0
10

Q 0.000000 0.000000 0.000000
Y 2.687006 2.687006 0.000000
Q 0.000000 2.687006 -2.687006
F 2.687006 5.374012 -2.687006
W 2.687006 2.687006 -5.374012
K 0.000000 0.000000 -5.374012
N -2.687006 0.000000 -2.687006
F -5.374012 0.000000 0.000000
Q -2.687006 2.687006 0.000000
T 0.000000 2.687006 2.687006


-26.710000	40b96a0a0
10

Q 0.000000 0.000000 0.000000
Y 2.687006 2.687006 0.000000
Q 0.000000 2.687006 -2.687006
F 2.687006 5.374012 -2.687006
W 0.000000 5.374012 -5.374012
K -2.687006 2.687006 -5.374012
N -2.687006 0.000000 -2.687006
F -5.374012 0.000000 0.000000
Q -2.687006 2.687006 0.000000
T 0.000000 2.687006 2.687006


-26.710000	3621852a0
10

Q 0.000000 0.000000 0.000000
Y 2.687006 2.687006 0.000000
Q 0.000000 2.687006 -2.687006
F 0.000000 5.374012 0.000000
W 2.687006 5.374012 -2.687006
K 2.687006 2.687006 -5.374012
N 0.000000 5.374012 -5.374012
F 0.000000 8.061017 -2.687006
Q -2.687006 5.374012 -2.687006
T -2.687006 8.061017 -5.374012


-26.710000	b7a8b41a0
10

Q 0.000000 0.000000 0.000000
Y 2.687006 2.687006 0.000000
Q 0.000000 2.687006 -2.687006
F -2.687006 5.374012 -2.687006
W 0.000000 5.374012 0.000000
K -2.687006 5.374012 2.687006
N -2.687006 2.687006 0.000000
F -5.374012 2.687006 -2.687006
Q -2.687006 0.000000 -2.687006
T -5.374012 0.000000 0.000000
