-58.690000	2626707a0
10

Q 0.000000 0.000000 0.000000
Y 2.687006 2.687006 0.000000
Q 0.000000 2.687006 -2.687006
F 2.687006 0.000000 -2.687006
W 5.374012 2.687006 -2.687006
K 8.061017 0.000000 -2.687006
N 5.374012 -2.687006 -2.687006
F 5.374012 0.000000 0.000000
Q 2.687006 -2.687006 0.000000
T 2.687006 0.000000 2.687006


-58.690000	2629807a0
10

Q 0.000000 0.000000 0.000000
Y 2.687006 2.687006 0.000000
Q 0.000000 2.687006 -2.687006
F 2.687006 0.000000 -2.687006
W 5.374012 2.687006 -2.687006
K 5.374012 0.000000 -5.374012
N 5.374012 -2.687006 -2.687006
F 5.374012 0.000000 0.000000
Q 2.687006 -2.687006 0.000000
T 2.687006 0.000000 2.687006


-58.690000	2a23847a0
10

Q 0.000000 0.000000 0.000000
Y 2.687006 2.687006 0.000000
Q 0.000000 2.687006 -2.687006
F 2.687006 0.000000 -2.687006
W 5.374012 0.000000 0.000000
K 5.374012 -2.687006 -2.687006
N 5.374012 0.000000 -5.374012
F 5.374012 2.687006 -2.687006
Q 2.687006 2.687006 -5.374012
T 2.687006 5.374012 -2.687006


-58.690000	2a2a547a0
10

Q 0.000000 0.000000 0.000000
Y 2.687006 2.687006 0.000000
Q 0.000000 2.687006 -2.687006
F 2.687006 0.000000 -2.687006
W 5.374012 0.000000 0.000000
K 8.061017 0.000000 -2.687006
N 5.374012 0.000000 -5.374012
F 5.374012 2.687006 -2.687006
Q 2.687006 2.687006 -5.374012
T 2.687006 5.374012 -2.687006


-58.690000	894158640
10

Q 0.000000 0.000000 0.000000
Y 2.687006 2.687006 0.000000
Q 5.374012 2.687006 2.687006
F 2.687006 0.000000 2.687006
W 2.687006 -2.687006 0.000000
K 5.374012 -2.687006 -2.687006
N 2.687006 0.000000 -2.687006
F 5.374012 0.000000 0.000000
Q 5.374012 -2.687006 2.687006
T 5.374012 -5.374012 0.000000


-58.690000	296512640
10

Q 0.000000 0.000000 0.000000
Y 2.687006 2.687006 0.000000
Q 5.374012 2.687006 2.687006
F 2.687006 0.000000 2.687006
W 2.687006 2.687006 5.374012
K 0.000000 5.374012 5.374012
N 2.687006 5.374012 2.687006
F 0.000000 2.687006 2.687006
Q 0.000000 0.000000 5.374012
T 0.000000 2.687006 8.061017
