-58.050000	731b87510
10

Q 0.000000 0.000000 0.000000
Y 2.687006 2.687006 0.000000
Q 0.000000 5.374012 0.000000
F 2.687006 5.374012 -2.687006
W 5.374012 2.687006 -2.687006
K 5.374012 0.000000 -5.374012
N 2.687006 0.000000 -2.687006
F 0.000000 2.687006 -2.687006
Q 0.000000 5.374012 -5.374012
T 2.687006 2.687006 -5.374012


-58.050000	721a97410
10

Q 0.000000 0.000000 0.000000
Y 2.687006 2.687006 0.000000
Q 0.000000 5.374012 0.000000
F 2.687006 5.374012 2.687006
W 5.374012 2.687006 2.687006
K 5.374012 0.000000 5.374012
N 2.687006 0.000000 2.687006
F 0.000000 2.687006 2.687006
Q 0.000000 5.374012 5.374012
T 2.687006 2.687006 5.374012


-58.050000	b03198b40
10

Q 0.000000 0.000000 0.000000
Y 2.687006 2.687006 0.000000
Q 5.374012 2.687006 2.687006
F 2.687006 2.687006 5.374012
W 2.687006 0.000000 2.687006
K 2.687006 -2.687006 5.374012
N 0.000000 0.000000 5.374012
F 0.000000 2.687006 2.687006
Q 2.687006 5.374012 2.687006
T 0.000000 5.374012 5.374012


-58.050000	73a59b840
10

Q 0.000000 0.000000 0.000000
Y 2.687006 2.687006 0.000000
Q 5.374012 2.687006 2.687006
F 5.374012 0.000000 0.000000
W 2.687006 0.000000 2.687006
K 2.687006 -2.687006 5.374012
N 5.374012 -2.687006 2.687006
F 2.687006 -2.687006 0.000000
Q 2.687006 0.000000 -2.687006
T 5.374012 -2.687006 -2.687006
