-59.340000	811095810
10

Q 0.000000 0.000000 0.000000
Y 2.687006 2.687006 0.000000
Q 0.000000 5.374012 0.000000
F 0.000000 2.687006 -2.687006
W 2.687006 2.687006 -5.374012
K 2.687006 0.000000 -2.687006
N 5.374012 2.687006 -2.687006
F 2.687006 5.374012 -2.687006
Q 0.000000 8.061017 -2.687006
T 0.000000 5.374012 -5.374012


-59.340000	266734910
10

Q 0.000000 0.000000 0.000000
Y 2.687006 2.687006 0.000000
Q 0.000000 5.374012 0.000000
F 0.000000 2.687006 2.687006
W 2.687006 2.687006 5.374012
K 2.687006 5.374012 2.687006
N 5.374012 2.687006 2.687006
F 2.687006 0.000000 2.687006
Q 0.000000 -2.687006 2.687006
T 0.000000 0.000000 5.374012


-59.340000	911084910
10

Q 0.000000 0.000000 0.000000
Y 2.687006 2.687006 0.000000
Q 0.000000 5.374012 0.000000
F 0.000000 2.687006 2.687006
W 2.687006 2.687006 5.374012
K 2.687006 0.000000 2.687006
N 5.374012 2.687006 2.687006
F 2.687006 5.374012 2.687006
Q 0.000000 8.061017 2.687006
T 0.000000 5.374012 5.374012


-59.340000	366725810
10

Q 0.000000 0.000000 0.000000
Y 2.687006 2.687006 0.000000
Q 0.000000 5.374012 0.000000
F 0.000000 2.687006 -2.687006
W 2.687006 2.687006 -5.374012
K 2.687006 5.374012 -2.687006
N 5.374012 2.687006 -2.687006
F 2.687006 0.000000 -2.687006
Q 0.000000 -2.687006 -2.687006
T 0.000000 0.000000 -5.374012


-59.340000	249185640
10

Q 0.000000 0.000000 0.000000
Y 2.687006 2.687006 0.000000
Q 5.374012 2.687006 2.687006
F 2.687006 0.000000 2.687006
W 5.374012 0.000000 0.000000
K 5.374012 -2.687006 -2.687006
N 2.687006 0.000000 -2.687006
F 2.687006 -2.687006 0.000000
Q 5.374012 -2.687006 2.687006
T 5.374012 0.000000 5.374012


-59.340000	b03268b40
10

Q 0.000000 0.000000 0.000000
Y 2.687006 2.687006 0.000000
Q 5.374012 2.687006 2.687006
F 2.687006 2.687006 5.374012
W 2.687006 0.000000 2.687006
K 0.000000 -2.687006 2.687006
N 0.000000 0.000000 5.374012
F 0.000000 2.687006 2.687006
Q 2.687006 5.374012 2.687006
T 0.000000 5.374012 5.374012


-59.340000	869521640
10

Q 0.000000 0.000000 0.000000
Y 2.687006 2.687006 0.000000
Q 5.374012 2.687006 2.687006
F 2.687006 0.000000 2.687006
W 0.000000 2.687006 2.687006
K 0.000000 5.374012 5.374012
N 2.687006 5.374012 2.687006
F 2.687006 2.687006 5.374012
Q 0.000000 0.000000 5.374012
T 0.000000 -2.687006 2.687006


-59.340000	731a97510
10

Q 0.000000 0.000000 0.000000
Y 2.687006 2.687006 0.000000
Q 0.000000 5.374012 0.000000
F 2.687006 5.374012 -2.687006
W 5.374012 2.687006 -2.687006
K 5.374012 0.000000 0.000000
N 2.687006 0.000000 -2.687006
F 0.000000 2.687006 -2.687006
Q 0.000000 5.374012 -5.374012
T 2.687006 2.687006 -5.374012


-59.340000	73a84b840
10

Q 0.000000 0.000000 0.000000
Y 2.687006 2.687006 0.000000
Q 5.374012 2.687006 2.687006
F 5.374012 0.000000 0.000000
W 2.687006 0.000000 2.687006
K 5.374012 0.000000 5.374012
N 5.374012 -2.687006 2.687006
F 2.687006 -2.687006 0.000000
Q 2.687006 0.000000 -2.687006
T 5.374012 -2.687006 -2.687006


-59.340000	721b87410
10

Q 0.000000 0.000000 0.000000
Y 2.687006 2.687006 0.000000
Q 0.000000 5.374012 0.000000
F 2.687006 5.374012 2.687006
W 5.374012 2.687006 2.687006
K 5.374012 0.000000 0.000000
N 2.687006 0.000000 2.687006
F 0.000000 2.687006 2.687006
Q 0.000000 5.374012 5.374012
T 2.687006 2.687006 5.374012
