-57.610000	8bb036800
10

Q 0.000000 0.000000 0.000000
Y 2.687006 2.687006 0.000000
Q 5.374012 5.374012 0.000000
F 5.374012 2.687006 -2.687006
W 2.687006 0.000000 -2.687006
K 2.687006 2.687006 -5.374012
N 5.374012 5.374012 -5.374012
F 2.687006 5.374012 -2.687006
Q 0.000000 5.374012 0.000000
T 0.000000 2.687006 -2.687006


-57.610000	9aa026900
10

Q 0.000000 0.000000 0.000000
Y 2.687006 2.687006 0.000000
Q 5.374012 5.374012 0.000000
F 5.374012 2.687006 2.687006
W 2.687006 0.000000 2.687006
K 2.687006 2.687006 5.374012
N 5.374012 5.374012 5.374012
F 2.687006 5.374012 2.687006
Q 0.000000 5.374012 0.000000
T 0.000000 2.687006 2.687006


-57.610000	a99056a00
10

Q 0.000000 0.000000 0.000000
Y 2.687006 2.687006 0.000000
Q 5.374012 5.374012 0.000000
F 2.687006 5.374012 -2.687006
W 0.000000 2.687006 -2.687006
K 2.687006 2.687006 -5.374012
N 5.374012 5.374012 -5.374012
F 5.374012 2.687006 -2.687006
Q 5.374012 0.000000 0.000000
T 2.687006 0.000000 -2.687006


-57.610000	b88046b00
10

Q 0.000000 0.000000 0.000000
Y 2.687006 2.687006 0.000000
Q 5.374012 5.374012 0.000000
F 2.687006 5.374012 2.687006
W 0.000000 2.687006 2.687006
K 2.687006 2.687006 5.374012
N 5.374012 5.374012 5.374012
F 5.374012 2.687006 2.687006
Q 5.374012 0.000000 0.000000
T 2.687006 0.000000 2.687006


-57.610000	8434b6840
10

Q 0.000000 0.000000 0.000000
Y 2.687006 2.687006 0.000000
Q 5.374012 2.687006 2.687006
F 5.374012 0.000000 0.000000
W 2.687006 -2.687006 0.000000
K 0.000000 -2.687006 2.687006
N 2.687006 -2.687006 5.374012
F 2.687006 0.000000 2.687006
Q 5.374012 0.000000 5.374012
T 5.374012 -2.687006 2.687006
