-48.090000	3637792a0
10

Y 0.000000 0.000000 0.000000
Y 2.687006 2.687006 0.000000
D 0.000000 2.687006 -2.687006
P 0.000000 5.374012 0.000000
E 0.000000 2.687006 2.687006
T 2.687006 0.000000 2.687006
G 5.374012 -2.687006 2.687006
T 5.374012 0.000000 0.000000
W 2.687006 -2.687006 0.000000
Y 2.687006 0.000000 -2.687006


-48.090000	1084b62a0
10

Y 0.000000 0.000000 0.000000
Y 2.687006 2.687006 0.000000
D 0.000000 2.687006 -2.687006
P 0.000000 5.374012 0.000000
E -2.687006 2.687006 0.000000
T -5.374012 2.687006 2.687006
G -2.687006 2.687006 5.374012
T -2.687006 0.000000 2.687006
W 0.000000 2.687006 2.687006
Y -2.687006 5.374012 2.687006


-48.090000	646a32640
10

Y 0.000000 0.000000 0.000000
Y 2.687006 2.687006 0.000000
D 5.374012 2.687006 2.687006
P 2.687006 0.000000 2.687006
E 2.687006 2.687006 5.374012
T 2.687006 5.374012 2.687006
G 0.000000 5.374012 0.000000
T -2.687006 2.687006 0.000000
W 0.000000 2.687006 2.687006
Y -2.687006 0.000000 2.687006


-48.090000	a7ba32640
10

Y 0.000000 0.000000 0.000000
Y 2.687006 2.687006 0.000000
D 5.374012 2.687006 2.687006
P 2.687006 0.000000 2.687006
E 2.687006 2.687006 5.374012
T 2.687006 5.374012 2.687006
G 0.000000 5.374012 0.000000
T -2.687006 5.374012 2.687006
W 0.000000 2.687006 2.687006
Y -2.687006 2.687006 0.000000


-48.090000	613874610
10

Y 0.000000 0.000000 0.000000
Y 2.687006 2.687006 0.000000
D 0.000000 5.374012 0.000000
P -2.687006 2.687006 0.000000
E 0.000000 2.687006 2.687006
T 2.687006 0.000000 2.687006
G 2.687006 -2.687006 0.000000
T 2.687006 0.000000 -2.687006
W 0.000000 2.687006 -2.687006
Y -2.687006 0.000000 -2.687006


-48.090000	612975610
10

Y 0.000000 0.000000 0.000000
Y 2.687006 2.687006 0.000000
D 0.000000 5.374012 0.000000
P -2.687006 2.687006 0.000000
E 0.000000 2.687006 -2.687006
T 2.687006 0.000000 -2.687006
G 2.687006 -2.687006 0.000000
T 2.687006 0.000000 2.687006
W 0.000000 2.687006 2.687006
Y -2.687006 0.000000 2.687006


-48.090000	3a95792a0
10

Y 0.000000 0.000000 0.000000
Y 2.687006 2.687006 0.000000
D 0.000000 2.687006 -2.687006
P 0.000000 5.374012 0.000000
E 0.000000 2.687006 2.687006
T 2.687006 0.000000 2.687006
G 5.374012 0.000000 0.000000
T 5.374012 -2.687006 2.687006
W 2.687006 -2.687006 0.000000
Y 2.687006 0.000000 -2.687006


-48.090000	3819970a0
10

Y 0.000000 0.000000 0.000000
Y 2.687006 2.687006 0.000000
D 0.000000 2.687006 -2.687006
P 2.687006 5.374012 -2.687006
E 5.374012 2.687006 -2.687006
T 5.374012 0.000000 0.000000
G 5.374012 -2.687006 2.687006
T 2.687006 0.000000 2.687006
W 2.687006 -2.687006 0.000000
Y 2.687006 0.000000 -2.687006


-48.090000	3819945a0
10

Y 0.000000 0.000000 0.000000
Y 2.687006 2.687006 0.000000
D 0.000000 2.687006 -2.687006
P 2.687006 2.687006 -5.374012
E 5.374012 2.687006 -2.687006
T 5.374012 0.000000 0.000000
G 5.374012 -2.687006 2.687006
T 2.687006 0.000000 2.687006
W 2.687006 -2.687006 0.000000
Y 2.687006 0.000000 -2.687006


-48.090000	a372498a0
10

Y 0.000000 0.000000 0.000000
Y 2.687006 2.687006 0.000000
D 0.000000 2.687006 -2.687006
P 0.000000 0.000000 -5.374012
E 0.000000 -2.687006 -2.687006
T 2.687006 -2.687006 0.000000
G 2.687006 0.000000 2.687006
T 5.374012 -2.687006 2.687006
W 5.374012 0.000000 0.000000
Y 2.687006 0.000000 -2.687006


-48.090000	a372476a0
10

Y 0.000000 0.000000 0.000000
Y 2.687006 2.687006 0.000000
D 0.000000 2.687006 -2.687006
P -2.687006 0.000000 -2.687006
E 0.000000 -2.687006 -2.687006
T 2.687006 -2.687006 0.000000
G 2.687006 0.000000 2.687006
T 5.374012 -2.687006 2.687006
W 5.374012 0.000000 0.000000
Y 2.687006 0.000000 -2.687006


-48.090000	a348792a0
10

Y 0.000000 0.000000 0.000000
Y 2.687006 2.687006 0.000000
D 0.000000 2.687006 -2.687006
P 0.000000 5.374012 0.000000
E 0.000000 2.687006 2.687006
T 2.687006 0.000000 2.687006
G 2.687006 -2.687006 0.000000
T 5.374012 -2.687006 2.687006
W 5.374012 0.000000 0.000000
Y 2.687006 0.000000 -2.687006


-48.090000	a34874ba0
10

Y 0.000000 0.000000 0.000000
Y 2.687006 2.687006 0.000000
D 0.000000 2.687006 -2.687006
P -2.687006 2.687006 0.000000
E 0.000000 2.687006 2.687006
T 2.687006 0.000000 2.687006
G 2.687006 -2.687006 0.000000
T 5.374012 -2.687006 2.687006
W 5.374012 0.000000 0.000000
Y 2.687006 0.000000 -2.687006


-48.090000	165920ba0
10

Y 0.000000 0.000000 0.000000
Y 2.687006 2.687006 0.000000
D 0.000000 2.687006 -2.687006
P -2.687006 2.687006 0.000000
E 0.000000 5.374012 0.000000
T 0.000000 8.061017 2.687006
G 0.000000 5.374012 5.374012
T 2.687006 5.374012 2.687006
W 0.000000 2.687006 2.687006
Y -2.687006 5.374012 2.687006


-48.090000	363774ba0
10

Y 0.000000 0.000000 0.000000
Y 2.687006 2.687006 0.000000
D 0.000000 2.687006 -2.687006
P -2.687006 2.687006 0.000000
E 0.000000 2.687006 2.687006
T 2.687006 0.000000 2.687006
G 5.374012 -2.687006 2.687006
T 5.374012 0.000000 0.000000
W 2.687006 -2.687006 0.000000
Y 2.687006 0.000000 -2.687006


-48.090000	a0a7792a0
10

Y 0.000000 0.000000 0.000000
Y 2.687006 2.687006 0.000000
D 0.000000 2.687006 -2.687006
P 0.000000 5.374012 0.000000
E 0.000000 2.687006 2.687006
T 2.687006 0.000000 2.687006
G 5.374012 -2.687006 2.687006
T 2.687006 -2.687006 0.000000
W 5.374012 0.000000 0.000000
Y 2.687006 0.000000 -2.687006


-48.090000	a0a774ba0
10

Y 0.000000 0.000000 0.000000
Y 2.687006 2.687006 0.000000
D 0.000000 2.687006 -2.687006
P -2.687006 2.687006 0.000000
E 0.000000 2.687006 2.687006
T 2.687006 0.000000 2.687006
G 5.374012 -2.687006 2.687006
T 2.687006 -2.687006 0.000000
W 5.374012 0.000000 0.000000
Y 2.687006 0.000000 -2.687006


-48.090000	3a9574ba0
10

Y 0.000000 0.000000 0.000000
Y 2.687006 2.687006 0.000000
D 0.000000 2.687006 -2.687006
P -2.687006 2.687006 0.000000
E 0.000000 2.687006 2.687006
T 2.687006 0.000000 2.687006
G 5.374012 0.000000 0.000000
T 5.374012 -2.687006 2.687006
W 2.687006 -2.687006 0.000000
Y 2.687006 0.000000 -2.687006


-48.090000	3a7b970a0
10

Y 0.000000 0.000000 0.000000
Y 2.687006 2.687006 0.000000
D 0.000000 2.687006 -2.687006
P 2.687006 5.374012 -2.687006
E 5.374012 2.687006 -2.687006
T 5.374012 0.000000 0.000000
G 2.687006 0.000000 2.687006
T 5.374012 -2.687006 2.687006
W 2.687006 -2.687006 0.000000
Y 2.687006 0.000000 -2.687006


-48.090000	3a7b945a0
10

Y 0.000000 0.000000 0.000000
Y 2.687006 2.687006 0.000000
D 0.000000 2.687006 -2.687006
P 2.687006 2.687006 -5.374012
E 5.374012 2.687006 -2.687006
T 5.374012 0.000000 0.000000
G 2.687006 0.000000 2.687006
T 5.374012 -2.687006 2.687006
W 2.687006 -2.687006 0.000000
Y 2.687006 0.000000 -2.687006


-48.090000	a514498a0
10

Y 0.000000 0.000000 0.000000
Y 2.687006 2.687006 0.000000
D 0.000000 2.687006 -2.687006
P 0.000000 0.000000 -5.374012
E 0.000000 -2.687006 -2.687006
T 2.687006 -2.687006 0.000000
G 5.374012 -2.687006 2.687006
T 2.687006 0.000000 2.687006
W 5.374012 0.000000 0.000000
Y 2.687006 0.000000 -2.687006


-48.090000	a514476a0
10

Y 0.000000 0.000000 0.000000
Y 2.687006 2.687006 0.000000
D 0.000000 2.687006 -2.687006
P -2.687006 0.000000 -2.687006
E 0.000000 -2.687006 -2.687006
T 2.687006 -2.687006 0.000000
G 5.374012 -2.687006 2.687006
T 2.687006 0.000000 2.687006
W 5.374012 0.000000 0.000000
Y 2.687006 0.000000 -2.687006


-48.090000	729aa5940
10

Y 0.000000 0.000000 0.000000
Y 2.687006 2.687006 0.000000
D 5.374012 2.687006 2.687006
P 5.374012 0.000000 5.374012
E 8.061017 0.000000 2.687006
T 5.374012 0.000000 0.000000
G 2.687006 0.000000 -2.687006
T 2.687006 -2.687006 0.000000
W 2.687006 0.000000 2.687006
Y 5.374012 -2.687006 2.687006


-48.090000	61b475610
10

Y 0.000000 0.000000 0.000000
Y 2.687006 2.687006 0.000000
D 0.000000 5.374012 0.000000
P -2.687006 2.687006 0.000000
E 0.000000 2.687006 -2.687006
T 2.687006 0.000000 -2.687006
G 5.374012 0.000000 0.000000
T 2.687006 0.000000 2.687006
W 0.000000 2.687006 2.687006
Y -2.687006 0.000000 2.687006


-48.090000	61a574610
10

Y 0.000000 0.000000 0.000000
Y 2.687006 2.687006 0.000000
D 0.000000 5.374012 0.000000
P -2.687006 2.687006 0.000000
E 0.000000 2.687006 2.687006
T 2.687006 0.000000 2.687006
G 5.374012 0.000000 0.000000
T 2.687006 0.000000 -2.687006
W 0.000000 2.687006 -2.687006
Y -2.687006 0.000000 -2.687006
