-7.900000	032132301	0011011011011
10

Y 0.000000 0.000000 0.000000
Y 2.193931 2.193931 -2.193931
D 4.387862 0.000000 -4.387862
P 6.581793 -2.193931 -2.193931
E 8.775724 0.000000 0.000000
T 10.969655 -2.193931 2.193931
G 8.775724 -4.387862 4.387862
T 6.581793 -6.581793 2.193931
W 4.387862 -4.387862 0.000000
Y 2.193931 -2.193931 2.193931


-7.900000	030130301	0011001011001
10

Y 0.000000 0.000000 0.000000
Y 2.193931 2.193931 -2.193931
D 4.387862 0.000000 -4.387862
P 6.581793 -2.193931 -2.193931
E 8.775724 -4.387862 -4.387862
T 10.969655 -6.581793 -2.193931
G 8.775724 -8.775724 0.000000
T 6.581793 -6.581793 2.193931
W 4.387862 -4.387862 0.000000
Y 2.193931 -2.193931 2.193931


-7.900000	020120301	0001001001001
10

Y 0.000000 0.000000 0.000000
Y 2.193931 2.193931 -2.193931
D 4.387862 0.000000 -4.387862
P 6.581793 -2.193931 -2.193931
E 8.775724 -4.387862 -4.387862
T 6.581793 -6.581793 -6.581793
G 4.387862 -8.775724 -4.387862
T 2.193931 -6.581793 -2.193931
W 4.387862 -4.387862 -0.000000
Y 2.193931 -2.193931 2.193931


-7.670000	031201301	0011100100101
10

Y 0.000000 0.000000 0.000000
Y 2.193931 2.193931 -2.193931
D 4.387862 0.000000 -4.387862
P 6.581793 -2.193931 -2.193931
E 4.387862 -4.387862 0.000000
T 2.193931 -2.193931 2.193931
G 4.387862 0.000000 4.387862
T 6.581793 2.193931 2.193931
W 4.387862 4.387862 0.000000
Y 2.193931 6.581793 2.193931


-7.670000	131201301	1011100100101
10

Y 0.000000 0.000000 0.000000
Y 2.193931 2.193931 -2.193931
D 4.387862 0.000000 -4.387862
P 6.581793 -2.193931 -2.193931
E 4.387862 -4.387862 0.000000
T 2.193931 -2.193931 2.193931
G 4.387862 0.000000 4.387862
T 6.581793 2.193931 2.193931
W 4.387862 4.387862 0.000000
Y 6.581793 6.581793 -2.193931


-7.450000	310312301	1110001110011
10

Y 0.000000 0.000000 0.000000
Y 2.193931 2.193931 -2.193931
D 4.387862 0.000000 -4.387862
P 6.581793 -2.193931 -2.193931
E 8.775724 0.000000 0.000000
T 10.969655 2.193931 -2.193931
G 8.775724 4.387862 -4.387862
T 6.581793 6.581793 -2.193931
W 4.387862 4.387862 0.000000
Y 6.581793 2.193931 2.193931


-7.450000	130132101	1011001011010
10

Y 0.000000 0.000000 0.000000
Y 2.193931 2.193931 -2.193931
D 4.387862 0.000000 -4.387862
P 6.581793 2.193931 -6.581793
E 8.775724 4.387862 -4.387862
T 10.969655 2.193931 -2.193931
G 8.775724 0.000000 -0.000000
T 6.581793 2.193931 2.193931
W 4.387862 4.387862 -0.000000
Y 6.581793 6.581793 -2.193931


-7.450000	120123101	1001001001110
10

Y 0.000000 0.000000 0.000000
Y 2.193931 2.193931 -2.193931
D 4.387862 0.000000 -4.387862
P 6.581793 2.193931 -6.581793
E 4.387862 4.387862 -8.775724
T 2.193931 2.193931 -10.969655
G 0.000000 0.000000 -8.775724
T -2.193931 2.193931 -6.581793
W 0.000000 4.387862 -4.387862
Y 2.193931 6.581793 -6.581793


-7.180000	210302301	0110001100011
10

Y 0.000000 0.000000 0.000000
Y 2.193931 2.193931 -2.193931
D 4.387862 0.000000 -4.387862
P 6.581793 -2.193931 -2.193931
E 8.775724 0.000000 0.000000
T 6.581793 2.193931 2.193931
G 4.387862 4.387862 0.000000
T 2.193931 6.581793 2.193931
W 0.000000 4.387862 4.387862
Y -2.193931 2.193931 2.193931


-7.180000	210102101	0110001000010
10

Y 0.000000 0.000000 0.000000
Y 2.193931 2.193931 -2.193931
D 4.387862 0.000000 -4.387862
P 6.581793 2.193931 -6.581793
E 8.775724 4.387862 -4.387862
T 6.581793 6.581793 -2.193931
G 4.387862 4.387862 -0.000000
T 2.193931 6.581793 2.193931
W 0.000000 4.387862 4.387862
Y -2.193931 2.193931 2.193931


-7.180000	213102101	0110111000010
10

Y 0.000000 0.000000 0.000000
Y 2.193931 2.193931 -2.193931
D 4.387862 0.000000 -4.387862
P 6.581793 2.193931 -6.581793
E 8.775724 4.387862 -4.387862
T 6.581793 6.581793 -2.193931
G 4.387862 4.387862 -0.000000
T 6.581793 2.193931 2.193931
W 4.387862 0.000000 4.387862
Y 2.193931 -2.193931 2.193931


-7.180000	132101301	1011011000101
10

Y 0.000000 0.000000 0.000000
Y 2.193931 2.193931 -2.193931
D 4.387862 0.000000 -4.387862
P 6.581793 -2.193931 -2.193931
E 4.387862 -4.387862 0.000000
T 2.193931 -2.193931 2.193931
G 0.000000 -4.387862 4.387862
T -2.193931 -6.581793 2.193931
W -4.387862 -4.387862 0.000000
Y -2.193931 -2.193931 -2.193931


-7.180000	310103101	1110001000110
10

Y 0.000000 0.000000 0.000000
Y 2.193931 2.193931 -2.193931
D 4.387862 0.000000 -4.387862
P 6.581793 2.193931 -6.581793
E 4.387862 4.387862 -8.775724
T 2.193931 6.581793 -6.581793
G 0.000000 4.387862 -4.387862
T -2.193931 6.581793 -2.193931
W -4.387862 4.387862 -0.000000
Y -2.193931 2.193931 2.193931


-7.180000	312103101	1110011000110
10

Y 0.000000 0.000000 0.000000
Y 2.193931 2.193931 -2.193931
D 4.387862 0.000000 -4.387862
P 6.581793 2.193931 -6.581793
E 4.387862 4.387862 -8.775724
T 2.193931 6.581793 -6.581793
G 0.000000 4.387862 -4.387862
T -2.193931 2.193931 -6.581793
W -4.387862 0.000000 -4.387862
Y -2.193931 -2.193931 -2.193931


-7.180000	130101301	1011001000101
10

Y 0.000000 0.000000 0.000000
Y 2.193931 2.193931 -2.193931
D 4.387862 0.000000 -4.387862
P 6.581793 -2.193931 -2.193931
E 4.387862 -4.387862 0.000000
T 2.193931 -2.193931 2.193931
G 0.000000 -4.387862 4.387862
T -2.193931 -2.193931 6.581793
W -4.387862 0.000000 4.387862
Y -2.193931 2.193931 2.193931


-7.180000	230201301	0111000100101
10

Y 0.000000 0.000000 0.000000
Y 2.193931 2.193931 -2.193931
D 4.387862 0.000000 -4.387862
P 6.581793 -2.193931 -2.193931
E 4.387862 -4.387862 0.000000
T 2.193931 -2.193931 2.193931
G 4.387862 0.000000 4.387862
T 2.193931 2.193931 6.581793
W 0.000000 4.387862 4.387862
Y -2.193931 2.193931 2.193931


-6.960000	130131301	1011001011101
10

Y 0.000000 0.000000 0.000000
Y 2.193931 2.193931 -2.193931
D 4.387862 0.000000 -4.387862
P 6.581793 -2.193931 -2.193931
E 4.387862 -4.387862 0.000000
T 6.581793 -6.581793 2.193931
G 4.387862 -8.775724 4.387862
T 2.193931 -6.581793 6.581793
W 0.000000 -4.387862 4.387862
Y 2.193931 -2.193931 2.193931


-6.960000	120121301	1001001001101
10

Y 0.000000 0.000000 0.000000
Y 2.193931 2.193931 -2.193931
D 4.387862 0.000000 -4.387862
P 6.581793 -2.193931 -2.193931
E 4.387862 -4.387862 0.000000
T 2.193931 -6.581793 -2.193931
G 0.000000 -8.775724 0.000000
T -2.193931 -6.581793 2.193931
W 0.000000 -4.387862 4.387862
Y 2.193931 -2.193931 2.193931


-6.960000	230231301	0111000111101
10

Y 0.000000 0.000000 0.000000
Y 2.193931 2.193931 -2.193931
D 4.387862 0.000000 -4.387862
P 6.581793 -2.193931 -2.193931
E 4.387862 -4.387862 0.000000
T 6.581793 -6.581793 2.193931
G 8.775724 -4.387862 4.387862
T 6.581793 -2.193931 6.581793
W 4.387862 -0.000000 4.387862
Y 2.193931 -2.193931 2.193931


-6.740000	101201301	1000100100101
10

Y 0.000000 0.000000 0.000000
Y 2.193931 2.193931 -2.193931
D 4.387862 0.000000 -4.387862
P 6.581793 -2.193931 -2.193931
E 4.387862 -4.387862 0.000000
T 2.193931 -2.193931 2.193931
G 4.387862 0.000000 4.387862
T 6.581793 2.193931 2.193931
W 8.775724 0.000000 0.000000
Y 10.969655 2.193931 -2.193931


-6.740000	202102301	0100011000011
10

Y 0.000000 0.000000 0.000000
Y 2.193931 2.193931 -2.193931
D 4.387862 0.000000 -4.387862
P 6.581793 -2.193931 -2.193931
E 8.775724 0.000000 0.000000
T 6.581793 2.193931 2.193931
G 4.387862 0.000000 4.387862
T 2.193931 -2.193931 2.193931
W 4.387862 -4.387862 0.000000
Y 2.193931 -6.581793 -2.193931


-6.740000	302102301	1100011000011
10

Y 0.000000 0.000000 0.000000
Y 2.193931 2.193931 -2.193931
D 4.387862 0.000000 -4.387862
P 6.581793 -2.193931 -2.193931
E 8.775724 0.000000 0.000000
T 6.581793 2.193931 2.193931
G 4.387862 0.000000 4.387862
T 2.193931 -2.193931 2.193931
W 4.387862 -4.387862 0.000000
Y 6.581793 -6.581793 2.193931


-6.740000	301201301	1100100100101
10

Y 0.000000 0.000000 0.000000
Y 2.193931 2.193931 -2.193931
D 4.387862 0.000000 -4.387862
P 6.581793 -2.193931 -2.193931
E 4.387862 -4.387862 0.000000
T 2.193931 -2.193931 2.193931
G 4.387862 0.000000 4.387862
T 6.581793 2.193931 2.193931
W 8.775724 0.000000 0.000000
Y 10.969655 -2.193931 2.193931


-5.970000	010320301	0010001101001
10

Y 0.000000 0.000000 0.000000
Y 2.193931 2.193931 -2.193931
D 4.387862 0.000000 -4.387862
P 6.581793 -2.193931 -2.193931
E 8.775724 -4.387862 -4.387862
T 6.581793 -6.581793 -6.581793
G 4.387862 -4.387862 -8.775724
T 2.193931 -2.193931 -6.581793
W 0.000000 -4.387862 -4.387862
Y -2.193931 -2.193931 -2.193931


-5.970000	010130101	0010001011000
10

Y 0.000000 0.000000 0.000000
Y 2.193931 2.193931 -2.193931
D 4.387862 0.000000 -4.387862
P 6.581793 2.193931 -6.581793
E 8.775724 0.000000 -8.775724
T 10.969655 -2.193931 -6.581793
G 8.775724 -4.387862 -4.387862
T 6.581793 -2.193931 -2.193931
W 4.387862 -4.387862 -0.000000
Y 2.193931 -2.193931 2.193931


-5.970000	010120101	0010001001000
10

Y 0.000000 0.000000 0.000000
Y 2.193931 2.193931 -2.193931
D 4.387862 0.000000 -4.387862
P 6.581793 2.193931 -6.581793
E 8.775724 0.000000 -8.775724
T 6.581793 -2.193931 -10.969655
G 4.387862 -4.387862 -8.775724
T 2.193931 -2.193931 -6.581793
W 0.000000 -4.387862 -4.387862
Y -2.193931 -2.193931 -2.193931


-5.970000	013123101	0010111001110
10

Y 0.000000 0.000000 0.000000
Y 2.193931 2.193931 -2.193931
D 4.387862 0.000000 -4.387862
P 6.581793 2.193931 -6.581793
E 4.387862 4.387862 -8.775724
T 2.193931 2.193931 -10.969655
G 0.000000 0.000000 -8.775724
T 2.193931 -2.193931 -6.581793
W 0.000000 -4.387862 -4.387862
Y -2.193931 -2.193931 -2.193931


-5.970000	012132101	0010011011010
10

Y 0.000000 0.000000 0.000000
Y 2.193931 2.193931 -2.193931
D 4.387862 0.000000 -4.387862
P 6.581793 2.193931 -6.581793
E 8.775724 4.387862 -4.387862
T 10.969655 2.193931 -2.193931
G 8.775724 0.000000 -0.000000
T 6.581793 -2.193931 -2.193931
W 4.387862 -4.387862 -0.000000
Y 2.193931 -2.193931 2.193931


-5.800000	103102101	1000111000010
10

Y 0.000000 0.000000 0.000000
Y 2.193931 2.193931 -2.193931
D 4.387862 0.000000 -4.387862
P 6.581793 2.193931 -6.581793
E 8.775724 4.387862 -4.387862
T 6.581793 6.581793 -2.193931
G 4.387862 4.387862 -0.000000
T 6.581793 2.193931 2.193931
W 8.775724 0.000000 -0.000000
Y 10.969655 2.193931 -2.193931


-5.800000	103101301	1000111000101
10

Y 0.000000 0.000000 0.000000
Y 2.193931 2.193931 -2.193931
D 4.387862 0.000000 -4.387862
P 6.581793 -2.193931 -2.193931
E 4.387862 -4.387862 0.000000
T 2.193931 -2.193931 2.193931
G 0.000000 -4.387862 4.387862
T 2.193931 -6.581793 6.581793
W 4.387862 -8.775724 4.387862
Y 6.581793 -6.581793 2.193931


-5.800000	102103101	1000011000110
10

Y 0.000000 0.000000 0.000000
Y 2.193931 2.193931 -2.193931
D 4.387862 0.000000 -4.387862
P 6.581793 2.193931 -6.581793
E 4.387862 4.387862 -8.775724
T 2.193931 6.581793 -6.581793
G 0.000000 4.387862 -4.387862
T -2.193931 2.193931 -6.581793
W 0.000000 0.000000 -8.775724
Y 2.193931 2.193931 -10.969655


-5.800000	102101301	1000011000101
10

Y 0.000000 0.000000 0.000000
Y 2.193931 2.193931 -2.193931
D 4.387862 0.000000 -4.387862
P 6.581793 -2.193931 -2.193931
E 4.387862 -4.387862 0.000000
T 2.193931 -2.193931 2.193931
G 0.000000 -4.387862 4.387862
T -2.193931 -6.581793 2.193931
W 0.000000 -8.775724 0.000000
Y 2.193931 -6.581793 -2.193931


-5.800000	203201301	0100110100101
10

Y 0.000000 0.000000 0.000000
Y 2.193931 2.193931 -2.193931
D 4.387862 0.000000 -4.387862
P 6.581793 -2.193931 -2.193931
E 4.387862 -4.387862 0.000000
T 2.193931 -2.193931 2.193931
G 4.387862 0.000000 4.387862
T 6.581793 -2.193931 6.581793
W 8.775724 -4.387862 4.387862
Y 6.581793 -6.581793 2.193931


-5.800000	301302301	1100101100011
10

Y 0.000000 0.000000 0.000000
Y 2.193931 2.193931 -2.193931
D 4.387862 0.000000 -4.387862
P 6.581793 -2.193931 -2.193931
E 8.775724 0.000000 0.000000
T 6.581793 2.193931 2.193931
G 4.387862 4.387862 0.000000
T 6.581793 6.581793 -2.193931
W 8.775724 4.387862 -4.387862
Y 10.969655 2.193931 -2.193931


-5.770000	203102101	0100111000010
10

Y 0.000000 0.000000 0.000000
Y 2.193931 2.193931 -2.193931
D 4.387862 0.000000 -4.387862
P 6.581793 2.193931 -6.581793
E 8.775724 4.387862 -4.387862
T 6.581793 6.581793 -2.193931
G 4.387862 4.387862 -0.000000
T 6.581793 2.193931 2.193931
W 8.775724 0.000000 -0.000000
Y 6.581793 -2.193931 -2.193931


-5.770000	201302301	0100101100011
10

Y 0.000000 0.000000 0.000000
Y 2.193931 2.193931 -2.193931
D 4.387862 0.000000 -4.387862
P 6.581793 -2.193931 -2.193931
E 8.775724 0.000000 0.000000
T 6.581793 2.193931 2.193931
G 4.387862 4.387862 0.000000
T 6.581793 6.581793 -2.193931
W 8.775724 4.387862 -4.387862
Y 6.581793 2.193931 -6.581793


-5.770000	302103101	1100011000110
10

Y 0.000000 0.000000 0.000000
Y 2.193931 2.193931 -2.193931
D 4.387862 0.000000 -4.387862
P 6.581793 2.193931 -6.581793
E 4.387862 4.387862 -8.775724
T 2.193931 6.581793 -6.581793
G 0.000000 4.387862 -4.387862
T -2.193931 2.193931 -6.581793
W 0.000000 0.000000 -8.775724
Y 2.193931 -2.193931 -6.581793


-4.660000	030132101	0011001011010
10

Y 0.000000 0.000000 0.000000
Y 2.193931 2.193931 -2.193931
D 4.387862 0.000000 -4.387862
P 6.581793 2.193931 -6.581793
E 8.775724 4.387862 -4.387862
T 10.969655 2.193931 -2.193931
G 8.775724 0.000000 -0.000000
T 6.581793 2.193931 2.193931
W 4.387862 4.387862 -0.000000
Y 2.193931 6.581793 2.193931


-4.660000	212302101	0110011100010
10

Y 0.000000 0.000000 0.000000
Y 2.193931 2.193931 -2.193931
D 4.387862 0.000000 -4.387862
P 6.581793 2.193931 -6.581793
E 8.775724 4.387862 -4.387862
T 6.581793 6.581793 -2.193931
G 4.387862 8.775724 -4.387862
T 2.193931 6.581793 -6.581793
W 0.000000 4.387862 -4.387862
Y -2.193931 2.193931 -6.581793


-4.660000	313203101	1110110100110
10

Y 0.000000 0.000000 0.000000
Y 2.193931 2.193931 -2.193931
D 4.387862 0.000000 -4.387862
P 6.581793 2.193931 -6.581793
E 4.387862 4.387862 -8.775724
T 2.193931 6.581793 -6.581793
G 4.387862 8.775724 -4.387862
T 6.581793 6.581793 -2.193931
W 4.387862 4.387862 -0.000000
Y 6.581793 2.193931 2.193931


-4.660000	020123101	0001001001110
10

Y 0.000000 0.000000 0.000000
Y 2.193931 2.193931 -2.193931
D 4.387862 0.000000 -4.387862
P 6.581793 2.193931 -6.581793
E 4.387862 4.387862 -8.775724
T 2.193931 2.193931 -10.969655
G 0.000000 0.000000 -8.775724
T -2.193931 2.193931 -6.581793
W 0.000000 4.387862 -4.387862
Y -2.193931 6.581793 -2.193931


-4.660000	010312301	0010001110011
10

Y 0.000000 0.000000 0.000000
Y 2.193931 2.193931 -2.193931
D 4.387862 0.000000 -4.387862
P 6.581793 -2.193931 -2.193931
E 8.775724 0.000000 0.000000
T 10.969655 2.193931 -2.193931
G 8.775724 4.387862 -4.387862
T 6.581793 6.581793 -2.193931
W 4.387862 4.387862 0.000000
Y 2.193931 6.581793 2.193931


-4.660000	013203101	0010110100110
10

Y 0.000000 0.000000 0.000000
Y 2.193931 2.193931 -2.193931
D 4.387862 0.000000 -4.387862
P 6.581793 2.193931 -6.581793
E 4.387862 4.387862 -8.775724
T 2.193931 6.581793 -6.581793
G 4.387862 8.775724 -4.387862
T 6.581793 6.581793 -2.193931
W 4.387862 4.387862 -0.000000
Y 2.193931 6.581793 2.193931


-4.660000	012302101	0010011100010
10

Y 0.000000 0.000000 0.000000
Y 2.193931 2.193931 -2.193931
D 4.387862 0.000000 -4.387862
P 6.581793 2.193931 -6.581793
E 8.775724 4.387862 -4.387862
T 6.581793 6.581793 -2.193931
G 4.387862 8.775724 -4.387862
T 2.193931 6.581793 -6.581793
W 0.000000 4.387862 -4.387862
Y -2.193931 6.581793 -2.193931


-4.170000	210132101	0110001011010
10

Y 0.000000 0.000000 0.000000
Y 2.193931 2.193931 -2.193931
D 4.387862 0.000000 -4.387862
P 6.581793 2.193931 -6.581793
E 8.775724 4.387862 -4.387862
T 10.969655 2.193931 -2.193931
G 8.775724 0.000000 -0.000000
T 6.581793 2.193931 2.193931
W 4.387862 0.000000 4.387862
Y 2.193931 -2.193931 2.193931


-4.170000	030120301	0011001001001
10

Y 0.000000 0.000000 0.000000
Y 2.193931 2.193931 -2.193931
D 4.387862 0.000000 -4.387862
P 6.581793 -2.193931 -2.193931
E 8.775724 -4.387862 -4.387862
T 6.581793 -6.581793 -6.581793
G 4.387862 -8.775724 -4.387862
T 2.193931 -6.581793 -2.193931
W 0.000000 -4.387862 -4.387862
Y -2.193931 -2.193931 -2.193931


-4.170000	310123101	1110001001110
10

Y 0.000000 0.000000 0.000000
Y 2.193931 2.193931 -2.193931
D 4.387862 0.000000 -4.387862
P 6.581793 2.193931 -6.581793
E 4.387862 4.387862 -8.775724
T 2.193931 2.193931 -10.969655
G 0.000000 0.000000 -8.775724
T -2.193931 2.193931 -6.581793
W -4.387862 0.000000 -4.387862
Y -2.193931 -2.193931 -2.193931


-4.170000	130121301	1011001001101
10

Y 0.000000 0.000000 0.000000
Y 2.193931 2.193931 -2.193931
D 4.387862 0.000000 -4.387862
P 6.581793 -2.193931 -2.193931
E 4.387862 -4.387862 0.000000
T 2.193931 -6.581793 -2.193931
G 0.000000 -8.775724 0.000000
T -2.193931 -6.581793 2.193931
W -4.387862 -4.387862 0.000000
Y -2.193931 -2.193931 -2.193931


-4.170000	230102301	0111001000011
10

Y 0.000000 0.000000 0.000000
Y 2.193931 2.193931 -2.193931
D 4.387862 0.000000 -4.387862
P 6.581793 -2.193931 -2.193931
E 8.775724 0.000000 0.000000
T 6.581793 2.193931 2.193931
G 4.387862 0.000000 4.387862
T 2.193931 2.193931 6.581793
W 0.000000 4.387862 4.387862
Y -2.193931 2.193931 2.193931


-4.170000	230132301	0111001011011
10

Y 0.000000 0.000000 0.000000
Y 2.193931 2.193931 -2.193931
D 4.387862 0.000000 -4.387862
P 6.581793 -2.193931 -2.193931
E 8.775724 0.000000 0.000000
T 10.969655 -2.193931 2.193931
G 8.775724 -4.387862 4.387862
T 6.581793 -2.193931 6.581793
W 4.387862 0.000000 4.387862
Y 2.193931 -2.193931 2.193931


-3.730000	103203101	1000110100110
10

Y 0.000000 0.000000 0.000000
Y 2.193931 2.193931 -2.193931
D 4.387862 0.000000 -4.387862
P 6.581793 2.193931 -6.581793
E 4.387862 4.387862 -8.775724
T 2.193931 6.581793 -6.581793
G 4.387862 8.775724 -4.387862
T 6.581793 6.581793 -2.193931
W 8.775724 4.387862 -4.387862
Y 10.969655 6.581793 -6.581793


-3.730000	321021301	1101100001101
10

Y 0.000000 0.000000 0.000000
Y 2.193931 2.193931 -2.193931
D 4.387862 0.000000 -4.387862
P 6.581793 -2.193931 -2.193931
E 4.387862 -4.387862 0.000000
T 2.193931 -6.581793 -2.193931
G 4.387862 -8.775724 -4.387862
T 6.581793 -6.581793 -6.581793
W 8.775724 -4.387862 -4.387862
Y 10.969655 -6.581793 -2.193931


-3.730000	210310101	0110001110000
10

Y 0.000000 0.000000 0.000000
Y 2.193931 2.193931 -2.193931
D 4.387862 0.000000 -4.387862
P 6.581793 2.193931 -6.581793
E 8.775724 0.000000 -8.775724
T 10.969655 2.193931 -10.969655
G 8.775724 4.387862 -13.163586
T 6.581793 6.581793 -10.969655
W 4.387862 4.387862 -8.775724
Y 2.193931 2.193931 -10.969655


-3.730000	102302101	1000011100010
10

Y 0.000000 0.000000 0.000000
Y 2.193931 2.193931 -2.193931
D 4.387862 0.000000 -4.387862
P 6.581793 2.193931 -6.581793
E 8.775724 4.387862 -4.387862
T 6.581793 6.581793 -2.193931
G 4.387862 8.775724 -4.387862
T 2.193931 6.581793 -6.581793
W 4.387862 4.387862 -8.775724
Y 6.581793 6.581793 -10.969655


-3.730000	320120301	1101001001001
10

Y 0.000000 0.000000 0.000000
Y 2.193931 2.193931 -2.193931
D 4.387862 0.000000 -4.387862
P 6.581793 -2.193931 -2.193931
E 8.775724 -4.387862 -4.387862
T 6.581793 -6.581793 -6.581793
G 4.387862 -8.775724 -4.387862
T 2.193931 -6.581793 -2.193931
W 4.387862 -4.387862 -0.000000
Y 6.581793 -6.581793 2.193931


-3.730000	213013101	0110110010110
10

Y 0.000000 0.000000 0.000000
Y 2.193931 2.193931 -2.193931
D 4.387862 0.000000 -4.387862
P 6.581793 2.193931 -6.581793
E 4.387862 4.387862 -8.775724
T 6.581793 6.581793 -10.969655
G 8.775724 4.387862 -13.163586
T 10.969655 2.193931 -10.969655
W 8.775724 0.000000 -8.775724
Y 6.581793 -2.193931 -10.969655


-3.730000	031231301	0011100111101
10

Y 0.000000 0.000000 0.000000
Y 2.193931 2.193931 -2.193931
D 4.387862 0.000000 -4.387862
P 6.581793 -2.193931 -2.193931
E 4.387862 -4.387862 0.000000
T 6.581793 -6.581793 2.193931
G 8.775724 -4.387862 4.387862
T 10.969655 -2.193931 2.193931
W 8.775724 -0.000000 0.000000
Y 6.581793 2.193931 2.193931


-3.730000	212012101	0110010010010
10

Y 0.000000 0.000000 0.000000
Y 2.193931 2.193931 -2.193931
D 4.387862 0.000000 -4.387862
P 6.581793 2.193931 -6.581793
E 8.775724 4.387862 -4.387862
T 10.969655 6.581793 -6.581793
G 13.163586 4.387862 -8.775724
T 10.969655 2.193931 -10.969655
W 8.775724 0.000000 -8.775724
Y 6.581793 -2.193931 -10.969655


-3.730000	030230301	0011000111001
10

Y 0.000000 0.000000 0.000000
Y 2.193931 2.193931 -2.193931
D 4.387862 0.000000 -4.387862
P 6.581793 -2.193931 -2.193931
E 8.775724 -4.387862 -4.387862
T 10.969655 -6.581793 -2.193931
G 13.163586 -4.387862 0.000000
T 10.969655 -2.193931 2.193931
W 8.775724 -0.000000 0.000000
Y 6.581793 2.193931 2.193931


-3.730000	030230101	0011000111000
10

Y 0.000000 0.000000 0.000000
Y 2.193931 2.193931 -2.193931
D 4.387862 0.000000 -4.387862
P 6.581793 2.193931 -6.581793
E 8.775724 0.000000 -8.775724
T 10.969655 -2.193931 -6.581793
G 13.163586 0.000000 -4.387862
T 10.969655 2.193931 -2.193931
W 8.775724 4.387862 -4.387862
Y 6.581793 6.581793 -2.193931


-3.730000	212012301	0110010010011
10

Y 0.000000 0.000000 0.000000
Y 2.193931 2.193931 -2.193931
D 4.387862 0.000000 -4.387862
P 6.581793 -2.193931 -2.193931
E 8.775724 0.000000 0.000000
T 10.969655 2.193931 -2.193931
G 13.163586 0.000000 -4.387862
T 10.969655 -2.193931 -6.581793
W 8.775724 -4.387862 -4.387862
Y 6.581793 -6.581793 -6.581793


-3.730000	212312101	0110011110010
10

Y 0.000000 0.000000 0.000000
Y 2.193931 2.193931 -2.193931
D 4.387862 0.000000 -4.387862
P 6.581793 2.193931 -6.581793
E 8.775724 4.387862 -4.387862
T 10.969655 6.581793 -6.581793
G 8.775724 8.775724 -8.775724
T 6.581793 6.581793 -10.969655
W 4.387862 4.387862 -8.775724
Y 2.193931 2.193931 -10.969655


-3.730000	323023101	1101110001110
10

Y 0.000000 0.000000 0.000000
Y 2.193931 2.193931 -2.193931
D 4.387862 0.000000 -4.387862
P 6.581793 2.193931 -6.581793
E 4.387862 4.387862 -8.775724
T 2.193931 2.193931 -10.969655
G 4.387862 0.000000 -13.163586
T 6.581793 -2.193931 -10.969655
W 8.775724 0.000000 -8.775724
Y 10.969655 -2.193931 -6.581793


-3.730000	132032101	1011010011010
10

Y 0.000000 0.000000 0.000000
Y 2.193931 2.193931 -2.193931
D 4.387862 0.000000 -4.387862
P 6.581793 2.193931 -6.581793
E 8.775724 4.387862 -4.387862
T 10.969655 2.193931 -2.193931
G 13.163586 0.000000 -4.387862
T 10.969655 -2.193931 -6.581793
W 8.775724 0.000000 -8.775724
Y 10.969655 2.193931 -10.969655


-3.730000	310210301	1110000110001
10

Y 0.000000 0.000000 0.000000
Y 2.193931 2.193931 -2.193931
D 4.387862 0.000000 -4.387862
P 6.581793 -2.193931 -2.193931
E 8.775724 -4.387862 -4.387862
T 10.969655 -2.193931 -6.581793
G 13.163586 0.000000 -4.387862
T 10.969655 2.193931 -2.193931
W 8.775724 0.000000 -0.000000
Y 10.969655 -2.193931 2.193931


-3.730000	310210101	1110000110000
10

Y 0.000000 0.000000 0.000000
Y 2.193931 2.193931 -2.193931
D 4.387862 0.000000 -4.387862
P 6.581793 2.193931 -6.581793
E 8.775724 0.000000 -8.775724
T 10.969655 2.193931 -10.969655
G 13.163586 4.387862 -8.775724
T 10.969655 6.581793 -6.581793
W 8.775724 4.387862 -4.387862
Y 10.969655 2.193931 -2.193931


-3.730000	132032301	1011010011011
10

Y 0.000000 0.000000 0.000000
Y 2.193931 2.193931 -2.193931
D 4.387862 0.000000 -4.387862
P 6.581793 -2.193931 -2.193931
E 8.775724 0.000000 0.000000
T 10.969655 -2.193931 2.193931
G 13.163586 -4.387862 0.000000
T 10.969655 -6.581793 -2.193931
W 8.775724 -4.387862 -4.387862
Y 10.969655 -2.193931 -6.581793


-3.730000	313213101	1110110110110
10

Y 0.000000 0.000000 0.000000
Y 2.193931 2.193931 -2.193931
D 4.387862 0.000000 -4.387862
P 6.581793 2.193931 -6.581793
E 4.387862 4.387862 -8.775724
T 6.581793 6.581793 -10.969655
G 8.775724 8.775724 -8.775724
T 10.969655 6.581793 -6.581793
W 8.775724 4.387862 -4.387862
Y 10.969655 2.193931 -2.193931


-3.730000	131031301	1011100011101
10

Y 0.000000 0.000000 0.000000
Y 2.193931 2.193931 -2.193931
D 4.387862 0.000000 -4.387862
P 6.581793 -2.193931 -2.193931
E 4.387862 -4.387862 0.000000
T 6.581793 -6.581793 2.193931
G 8.775724 -8.775724 0.000000
T 10.969655 -6.581793 -2.193931
W 8.775724 -4.387862 -4.387862
Y 10.969655 -2.193931 -6.581793


-3.730000	020320101	0001001101000
10

Y 0.000000 0.000000 0.000000
Y 2.193931 2.193931 -2.193931
D 4.387862 0.000000 -4.387862
P 6.581793 2.193931 -6.581793
E 8.775724 0.000000 -8.775724
T 6.581793 -2.193931 -10.969655
G 4.387862 0.000000 -13.163586
T 2.193931 2.193931 -10.969655
W 4.387862 4.387862 -8.775724
Y 2.193931 6.581793 -6.581793


-3.730000	202302101	0100011100010
10

Y 0.000000 0.000000 0.000000
Y 2.193931 2.193931 -2.193931
D 4.387862 0.000000 -4.387862
P 6.581793 2.193931 -6.581793
E 8.775724 4.387862 -4.387862
T 6.581793 6.581793 -2.193931
G 4.387862 8.775724 -4.387862
T 2.193931 6.581793 -6.581793
W 4.387862 4.387862 -8.775724
Y 2.193931 2.193931 -10.969655


-3.730000	313013101	1110110010110
10

Y 0.000000 0.000000 0.000000
Y 2.193931 2.193931 -2.193931
D 4.387862 0.000000 -4.387862
P 6.581793 2.193931 -6.581793
E 4.387862 4.387862 -8.775724
T 6.581793 6.581793 -10.969655
G 8.775724 4.387862 -13.163586
T 10.969655 2.193931 -10.969655
W 8.775724 0.000000 -8.775724
Y 10.969655 -2.193931 -6.581793


-3.730000	131231301	1011100111101
10

Y 0.000000 0.000000 0.000000
Y 2.193931 2.193931 -2.193931
D 4.387862 0.000000 -4.387862
P 6.581793 -2.193931 -2.193931
E 4.387862 -4.387862 0.000000
T 6.581793 -6.581793 2.193931
G 8.775724 -4.387862 4.387862
T 10.969655 -2.193931 2.193931
W 8.775724 -0.000000 0.000000
Y 10.969655 2.193931 -2.193931


-3.730000	312012101	1110010010010
10

Y 0.000000 0.000000 0.000000
Y 2.193931 2.193931 -2.193931
D 4.387862 0.000000 -4.387862
P 6.581793 2.193931 -6.581793
E 8.775724 4.387862 -4.387862
T 10.969655 6.581793 -6.581793
G 13.163586 4.387862 -8.775724
T 10.969655 2.193931 -10.969655
W 8.775724 0.000000 -8.775724
Y 10.969655 -2.193931 -6.581793


-3.730000	130230301	1011000111001
10

Y 0.000000 0.000000 0.000000
Y 2.193931 2.193931 -2.193931
D 4.387862 0.000000 -4.387862
P 6.581793 -2.193931 -2.193931
E 8.775724 -4.387862 -4.387862
T 10.969655 -6.581793 -2.193931
G 13.163586 -4.387862 0.000000
T 10.969655 -2.193931 2.193931
W 8.775724 -0.000000 0.000000
Y 10.969655 2.193931 -2.193931


-3.730000	130230101	1011000111000
10

Y 0.000000 0.000000 0.000000
Y 2.193931 2.193931 -2.193931
D 4.387862 0.000000 -4.387862
P 6.581793 2.193931 -6.581793
E 8.775724 0.000000 -8.775724
T 10.969655 -2.193931 -6.581793
G 13.163586 0.000000 -4.387862
T 10.969655 2.193931 -2.193931
W 8.775724 4.387862 -4.387862
Y 10.969655 6.581793 -6.581793


-3.730000	312012301	1110010010011
10

Y 0.000000 0.000000 0.000000
Y 2.193931 2.193931 -2.193931
D 4.387862 0.000000 -4.387862
P 6.581793 -2.193931 -2.193931
E 8.775724 0.000000 0.000000
T 10.969655 2.193931 -2.193931
G 13.163586 0.000000 -4.387862
T 10.969655 -2.193931 -6.581793
W 8.775724 -4.387862 -4.387862
Y 10.969655 -6.581793 -2.193931


-3.730000	303203101	1100110100110
10

Y 0.000000 0.000000 0.000000
Y 2.193931 2.193931 -2.193931
D 4.387862 0.000000 -4.387862
P 6.581793 2.193931 -6.581793
E 4.387862 4.387862 -8.775724
T 2.193931 6.581793 -6.581793
G 4.387862 8.775724 -4.387862
T 6.581793 6.581793 -2.193931
W 8.775724 4.387862 -4.387862
Y 10.969655 2.193931 -2.193931


-3.730000	121021301	1001100001101
10

Y 0.000000 0.000000 0.000000
Y 2.193931 2.193931 -2.193931
D 4.387862 0.000000 -4.387862
P 6.581793 -2.193931 -2.193931
E 4.387862 -4.387862 0.000000
T 2.193931 -6.581793 -2.193931
G 4.387862 -8.775724 -4.387862
T 6.581793 -6.581793 -6.581793
W 8.775724 -4.387862 -4.387862
Y 10.969655 -2.193931 -6.581793


-3.730000	010310101	0010001110000
10

Y 0.000000 0.000000 0.000000
Y 2.193931 2.193931 -2.193931
D 4.387862 0.000000 -4.387862
P 6.581793 2.193931 -6.581793
E 8.775724 0.000000 -8.775724
T 10.969655 2.193931 -10.969655
G 8.775724 4.387862 -13.163586
T 6.581793 6.581793 -10.969655
W 4.387862 4.387862 -8.775724
Y 2.193931 6.581793 -6.581793


-3.730000	232132301	0111011011011
10

Y 0.000000 0.000000 0.000000
Y 2.193931 2.193931 -2.193931
D 4.387862 0.000000 -4.387862
P 6.581793 -2.193931 -2.193931
E 8.775724 0.000000 0.000000
T 10.969655 -2.193931 2.193931
G 8.775724 -4.387862 4.387862
T 6.581793 -6.581793 2.193931
W 4.387862 -4.387862 0.000000
Y 2.193931 -6.581793 -2.193931


-3.730000	232032101	0111010011010
10

Y 0.000000 0.000000 0.000000
Y 2.193931 2.193931 -2.193931
D 4.387862 0.000000 -4.387862
P 6.581793 2.193931 -6.581793
E 8.775724 4.387862 -4.387862
T 10.969655 2.193931 -2.193931
G 13.163586 0.000000 -4.387862
T 10.969655 -2.193931 -6.581793
W 8.775724 0.000000 -8.775724
Y 6.581793 -2.193931 -10.969655


-3.730000	010210301	0010000110001
10

Y 0.000000 0.000000 0.000000
Y 2.193931 2.193931 -2.193931
D 4.387862 0.000000 -4.387862
P 6.581793 -2.193931 -2.193931
E 8.775724 -4.387862 -4.387862
T 10.969655 -2.193931 -6.581793
G 13.163586 0.000000 -4.387862
T 10.969655 2.193931 -2.193931
W 8.775724 0.000000 -0.000000
Y 6.581793 2.193931 2.193931


-3.730000	010210101	0010000110000
10

Y 0.000000 0.000000 0.000000
Y 2.193931 2.193931 -2.193931
D 4.387862 0.000000 -4.387862
P 6.581793 2.193931 -6.581793
E 8.775724 0.000000 -8.775724
T 10.969655 2.193931 -10.969655
G 13.163586 4.387862 -8.775724
T 10.969655 6.581793 -6.581793
W 8.775724 4.387862 -4.387862
Y 6.581793 6.581793 -2.193931


-3.730000	232032301	0111010011011
10

Y 0.000000 0.000000 0.000000
Y 2.193931 2.193931 -2.193931
D 4.387862 0.000000 -4.387862
P 6.581793 -2.193931 -2.193931
E 8.775724 0.000000 0.000000
T 10.969655 -2.193931 2.193931
G 13.163586 -4.387862 0.000000
T 10.969655 -6.581793 -2.193931
W 8.775724 -4.387862 -4.387862
Y 6.581793 -6.581793 -6.581793


-3.730000	013213101	0010110110110
10

Y 0.000000 0.000000 0.000000
Y 2.193931 2.193931 -2.193931
D 4.387862 0.000000 -4.387862
P 6.581793 2.193931 -6.581793
E 4.387862 4.387862 -8.775724
T 6.581793 6.581793 -10.969655
G 8.775724 8.775724 -8.775724
T 10.969655 6.581793 -6.581793
W 8.775724 4.387862 -4.387862
Y 6.581793 6.581793 -2.193931


-3.730000	231031301	0111100011101
10

Y 0.000000 0.000000 0.000000
Y 2.193931 2.193931 -2.193931
D 4.387862 0.000000 -4.387862
P 6.581793 -2.193931 -2.193931
E 4.387862 -4.387862 0.000000
T 6.581793 -6.581793 2.193931
G 8.775724 -8.775724 0.000000
T 10.969655 -6.581793 -2.193931
W 8.775724 -4.387862 -4.387862
Y 6.581793 -6.581793 -6.581793


-3.730000	120320101	1001001101000
10

Y 0.000000 0.000000 0.000000
Y 2.193931 2.193931 -2.193931
D 4.387862 0.000000 -4.387862
P 6.581793 2.193931 -6.581793
E 8.775724 0.000000 -8.775724
T 6.581793 -2.193931 -10.969655
G 4.387862 0.000000 -13.163586
T 2.193931 2.193931 -10.969655
W 4.387862 4.387862 -8.775724
Y 6.581793 6.581793 -10.969655


-3.730000	012312101	0010011110010
10

Y 0.000000 0.000000 0.000000
Y 2.193931 2.193931 -2.193931
D 4.387862 0.000000 -4.387862
P 6.581793 2.193931 -6.581793
E 8.775724 4.387862 -4.387862
T 10.969655 6.581793 -6.581793
G 8.775724 8.775724 -8.775724
T 6.581793 6.581793 -10.969655
W 4.387862 4.387862 -8.775724
Y 2.193931 6.581793 -6.581793


-3.730000	230130301	0111001011001
10

Y 0.000000 0.000000 0.000000
Y 2.193931 2.193931 -2.193931
D 4.387862 0.000000 -4.387862
P 6.581793 -2.193931 -2.193931
E 8.775724 -4.387862 -4.387862
T 10.969655 -6.581793 -2.193931
G 8.775724 -8.775724 0.000000
T 6.581793 -6.581793 2.193931
W 4.387862 -4.387862 0.000000
Y 2.193931 -6.581793 -2.193931


-3.730000	123023101	1001110001110
10

Y 0.000000 0.000000 0.000000
Y 2.193931 2.193931 -2.193931
D 4.387862 0.000000 -4.387862
P 6.581793 2.193931 -6.581793
E 4.387862 4.387862 -8.775724
T 2.193931 2.193931 -10.969655
G 4.387862 0.000000 -13.163586
T 6.581793 -2.193931 -10.969655
W 8.775724 0.000000 -8.775724
Y 10.969655 2.193931 -10.969655


-3.010000	032103101	0011011000110
10

Y 0.000000 0.000000 0.000000
Y 2.193931 2.193931 -2.193931
D 4.387862 0.000000 -4.387862
P 6.581793 2.193931 -6.581793
E 4.387862 4.387862 -8.775724
T 2.193931 6.581793 -6.581793
G 0.000000 4.387862 -4.387862
T -2.193931 2.193931 -6.581793
W -4.387862 4.387862 -8.775724
Y -6.581793 6.581793 -6.581793


-3.010000	210321301	0110001101101
10

Y 0.000000 0.000000 0.000000
Y 2.193931 2.193931 -2.193931
D 4.387862 0.000000 -4.387862
P 6.581793 -2.193931 -2.193931
E 4.387862 -4.387862 0.000000
T 2.193931 -6.581793 -2.193931
G 0.000000 -4.387862 -4.387862
T -2.193931 -2.193931 -2.193931
W -4.387862 -4.387862 0.000000
Y -6.581793 -6.581793 -2.193931


-3.010000	032101301	0011011000101
10

Y 0.000000 0.000000 0.000000
Y 2.193931 2.193931 -2.193931
D 4.387862 0.000000 -4.387862
P 6.581793 -2.193931 -2.193931
E 4.387862 -4.387862 0.000000
T 2.193931 -2.193931 2.193931
G 0.000000 -4.387862 4.387862
T -2.193931 -6.581793 2.193931
W -4.387862 -4.387862 0.000000
Y -6.581793 -2.193931 2.193931


-3.010000	103201301	1000110100101
10

Y 0.000000 0.000000 0.000000
Y 2.193931 2.193931 -2.193931
D 4.387862 0.000000 -4.387862
P 6.581793 -2.193931 -2.193931
E 4.387862 -4.387862 0.000000
T 2.193931 -2.193931 2.193931
G 4.387862 0.000000 4.387862
T 6.581793 -2.193931 6.581793
W 8.775724 -4.387862 4.387862
Y 10.969655 -2.193931 2.193931


-3.010000	210201301	0110000100101
10

Y 0.000000 0.000000 0.000000
Y 2.193931 2.193931 -2.193931
D 4.387862 0.000000 -4.387862
P 6.581793 -2.193931 -2.193931
E 4.387862 -4.387862 0.000000
T 2.193931 -2.193931 2.193931
G 4.387862 0.000000 4.387862
T 2.193931 2.193931 6.581793
W 0.000000 0.000000 8.775724
Y -2.193931 -2.193931 6.581793


-3.010000	321302301	1101101100011
10

Y 0.000000 0.000000 0.000000
Y 2.193931 2.193931 -2.193931
D 4.387862 0.000000 -4.387862
P 6.581793 -2.193931 -2.193931
E 8.775724 0.000000 0.000000
T 6.581793 2.193931 2.193931
G 4.387862 4.387862 0.000000
T 6.581793 6.581793 -2.193931
W 8.775724 8.775724 0.000000
Y 10.969655 6.581793 2.193931


-3.010000	210103101	0110001000110
10

Y 0.000000 0.000000 0.000000
Y 2.193931 2.193931 -2.193931
D 4.387862 0.000000 -4.387862
P 6.581793 2.193931 -6.581793
E 4.387862 4.387862 -8.775724
T 2.193931 6.581793 -6.581793
G 0.000000 4.387862 -4.387862
T -2.193931 6.581793 -2.193931
W -4.387862 4.387862 -0.000000
Y -6.581793 2.193931 -2.193931


-3.010000	210101301	0110001000101
10

Y 0.000000 0.000000 0.000000
Y 2.193931 2.193931 -2.193931
D 4.387862 0.000000 -4.387862
P 6.581793 -2.193931 -2.193931
E 4.387862 -4.387862 0.000000
T 2.193931 -2.193931 2.193931
G 0.000000 -4.387862 4.387862
T -2.193931 -2.193931 6.581793
W -4.387862 -4.387862 8.775724
Y -6.581793 -6.581793 6.581793


-3.010000	321201301	1101100100101
10

Y 0.000000 0.000000 0.000000
Y 2.193931 2.193931 -2.193931
D 4.387862 0.000000 -4.387862
P 6.581793 -2.193931 -2.193931
E 4.387862 -4.387862 0.000000
T 2.193931 -2.193931 2.193931
G 4.387862 0.000000 4.387862
T 6.581793 2.193931 2.193931
W 8.775724 4.387862 4.387862
Y 10.969655 2.193931 6.581793


