-47.960000	b40aa8940
10

Y 0.000000 0.000000 0.000000
Y 2.687006 2.687006 0.000000
D 5.374012 2.687006 2.687006
P 5.374012 0.000000 5.374012
E 5.374012 -2.687006 2.687006
T 2.687006 -2.687006 0.000000
G 0.000000 -2.687006 -2.687006
T 2.687006 0.000000 -2.687006
W 5.374012 0.000000 0.000000
Y 2.687006 0.000000 2.687006


-47.960000	034168b40
10

Y 0.000000 0.000000 0.000000
Y 2.687006 2.687006 0.000000
D 5.374012 2.687006 2.687006
P 2.687006 2.687006 5.374012
E 2.687006 0.000000 2.687006
T 0.000000 -2.687006 2.687006
G -2.687006 0.000000 2.687006
T 0.000000 0.000000 5.374012
W 0.000000 2.687006 2.687006
Y 2.687006 5.374012 2.687006


-47.960000	251698510
10

Y 0.000000 0.000000 0.000000
Y 2.687006 2.687006 0.000000
D 0.000000 5.374012 0.000000
P 2.687006 5.374012 -2.687006
E 2.687006 2.687006 -5.374012
T 2.687006 0.000000 -2.687006
G 0.000000 -2.687006 -2.687006
T -2.687006 0.000000 -2.687006
W 0.000000 0.000000 -5.374012
Y 0.000000 2.687006 -2.687006


-47.960000	237ab9840
10

Y 0.000000 0.000000 0.000000
Y 2.687006 2.687006 0.000000
D 5.374012 2.687006 2.687006
P 5.374012 0.000000 0.000000
E 5.374012 -2.687006 2.687006
T 2.687006 -2.687006 5.374012
G 0.000000 -2.687006 2.687006
T 2.687006 -5.374012 2.687006
W 2.687006 -2.687006 0.000000
Y 2.687006 0.000000 2.687006


-47.960000	b04668340
10

Y 0.000000 0.000000 0.000000
Y 2.687006 2.687006 0.000000
D 5.374012 2.687006 2.687006
P 5.374012 5.374012 0.000000
E 5.374012 2.687006 -2.687006
T 2.687006 0.000000 -2.687006
G 0.000000 -2.687006 -2.687006
T 2.687006 -2.687006 0.000000
W 5.374012 0.000000 0.000000
Y 2.687006 0.000000 2.687006


-47.960000	345a6b840
10

Y 0.000000 0.000000 0.000000
Y 2.687006 2.687006 0.000000
D 5.374012 2.687006 2.687006
P 5.374012 0.000000 0.000000
E 2.687006 0.000000 2.687006
T 0.000000 -2.687006 2.687006
G -2.687006 -2.687006 0.000000
T 0.000000 -2.687006 -2.687006
W 2.687006 -2.687006 0.000000
Y 2.687006 0.000000 -2.687006


-47.960000	341689410
10

Y 0.000000 0.000000 0.000000
Y 2.687006 2.687006 0.000000
D 0.000000 5.374012 0.000000
P 2.687006 5.374012 2.687006
E 2.687006 2.687006 5.374012
T 2.687006 0.000000 2.687006
G 0.000000 -2.687006 2.687006
T -2.687006 0.000000 2.687006
W 0.000000 0.000000 5.374012
Y 0.000000 2.687006 2.687006


-47.960000	6734b62a0
10

Y 0.000000 0.000000 0.000000
Y 2.687006 2.687006 0.000000
D 0.000000 2.687006 -2.687006
P 0.000000 5.374012 0.000000
E -2.687006 2.687006 0.000000
T -5.374012 2.687006 2.687006
G -2.687006 2.687006 5.374012
T -2.687006 5.374012 2.687006
W 0.000000 2.687006 2.687006
Y -2.687006 0.000000 2.687006


-47.960000	34ba85640
10

Y 0.000000 0.000000 0.000000
Y 2.687006 2.687006 0.000000
D 5.374012 2.687006 2.687006
P 2.687006 0.000000 2.687006
E 5.374012 0.000000 0.000000
T 5.374012 -2.687006 -2.687006
G 2.687006 -2.687006 -5.374012
T 0.000000 -2.687006 -2.687006
W 2.687006 -2.687006 0.000000
Y 2.687006 0.000000 -2.687006


-47.960000	2084b67a0
10

Y 0.000000 0.000000 0.000000
Y 2.687006 2.687006 0.000000
D 0.000000 2.687006 -2.687006
P 2.687006 0.000000 -2.687006
E 0.000000 -2.687006 -2.687006
T -2.687006 -2.687006 0.000000
G 0.000000 -2.687006 2.687006
T 0.000000 -5.374012 0.000000
W 2.687006 -2.687006 0.000000
Y 2.687006 0.000000 2.687006


-47.960000	632694510
10

Y 0.000000 0.000000 0.000000
Y 2.687006 2.687006 0.000000
D 0.000000 5.374012 0.000000
P 2.687006 5.374012 -2.687006
E 5.374012 5.374012 0.000000
T 5.374012 2.687006 2.687006
G 2.687006 0.000000 2.687006
T 2.687006 2.687006 5.374012
W 2.687006 5.374012 2.687006
Y 0.000000 2.687006 2.687006


-47.960000	623685410
10

Y 0.000000 0.000000 0.000000
Y 2.687006 2.687006 0.000000
D 0.000000 5.374012 0.000000
P 2.687006 5.374012 2.687006
E 5.374012 5.374012 0.000000
T 5.374012 2.687006 -2.687006
G 2.687006 0.000000 -2.687006
T 2.687006 2.687006 -5.374012
W 2.687006 5.374012 -2.687006
Y 0.000000 2.687006 -2.687006


-47.960000	b659207a0
10

Y 0.000000 0.000000 0.000000
Y 2.687006 2.687006 0.000000
D 0.000000 2.687006 -2.687006
P 2.687006 0.000000 -2.687006
E 5.374012 2.687006 -2.687006
T 5.374012 5.374012 0.000000
G 5.374012 2.687006 2.687006
T 8.061017 2.687006 0.000000
W 5.374012 0.000000 0.000000
Y 2.687006 0.000000 2.687006


-47.960000	610975a10
10

Y 0.000000 0.000000 0.000000
Y 2.687006 2.687006 0.000000
D 0.000000 5.374012 0.000000
P -2.687006 5.374012 -2.687006
E 0.000000 5.374012 -5.374012
T 2.687006 2.687006 -5.374012
G 2.687006 0.000000 -2.687006
T 5.374012 2.687006 -2.687006
W 2.687006 5.374012 -2.687006
Y 0.000000 2.687006 -2.687006


-47.960000	610874b10
10

Y 0.000000 0.000000 0.000000
Y 2.687006 2.687006 0.000000
D 0.000000 5.374012 0.000000
P -2.687006 5.374012 2.687006
E 0.000000 5.374012 5.374012
T 2.687006 2.687006 5.374012
G 2.687006 0.000000 2.687006
T 5.374012 2.687006 2.687006
W 2.687006 5.374012 2.687006
Y 0.000000 2.687006 2.687006


-47.960000	07a920ba0
10

Y 0.000000 0.000000 0.000000
Y 2.687006 2.687006 0.000000
D 0.000000 2.687006 -2.687006
P -2.687006 2.687006 0.000000
E 0.000000 5.374012 0.000000
T 0.000000 8.061017 2.687006
G 0.000000 5.374012 5.374012
T -2.687006 5.374012 2.687006
W 0.000000 2.687006 2.687006
Y 2.687006 5.374012 2.687006
