-49.350000	7b058a910
10

Y 0.000000 0.000000 0.000000
Y 2.687006 2.687006 0.000000
D 0.000000 5.374012 0.000000
P 0.000000 2.687006 2.687006
E -2.687006 2.687006 0.000000
T -2.687006 0.000000 -2.687006
G 0.000000 0.000000 -5.374012
T 2.687006 2.687006 -5.374012
W 0.000000 2.687006 -2.687006
Y 2.687006 0.000000 -2.687006


-49.350000	7a049b810
10

Y 0.000000 0.000000 0.000000
Y 2.687006 2.687006 0.000000
D 0.000000 5.374012 0.000000
P 0.000000 2.687006 -2.687006
E -2.687006 2.687006 0.000000
T -2.687006 0.000000 2.687006
G 0.000000 0.000000 5.374012
T 2.687006 2.687006 5.374012
W 0.000000 2.687006 2.687006
Y 2.687006 0.000000 2.687006


-49.350000	0812977a0
10

Y 0.000000 0.000000 0.000000
Y 2.687006 2.687006 0.000000
D 0.000000 2.687006 -2.687006
P 2.687006 0.000000 -2.687006
E 5.374012 -2.687006 -2.687006
T 5.374012 -5.374012 0.000000
G 5.374012 -2.687006 2.687006
T 2.687006 0.000000 2.687006
W 2.687006 -2.687006 0.000000
Y 5.374012 0.000000 0.000000


-49.350000	a086b47a0
10

Y 0.000000 0.000000 0.000000
Y 2.687006 2.687006 0.000000
D 0.000000 2.687006 -2.687006
P 2.687006 0.000000 -2.687006
E 5.374012 0.000000 0.000000
T 2.687006 0.000000 2.687006
G 0.000000 -2.687006 2.687006
T 0.000000 -5.374012 0.000000
W 2.687006 -2.687006 0.000000
Y 0.000000 -2.687006 -2.687006


-49.350000	125869140
10

Y 0.000000 0.000000 0.000000
Y 2.687006 2.687006 0.000000
D 5.374012 2.687006 2.687006
P 2.687006 5.374012 2.687006
E 2.687006 2.687006 5.374012
T 0.000000 0.000000 5.374012
G 0.000000 -2.687006 2.687006
T 2.687006 -2.687006 0.000000
W 2.687006 0.000000 2.687006
Y 0.000000 2.687006 2.687006


-49.350000	656b407a0
10

Y 0.000000 0.000000 0.000000
Y 2.687006 2.687006 0.000000
D 0.000000 2.687006 -2.687006
P 2.687006 0.000000 -2.687006
E 5.374012 2.687006 -2.687006
T 8.061017 2.687006 0.000000
G 5.374012 2.687006 2.687006
T 2.687006 0.000000 2.687006
W 5.374012 0.000000 0.000000
Y 2.687006 -2.687006 0.000000


-49.350000	651b477a0
10

Y 0.000000 0.000000 0.000000
Y 2.687006 2.687006 0.000000
D 0.000000 2.687006 -2.687006
P 2.687006 0.000000 -2.687006
E 5.374012 -2.687006 -2.687006
T 8.061017 -2.687006 0.000000
G 5.374012 -2.687006 2.687006
T 2.687006 0.000000 2.687006
W 5.374012 0.000000 0.000000
Y 2.687006 -2.687006 0.000000


-49.350000	091387640
10

Y 0.000000 0.000000 0.000000
Y 2.687006 2.687006 0.000000
D 5.374012 2.687006 2.687006
P 2.687006 0.000000 2.687006
E 5.374012 -2.687006 2.687006
T 5.374012 -5.374012 0.000000
G 5.374012 -2.687006 -2.687006
T 2.687006 0.000000 -2.687006
W 2.687006 -2.687006 0.000000
Y 5.374012 0.000000 0.000000


-49.350000	090386640
10

Y 0.000000 0.000000 0.000000
Y 2.687006 2.687006 0.000000
D 5.374012 2.687006 2.687006
P 2.687006 0.000000 2.687006
E 0.000000 -2.687006 2.687006
T 0.000000 -5.374012 0.000000
G 0.000000 -2.687006 -2.687006
T 2.687006 0.000000 -2.687006
W 2.687006 -2.687006 0.000000
Y 5.374012 0.000000 0.000000


-49.350000	0802967a0
10

Y 0.000000 0.000000 0.000000
Y 2.687006 2.687006 0.000000
D 0.000000 2.687006 -2.687006
P 2.687006 0.000000 -2.687006
E 0.000000 -2.687006 -2.687006
T 0.000000 -5.374012 0.000000
G 0.000000 -2.687006 2.687006
T 2.687006 0.000000 2.687006
W 2.687006 -2.687006 0.000000
Y 5.374012 0.000000 0.000000


-49.350000	3650297a0
10

Y 0.000000 0.000000 0.000000
Y 2.687006 2.687006 0.000000
D 0.000000 2.687006 -2.687006
P 2.687006 0.000000 -2.687006
E 2.687006 -2.687006 0.000000
T 2.687006 0.000000 2.687006
G 5.374012 2.687006 2.687006
T 8.061017 2.687006 0.000000
W 5.374012 0.000000 0.000000
Y 5.374012 2.687006 -2.687006
