-25.710000	b0a86b0a0
10

Q 0.000000 0.000000 0.000000
Y 2.687006 2.687006 0.000000
Q 0.000000 2.687006 -2.687006
F 2.687006 5.374012 -2.687006
W 0.000000 5.374012 0.000000
K -2.687006 2.687006 0.000000
N -2.687006 0.000000 -2.687006
F -5.374012 0.000000 -5.374012
Q -2.687006 2.687006 -5.374012
T -5.374012 2.687006 -2.687006


-25.710000	20a86b0a0
10

Q 0.000000 0.000000 0.000000
Y 2.687006 2.687006 0.000000
Q 0.000000 2.687006 -2.687006
F 2.687006 5.374012 -2.687006
W 0.000000 5.374012 0.000000
K -2.687006 2.687006 0.000000
N -2.687006 0.000000 -2.687006
F -5.374012 0.000000 -5.374012
Q -2.687006 2.687006 -5.374012
T -2.687006 5.374012 -2.687006


-25.710000	041298aa0
10

Q 0.000000 0.000000 0.000000
Y 2.687006 2.687006 0.000000
Q 0.000000 2.687006 -2.687006
F -2.687006 2.687006 -5.374012
W -2.687006 0.000000 -8.061017
K -2.687006 -2.687006 -5.374012
N -2.687006 0.000000 -2.687006
F -5.374012 2.687006 -2.687006
Q -2.687006 2.687006 0.000000
T 0.000000 5.374012 0.000000


-25.710000	14686b0a0
10

Q 0.000000 0.000000 0.000000
Y 2.687006 2.687006 0.000000
Q 0.000000 2.687006 -2.687006
F 2.687006 5.374012 -2.687006
W 0.000000 5.374012 0.000000
K -2.687006 2.687006 0.000000
N -2.687006 0.000000 -2.687006
F -5.374012 -2.687006 -2.687006
Q -2.687006 -2.687006 0.000000
T -5.374012 0.000000 0.000000


-25.710000	8b791a510
10

Q 0.000000 0.000000 0.000000
Y 2.687006 2.687006 0.000000
Q 0.000000 5.374012 0.000000
F 2.687006 5.374012 -2.687006
W 0.000000 5.374012 -5.374012
K -2.687006 8.061017 -5.374012
N -2.687006 5.374012 -2.687006
F 0.000000 2.687006 -2.687006
Q -2.687006 2.687006 0.000000
T -2.687006 0.000000 -2.687006


-25.710000	9a781b410
10

Q 0.000000 0.000000 0.000000
Y 2.687006 2.687006 0.000000
Q 0.000000 5.374012 0.000000
F 2.687006 5.374012 2.687006
W 0.000000 5.374012 5.374012
K -2.687006 8.061017 5.374012
N -2.687006 5.374012 2.687006
F 0.000000 2.687006 2.687006
Q -2.687006 2.687006 0.000000
T -2.687006 0.000000 2.687006


-25.710000	441298aa0
10

Q 0.000000 0.000000 0.000000
Y 2.687006 2.687006 0.000000
Q 0.000000 2.687006 -2.687006
F -2.687006 2.687006 -5.374012
W -2.687006 0.000000 -8.061017
K -2.687006 -2.687006 -5.374012
N -2.687006 0.000000 -2.687006
F -5.374012 2.687006 -2.687006
Q -2.687006 2.687006 0.000000
T 0.000000 2.687006 2.687006


-25.710000	641298aa0
10

Q 0.000000 0.000000 0.000000
Y 2.687006 2.687006 0.000000
Q 0.000000 2.687006 -2.687006
F -2.687006 2.687006 -5.374012
W -2.687006 0.000000 -8.061017
K -2.687006 -2.687006 -5.374012
N -2.687006 0.000000 -2.687006
F -5.374012 2.687006 -2.687006
Q -2.687006 2.687006 0.000000
T -5.374012 0.000000 0.000000


-25.710000	b7a8921a0
10

Q 0.000000 0.000000 0.000000
Y 2.687006 2.687006 0.000000
Q 0.000000 2.687006 -2.687006
F -2.687006 5.374012 -2.687006
W -2.687006 8.061017 0.000000
K -2.687006 5.374012 2.687006
N -2.687006 2.687006 0.000000
F -5.374012 2.687006 -2.687006
Q -2.687006 0.000000 -2.687006
T -5.374012 0.000000 0.000000


-25.710000	9567612a0
10

Q 0.000000 0.000000 0.000000
Y 2.687006 2.687006 0.000000
Q 0.000000 2.687006 -2.687006
F 0.000000 5.374012 0.000000
W -2.687006 8.061017 0.000000
K -5.374012 5.374012 0.000000
N -2.687006 2.687006 0.000000
F -5.374012 0.000000 0.000000
Q -2.687006 0.000000 -2.687006
T -2.687006 -2.687006 0.000000


-25.710000	2623692a0
10

Q 0.000000 0.000000 0.000000
Y 2.687006 2.687006 0.000000
Q 0.000000 2.687006 -2.687006
F 0.000000 5.374012 0.000000
W 0.000000 2.687006 2.687006
K -2.687006 0.000000 2.687006
N -2.687006 2.687006 0.000000
F -2.687006 5.374012 2.687006
Q -5.374012 2.687006 2.687006
T -5.374012 5.374012 5.374012


-25.710000	1b4b870a0
10

Q 0.000000 0.000000 0.000000
Y 2.687006 2.687006 0.000000
Q 0.000000 2.687006 -2.687006
F 2.687006 5.374012 -2.687006
W 5.374012 2.687006 -2.687006
K 5.374012 0.000000 -5.374012
N 2.687006 0.000000 -2.687006
F 5.374012 0.000000 0.000000
Q 2.687006 0.000000 2.687006
T 0.000000 2.687006 2.687006


-25.710000	a7a3692a0
10

Q 0.000000 0.000000 0.000000
Y 2.687006 2.687006 0.000000
Q 0.000000 2.687006 -2.687006
F 0.000000 5.374012 0.000000
W 0.000000 2.687006 2.687006
K -2.687006 0.000000 2.687006
N -2.687006 2.687006 0.000000
F -5.374012 2.687006 -2.687006
Q -2.687006 0.000000 -2.687006
T -5.374012 0.000000 -5.374012
