-16.455549	49146aa00
10

Y 0.000000 0.000000 0.000000
Y 2.687006 2.687006 0.000000
D 5.374012 5.374012 0.000000
P 2.687006 5.374012 -2.687006
E 0.000000 5.374012 -5.374012
T -2.687006 2.687006 -5.374012
G 0.000000 2.687006 -2.687006
T -2.687006 5.374012 -2.687006
W -2.687006 2.687006 0.000000
Y 0.000000 2.687006 2.687006


-16.455549	a363b9900
10

Y 0.000000 0.000000 0.000000
Y 2.687006 2.687006 0.000000
D 5.374012 5.374012 0.000000
P 5.374012 2.687006 2.687006
E 5.374012 0.000000 5.374012
T 2.687006 0.000000 8.061017
G 2.687006 2.687006 5.374012
T 0.000000 0.000000 5.374012
W 0.000000 2.687006 2.687006
Y -2.687006 2.687006 0.000000


-16.455549	49a7b1a00
10

Y 0.000000 0.000000 0.000000
Y 2.687006 2.687006 0.000000
D 5.374012 5.374012 0.000000
P 2.687006 5.374012 -2.687006
E 0.000000 8.061017 -2.687006
T -2.687006 8.061017 0.000000
G 0.000000 5.374012 0.000000
T -2.687006 5.374012 -2.687006
W -2.687006 2.687006 0.000000
Y 0.000000 2.687006 2.687006


-16.455549	49a7ba100
10

Y 0.000000 0.000000 0.000000
Y 2.687006 2.687006 0.000000
D 5.374012 5.374012 0.000000
P 2.687006 8.061017 0.000000
E 0.000000 8.061017 -2.687006
T -2.687006 8.061017 0.000000
G 0.000000 5.374012 0.000000
T -2.687006 5.374012 -2.687006
W -2.687006 2.687006 0.000000
Y 0.000000 2.687006 2.687006


-16.455549	49a761100
10

Y 0.000000 0.000000 0.000000
Y 2.687006 2.687006 0.000000
D 5.374012 5.374012 0.000000
P 2.687006 8.061017 0.000000
E 0.000000 10.748023 0.000000
T -2.687006 8.061017 0.000000
G 0.000000 5.374012 0.000000
T -2.687006 5.374012 -2.687006
W -2.687006 2.687006 0.000000
Y 0.000000 2.687006 2.687006


-16.455549	496561100
10

Y 0.000000 0.000000 0.000000
Y 2.687006 2.687006 0.000000
D 5.374012 5.374012 0.000000
P 2.687006 8.061017 0.000000
E 0.000000 10.748023 0.000000
T -2.687006 8.061017 0.000000
G 0.000000 8.061017 -2.687006
T -2.687006 5.374012 -2.687006
W -2.687006 2.687006 0.000000
Y 0.000000 2.687006 2.687006


-16.455549	a3b369900
10

Y 0.000000 0.000000 0.000000
Y 2.687006 2.687006 0.000000
D 5.374012 5.374012 0.000000
P 5.374012 2.687006 2.687006
E 5.374012 0.000000 5.374012
T 2.687006 -2.687006 5.374012
G 2.687006 0.000000 2.687006
T 0.000000 0.000000 5.374012
W 0.000000 2.687006 2.687006
Y -2.687006 2.687006 0.000000


-16.455549	5815abb40
10

Y 0.000000 0.000000 0.000000
Y 2.687006 2.687006 0.000000
D 5.374012 2.687006 2.687006
P 2.687006 2.687006 5.374012
E 0.000000 2.687006 8.061017
T -2.687006 2.687006 5.374012
G 0.000000 2.687006 2.687006
T -2.687006 5.374012 2.687006
W -2.687006 2.687006 0.000000
Y 0.000000 2.687006 -2.687006


-16.455549	58156b140
10

Y 0.000000 0.000000 0.000000
Y 2.687006 2.687006 0.000000
D 5.374012 2.687006 2.687006
P 2.687006 5.374012 2.687006
E 0.000000 5.374012 5.374012
T -2.687006 2.687006 5.374012
G 0.000000 2.687006 2.687006
T -2.687006 5.374012 2.687006
W -2.687006 2.687006 0.000000
Y 0.000000 2.687006 -2.687006


-16.455549	58156bb00
10

Y 0.000000 0.000000 0.000000
Y 2.687006 2.687006 0.000000
D 5.374012 5.374012 0.000000
P 2.687006 5.374012 2.687006
E 0.000000 5.374012 5.374012
T -2.687006 2.687006 5.374012
G 0.000000 2.687006 2.687006
T -2.687006 5.374012 2.687006
W -2.687006 2.687006 0.000000
Y 0.000000 2.687006 -2.687006


-16.455549	581561b40
10

Y 0.000000 0.000000 0.000000
Y 2.687006 2.687006 0.000000
D 5.374012 2.687006 2.687006
P 2.687006 2.687006 5.374012
E 0.000000 5.374012 5.374012
T -2.687006 2.687006 5.374012
G 0.000000 2.687006 2.687006
T -2.687006 5.374012 2.687006
W -2.687006 2.687006 0.000000
Y 0.000000 2.687006 -2.687006


-16.455549	b262a8800
10

Y 0.000000 0.000000 0.000000
Y 2.687006 2.687006 0.000000
D 5.374012 5.374012 0.000000
P 5.374012 2.687006 -2.687006
E 5.374012 0.000000 -5.374012
T 2.687006 0.000000 -8.061017
G 2.687006 2.687006 -5.374012
T 0.000000 0.000000 -5.374012
W 0.000000 2.687006 -2.687006
Y -2.687006 2.687006 0.000000


-16.455549	58b7a1140
10

Y 0.000000 0.000000 0.000000
Y 2.687006 2.687006 0.000000
D 5.374012 2.687006 2.687006
P 2.687006 5.374012 2.687006
E 0.000000 8.061017 2.687006
T -2.687006 8.061017 0.000000
G 0.000000 5.374012 0.000000
T -2.687006 5.374012 2.687006
W -2.687006 2.687006 0.000000
Y 0.000000 2.687006 -2.687006


-16.455549	58b7a1b00
10

Y 0.000000 0.000000 0.000000
Y 2.687006 2.687006 0.000000
D 5.374012 5.374012 0.000000
P 2.687006 5.374012 2.687006
E 0.000000 8.061017 2.687006
T -2.687006 8.061017 0.000000
G 0.000000 5.374012 0.000000
T -2.687006 5.374012 2.687006
W -2.687006 2.687006 0.000000
Y 0.000000 2.687006 -2.687006


-16.455549	58b7ab100
10

Y 0.000000 0.000000 0.000000
Y 2.687006 2.687006 0.000000
D 5.374012 5.374012 0.000000
P 2.687006 8.061017 0.000000
E 0.000000 8.061017 2.687006
T -2.687006 8.061017 0.000000
G 0.000000 5.374012 0.000000
T -2.687006 5.374012 2.687006
W -2.687006 2.687006 0.000000
Y 0.000000 2.687006 -2.687006


-16.455549	58b761100
10

Y 0.000000 0.000000 0.000000
Y 2.687006 2.687006 0.000000
D 5.374012 5.374012 0.000000
P 2.687006 8.061017 0.000000
E 0.000000 10.748023 0.000000
T -2.687006 8.061017 0.000000
G 0.000000 5.374012 0.000000
T -2.687006 5.374012 2.687006
W -2.687006 2.687006 0.000000
Y 0.000000 2.687006 -2.687006


-16.455549	58a0abb40
10

Y 0.000000 0.000000 0.000000
Y 2.687006 2.687006 0.000000
D 5.374012 2.687006 2.687006
P 2.687006 2.687006 5.374012
E 0.000000 2.687006 8.061017
T -2.687006 2.687006 5.374012
G 0.000000 5.374012 5.374012
T -2.687006 5.374012 2.687006
W -2.687006 2.687006 0.000000
Y 0.000000 2.687006 -2.687006


-16.455549	586461100
10

Y 0.000000 0.000000 0.000000
Y 2.687006 2.687006 0.000000
D 5.374012 5.374012 0.000000
P 2.687006 8.061017 0.000000
E 0.000000 10.748023 0.000000
T -2.687006 8.061017 0.000000
G 0.000000 8.061017 2.687006
T -2.687006 5.374012 2.687006
W -2.687006 2.687006 0.000000
Y 0.000000 2.687006 -2.687006


-16.455549	b2a268800
10

Y 0.000000 0.000000 0.000000
Y 2.687006 2.687006 0.000000
D 5.374012 5.374012 0.000000
P 5.374012 2.687006 -2.687006
E 5.374012 0.000000 -5.374012
T 2.687006 -2.687006 -5.374012
G 2.687006 0.000000 -2.687006
T 0.000000 0.000000 -5.374012
W 0.000000 2.687006 -2.687006
Y -2.687006 2.687006 0.000000


-16.455549	b2a2a8840
10

Y 0.000000 0.000000 0.000000
Y 2.687006 2.687006 0.000000
D 5.374012 2.687006 2.687006
P 5.374012 0.000000 0.000000
E 5.374012 -2.687006 -2.687006
T 2.687006 -2.687006 -5.374012
G 2.687006 0.000000 -2.687006
T 0.000000 0.000000 -5.374012
W 0.000000 2.687006 -2.687006
Y -2.687006 2.687006 0.000000


-16.455549	8a9167400
10

Y 0.000000 0.000000 0.000000
Y 2.687006 2.687006 0.000000
D 5.374012 5.374012 0.000000
P 8.061017 5.374012 2.687006
E 10.748023 2.687006 2.687006
T 8.061017 0.000000 2.687006
G 5.374012 2.687006 2.687006
T 5.374012 0.000000 5.374012
W 2.687006 0.000000 2.687006
Y 2.687006 -2.687006 0.000000


-16.455549	8a9164700
10

Y 0.000000 0.000000 0.000000
Y 2.687006 2.687006 0.000000
D 5.374012 5.374012 0.000000
P 8.061017 2.687006 0.000000
E 10.748023 2.687006 2.687006
T 8.061017 0.000000 2.687006
G 5.374012 2.687006 2.687006
T 5.374012 0.000000 5.374012
W 2.687006 0.000000 2.687006
Y 2.687006 -2.687006 0.000000


-16.455549	8a91b7700
10

Y 0.000000 0.000000 0.000000
Y 2.687006 2.687006 0.000000
D 5.374012 5.374012 0.000000
P 8.061017 2.687006 0.000000
E 10.748023 0.000000 0.000000
T 8.061017 0.000000 2.687006
G 5.374012 2.687006 2.687006
T 5.374012 0.000000 5.374012
W 2.687006 0.000000 2.687006
Y 2.687006 -2.687006 0.000000


-16.455549	8a9189400
10

Y 0.000000 0.000000 0.000000
Y 2.687006 2.687006 0.000000
D 5.374012 5.374012 0.000000
P 8.061017 5.374012 2.687006
E 8.061017 2.687006 5.374012
T 8.061017 0.000000 2.687006
G 5.374012 2.687006 2.687006
T 5.374012 0.000000 5.374012
W 2.687006 0.000000 2.687006
Y 2.687006 -2.687006 0.000000


-16.455549	9b8167500
10

Y 0.000000 0.000000 0.000000
Y 2.687006 2.687006 0.000000
D 5.374012 5.374012 0.000000
P 8.061017 5.374012 -2.687006
E 10.748023 2.687006 -2.687006
T 8.061017 0.000000 -2.687006
G 5.374012 2.687006 -2.687006
T 5.374012 0.000000 -5.374012
W 2.687006 0.000000 -2.687006
Y 2.687006 -2.687006 0.000000


-16.455549	9b8165700
10

Y 0.000000 0.000000 0.000000
Y 2.687006 2.687006 0.000000
D 5.374012 5.374012 0.000000
P 8.061017 2.687006 0.000000
E 10.748023 2.687006 -2.687006
T 8.061017 0.000000 -2.687006
G 5.374012 2.687006 -2.687006
T 5.374012 0.000000 -5.374012
W 2.687006 0.000000 -2.687006
Y 2.687006 -2.687006 0.000000


-16.455549	9b8165540
10

Y 0.000000 0.000000 0.000000
Y 2.687006 2.687006 0.000000
D 5.374012 2.687006 2.687006
P 8.061017 2.687006 0.000000
E 10.748023 2.687006 -2.687006
T 8.061017 0.000000 -2.687006
G 5.374012 2.687006 -2.687006
T 5.374012 0.000000 -5.374012
W 2.687006 0.000000 -2.687006
Y 2.687006 -2.687006 0.000000


-16.455549	9b81a7700
10

Y 0.000000 0.000000 0.000000
Y 2.687006 2.687006 0.000000
D 5.374012 5.374012 0.000000
P 8.061017 2.687006 0.000000
E 10.748023 0.000000 0.000000
T 8.061017 0.000000 -2.687006
G 5.374012 2.687006 -2.687006
T 5.374012 0.000000 -5.374012
W 2.687006 0.000000 -2.687006
Y 2.687006 -2.687006 0.000000


-16.455549	9b81a7540
10

Y 0.000000 0.000000 0.000000
Y 2.687006 2.687006 0.000000
D 5.374012 2.687006 2.687006
P 8.061017 2.687006 0.000000
E 10.748023 0.000000 0.000000
T 8.061017 0.000000 -2.687006
G 5.374012 2.687006 -2.687006
T 5.374012 0.000000 -5.374012
W 2.687006 0.000000 -2.687006
Y 2.687006 -2.687006 0.000000


-16.455549	9b8198500
10

Y 0.000000 0.000000 0.000000
Y 2.687006 2.687006 0.000000
D 5.374012 5.374012 0.000000
P 8.061017 5.374012 -2.687006
E 8.061017 2.687006 -5.374012
T 8.061017 0.000000 -2.687006
G 5.374012 2.687006 -2.687006
T 5.374012 0.000000 -5.374012
W 2.687006 0.000000 -2.687006
Y 2.687006 -2.687006 0.000000


-16.455549	8a6267400
10

Y 0.000000 0.000000 0.000000
Y 2.687006 2.687006 0.000000
D 5.374012 5.374012 0.000000
P 8.061017 5.374012 2.687006
E 10.748023 2.687006 2.687006
T 8.061017 0.000000 2.687006
G 8.061017 2.687006 5.374012
T 5.374012 0.000000 5.374012
W 2.687006 0.000000 2.687006
Y 2.687006 -2.687006 0.000000


-16.455549	9b6367500
10

Y 0.000000 0.000000 0.000000
Y 2.687006 2.687006 0.000000
D 5.374012 5.374012 0.000000
P 8.061017 5.374012 -2.687006
E 10.748023 2.687006 -2.687006
T 8.061017 0.000000 -2.687006
G 8.061017 2.687006 -5.374012
T 5.374012 0.000000 -5.374012
W 2.687006 0.000000 -2.687006
Y 2.687006 -2.687006 0.000000


-16.455549	8919a3340
10

Y 0.000000 0.000000 0.000000
Y 2.687006 2.687006 0.000000
D 5.374012 2.687006 2.687006
P 5.374012 5.374012 0.000000
E 5.374012 8.061017 -2.687006
T 2.687006 8.061017 -5.374012
G 2.687006 5.374012 -2.687006
T 0.000000 8.061017 -2.687006
W 0.000000 5.374012 0.000000
Y 0.000000 2.687006 -2.687006


-16.455549	89a913340
10

Y 0.000000 0.000000 0.000000
Y 2.687006 2.687006 0.000000
D 5.374012 2.687006 2.687006
P 5.374012 5.374012 0.000000
E 5.374012 8.061017 -2.687006
T 2.687006 10.748023 -2.687006
G 2.687006 8.061017 0.000000
T 0.000000 8.061017 -2.687006
W 0.000000 5.374012 0.000000
Y 0.000000 2.687006 -2.687006


-16.455549	8815a2b40
10

Y 0.000000 0.000000 0.000000
Y 2.687006 2.687006 0.000000
D 5.374012 2.687006 2.687006
P 2.687006 2.687006 5.374012
E 2.687006 5.374012 8.061017
T 0.000000 5.374012 5.374012
G 2.687006 5.374012 2.687006
T 0.000000 8.061017 2.687006
W 0.000000 5.374012 0.000000
Y 0.000000 2.687006 -2.687006


-16.455549	8815ab240
10

Y 0.000000 0.000000 0.000000
Y 2.687006 2.687006 0.000000
D 5.374012 2.687006 2.687006
P 5.374012 5.374012 5.374012
E 2.687006 5.374012 8.061017
T 0.000000 5.374012 5.374012
G 2.687006 5.374012 2.687006
T 0.000000 8.061017 2.687006
W 0.000000 5.374012 0.000000
Y 0.000000 2.687006 -2.687006


-16.455549	881561240
10

Y 0.000000 0.000000 0.000000
Y 2.687006 2.687006 0.000000
D 5.374012 2.687006 2.687006
P 5.374012 5.374012 5.374012
E 2.687006 8.061017 5.374012
T 0.000000 5.374012 5.374012
G 2.687006 5.374012 2.687006
T 0.000000 8.061017 2.687006
W 0.000000 5.374012 0.000000
Y 0.000000 2.687006 -2.687006


-16.455549	88153bb40
10

Y 0.000000 0.000000 0.000000
Y 2.687006 2.687006 0.000000
D 5.374012 2.687006 2.687006
P 2.687006 2.687006 5.374012
E 0.000000 2.687006 8.061017
T 0.000000 5.374012 5.374012
G 2.687006 5.374012 2.687006
T 0.000000 8.061017 2.687006
W 0.000000 5.374012 0.000000
Y 0.000000 2.687006 -2.687006


-16.455549	8818b4900
10

Y 0.000000 0.000000 0.000000
Y 2.687006 2.687006 0.000000
D 5.374012 5.374012 0.000000
P 5.374012 2.687006 2.687006
E 8.061017 2.687006 5.374012
T 5.374012 2.687006 8.061017
G 5.374012 0.000000 5.374012
T 2.687006 2.687006 5.374012
W 2.687006 0.000000 2.687006
Y 2.687006 -2.687006 0.000000


-16.455549	bb3b38840
10

Y 0.000000 0.000000 0.000000
Y 2.687006 2.687006 0.000000
D 5.374012 2.687006 2.687006
P 5.374012 0.000000 0.000000
E 5.374012 -2.687006 -2.687006
T 5.374012 0.000000 -5.374012
G 2.687006 0.000000 -2.687006
T 2.687006 2.687006 -5.374012
W 0.000000 2.687006 -2.687006
Y -2.687006 2.687006 0.000000


-16.455549	aa2ab7900
10

Y 0.000000 0.000000 0.000000
Y 2.687006 2.687006 0.000000
D 5.374012 5.374012 0.000000
P 5.374012 2.687006 2.687006
E 8.061017 0.000000 2.687006
T 5.374012 0.000000 5.374012
G 2.687006 0.000000 2.687006
T 2.687006 2.687006 5.374012
W 0.000000 2.687006 2.687006
Y -2.687006 2.687006 0.000000


-16.455549	9919a5800
10

Y 0.000000 0.000000 0.000000
Y 2.687006 2.687006 0.000000
D 5.374012 5.374012 0.000000
P 5.374012 2.687006 -2.687006
E 8.061017 2.687006 -5.374012
T 5.374012 2.687006 -8.061017
G 5.374012 0.000000 -5.374012
T 2.687006 2.687006 -5.374012
W 2.687006 0.000000 -2.687006
Y 2.687006 -2.687006 0.000000


-16.455549	bb3ba7800
10

Y 0.000000 0.000000 0.000000
Y 2.687006 2.687006 0.000000
D 5.374012 5.374012 0.000000
P 5.374012 2.687006 -2.687006
E 8.061017 0.000000 -2.687006
T 5.374012 0.000000 -5.374012
G 2.687006 0.000000 -2.687006
T 2.687006 2.687006 -5.374012
W 0.000000 2.687006 -2.687006
Y -2.687006 2.687006 0.000000


-16.455549	bb3ba5840
10

Y 0.000000 0.000000 0.000000
Y 2.687006 2.687006 0.000000
D 5.374012 2.687006 2.687006
P 5.374012 0.000000 0.000000
E 8.061017 0.000000 -2.687006
T 5.374012 0.000000 -5.374012
G 2.687006 0.000000 -2.687006
T 2.687006 2.687006 -5.374012
W 0.000000 2.687006 -2.687006
Y -2.687006 2.687006 0.000000


-16.455549	aa2a64900
10

Y 0.000000 0.000000 0.000000
Y 2.687006 2.687006 0.000000
D 5.374012 5.374012 0.000000
P 5.374012 2.687006 2.687006
E 8.061017 2.687006 5.374012
T 5.374012 0.000000 5.374012
G 2.687006 0.000000 2.687006
T 2.687006 2.687006 5.374012
W 0.000000 2.687006 2.687006
Y -2.687006 2.687006 0.000000


-16.455549	bb3b65800
10

Y 0.000000 0.000000 0.000000
Y 2.687006 2.687006 0.000000
D 5.374012 5.374012 0.000000
P 5.374012 2.687006 -2.687006
E 8.061017 2.687006 -5.374012
T 5.374012 0.000000 -5.374012
G 2.687006 0.000000 -2.687006
T 2.687006 2.687006 -5.374012
W 0.000000 2.687006 -2.687006
Y -2.687006 2.687006 0.000000


-16.455549	3365a9940
10

Y 0.000000 0.000000 0.000000
Y 2.687006 2.687006 0.000000
D 5.374012 2.687006 2.687006
P 5.374012 0.000000 5.374012
E 5.374012 -2.687006 8.061017
T 2.687006 -2.687006 5.374012
G 5.374012 -2.687006 2.687006
T 2.687006 -5.374012 2.687006
W 2.687006 -2.687006 0.000000
Y 2.687006 0.000000 -2.687006


-16.455549	33658b940
10

Y 0.000000 0.000000 0.000000
Y 2.687006 2.687006 0.000000
D 5.374012 2.687006 2.687006
P 5.374012 0.000000 5.374012
E 2.687006 0.000000 8.061017
T 2.687006 -2.687006 5.374012
G 5.374012 -2.687006 2.687006
T 2.687006 -5.374012 2.687006
W 2.687006 -2.687006 0.000000
Y 2.687006 0.000000 -2.687006


-16.455549	88b819400
10

Y 0.000000 0.000000 0.000000
Y 2.687006 2.687006 0.000000
D 5.374012 5.374012 0.000000
P 8.061017 5.374012 2.687006
E 8.061017 2.687006 5.374012
T 5.374012 5.374012 5.374012
G 5.374012 2.687006 2.687006
T 2.687006 2.687006 5.374012
W 2.687006 0.000000 2.687006
Y 2.687006 -2.687006 0.000000


-16.455549	88b872b00
10

Y 0.000000 0.000000 0.000000
Y 2.687006 2.687006 0.000000
D 5.374012 5.374012 0.000000
P 2.687006 5.374012 2.687006
E 2.687006 8.061017 5.374012
T 5.374012 5.374012 5.374012
G 5.374012 2.687006 2.687006
T 2.687006 2.687006 5.374012
W 2.687006 0.000000 2.687006
Y 2.687006 -2.687006 0.000000


-16.455549	88b862400
10

Y 0.000000 0.000000 0.000000
Y 2.687006 2.687006 0.000000
D 5.374012 5.374012 0.000000
P 8.061017 5.374012 2.687006
E 8.061017 8.061017 5.374012
T 5.374012 5.374012 5.374012
G 5.374012 2.687006 2.687006
T 2.687006 2.687006 5.374012
W 2.687006 0.000000 2.687006
Y 2.687006 -2.687006 0.000000


-16.455549	aa18b4900
10

Y 0.000000 0.000000 0.000000
Y 2.687006 2.687006 0.000000
D 5.374012 5.374012 0.000000
P 5.374012 2.687006 2.687006
E 8.061017 2.687006 5.374012
T 5.374012 2.687006 8.061017
G 5.374012 0.000000 5.374012
T 2.687006 2.687006 5.374012
W 0.000000 2.687006 2.687006
Y -2.687006 2.687006 0.000000


-16.455549	88a0ab240
10

Y 0.000000 0.000000 0.000000
Y 2.687006 2.687006 0.000000
D 5.374012 2.687006 2.687006
P 5.374012 5.374012 5.374012
E 2.687006 5.374012 8.061017
T 0.000000 5.374012 5.374012
G 2.687006 8.061017 5.374012
T 0.000000 8.061017 2.687006
W 0.000000 5.374012 0.000000
Y 0.000000 2.687006 -2.687006


-16.455549	bb19a5800
10

Y 0.000000 0.000000 0.000000
Y 2.687006 2.687006 0.000000
D 5.374012 5.374012 0.000000
P 5.374012 2.687006 -2.687006
E 8.061017 2.687006 -5.374012
T 5.374012 2.687006 -8.061017
G 5.374012 0.000000 -5.374012
T 2.687006 2.687006 -5.374012
W 0.000000 2.687006 -2.687006
Y -2.687006 2.687006 0.000000


-16.455549	aab369400
10

Y 0.000000 0.000000 0.000000
Y 2.687006 2.687006 0.000000
D 5.374012 5.374012 0.000000
P 8.061017 5.374012 2.687006
E 8.061017 2.687006 5.374012
T 5.374012 0.000000 5.374012
G 5.374012 2.687006 2.687006
T 2.687006 2.687006 5.374012
W 0.000000 2.687006 2.687006
Y -2.687006 2.687006 0.000000


-16.455549	aab3b9700
10

Y 0.000000 0.000000 0.000000
Y 2.687006 2.687006 0.000000
D 5.374012 5.374012 0.000000
P 8.061017 2.687006 0.000000
E 8.061017 0.000000 2.687006
T 5.374012 0.000000 5.374012
G 5.374012 2.687006 2.687006
T 2.687006 2.687006 5.374012
W 0.000000 2.687006 2.687006
Y -2.687006 2.687006 0.000000


-16.455549	889a14900
10

Y 0.000000 0.000000 0.000000
Y 2.687006 2.687006 0.000000
D 5.374012 5.374012 0.000000
P 5.374012 2.687006 2.687006
E 8.061017 2.687006 5.374012
T 5.374012 5.374012 5.374012
G 2.687006 5.374012 2.687006
T 2.687006 2.687006 5.374012
W 2.687006 0.000000 2.687006
Y 2.687006 -2.687006 0.000000


-16.455549	889a7b200
10

Y 0.000000 0.000000 0.000000
Y 2.687006 2.687006 0.000000
D 5.374012 5.374012 0.000000
P 5.374012 8.061017 2.687006
E 2.687006 8.061017 5.374012
T 5.374012 5.374012 5.374012
G 2.687006 5.374012 2.687006
T 2.687006 2.687006 5.374012
W 2.687006 0.000000 2.687006
Y 2.687006 -2.687006 0.000000


-16.455549	889a64200
10

Y 0.000000 0.000000 0.000000
Y 2.687006 2.687006 0.000000
D 5.374012 5.374012 0.000000
P 5.374012 8.061017 2.687006
E 8.061017 8.061017 5.374012
T 5.374012 5.374012 5.374012
G 2.687006 5.374012 2.687006
T 2.687006 2.687006 5.374012
W 2.687006 0.000000 2.687006
Y 2.687006 -2.687006 0.000000


-16.455549	99a918500
10

Y 0.000000 0.000000 0.000000
Y 2.687006 2.687006 0.000000
D 5.374012 5.374012 0.000000
P 8.061017 5.374012 -2.687006
E 8.061017 2.687006 -5.374012
T 5.374012 5.374012 -5.374012
G 5.374012 2.687006 -2.687006
T 2.687006 2.687006 -5.374012
W 2.687006 0.000000 -2.687006
Y 2.687006 -2.687006 0.000000


-16.455549	99a9a3540
10

Y 0.000000 0.000000 0.000000
Y 2.687006 2.687006 0.000000
D 5.374012 2.687006 2.687006
P 8.061017 2.687006 0.000000
E 8.061017 5.374012 -2.687006
T 5.374012 5.374012 -5.374012
G 5.374012 2.687006 -2.687006
T 2.687006 2.687006 -5.374012
W 2.687006 0.000000 -2.687006
Y 2.687006 -2.687006 0.000000


-16.455549	99a9a5340
10

Y 0.000000 0.000000 0.000000
Y 2.687006 2.687006 0.000000
D 5.374012 2.687006 2.687006
P 5.374012 5.374012 0.000000
E 8.061017 5.374012 -2.687006
T 5.374012 5.374012 -5.374012
G 5.374012 2.687006 -2.687006
T 2.687006 2.687006 -5.374012
W 2.687006 0.000000 -2.687006
Y 2.687006 -2.687006 0.000000


-16.455549	99a983340
10

Y 0.000000 0.000000 0.000000
Y 2.687006 2.687006 0.000000
D 5.374012 2.687006 2.687006
P 5.374012 5.374012 0.000000
E 5.374012 8.061017 -2.687006
T 5.374012 5.374012 -5.374012
G 5.374012 2.687006 -2.687006
T 2.687006 2.687006 -5.374012
W 2.687006 0.000000 -2.687006
Y 2.687006 -2.687006 0.000000


-16.455549	99a973a00
10

Y 0.000000 0.000000 0.000000
Y 2.687006 2.687006 0.000000
D 5.374012 5.374012 0.000000
P 2.687006 5.374012 -2.687006
E 2.687006 8.061017 -5.374012
T 5.374012 5.374012 -5.374012
G 5.374012 2.687006 -2.687006
T 2.687006 2.687006 -5.374012
W 2.687006 0.000000 -2.687006
Y 2.687006 -2.687006 0.000000


-16.455549	99a963500
10

Y 0.000000 0.000000 0.000000
Y 2.687006 2.687006 0.000000
D 5.374012 5.374012 0.000000
P 8.061017 5.374012 -2.687006
E 8.061017 8.061017 -5.374012
T 5.374012 5.374012 -5.374012
G 5.374012 2.687006 -2.687006
T 2.687006 2.687006 -5.374012
W 2.687006 0.000000 -2.687006
Y 2.687006 -2.687006 0.000000


-16.455549	aab819400
10

Y 0.000000 0.000000 0.000000
Y 2.687006 2.687006 0.000000
D 5.374012 5.374012 0.000000
P 8.061017 5.374012 2.687006
E 8.061017 2.687006 5.374012
T 5.374012 5.374012 5.374012
G 5.374012 2.687006 2.687006
T 2.687006 2.687006 5.374012
W 0.000000 2.687006 2.687006
Y -2.687006 2.687006 0.000000


-16.455549	aab872b00
10

Y 0.000000 0.000000 0.000000
Y 2.687006 2.687006 0.000000
D 5.374012 5.374012 0.000000
P 2.687006 5.374012 2.687006
E 2.687006 8.061017 5.374012
T 5.374012 5.374012 5.374012
G 5.374012 2.687006 2.687006
T 2.687006 2.687006 5.374012
W 0.000000 2.687006 2.687006
Y -2.687006 2.687006 0.000000


-16.455549	aab862400
10

Y 0.000000 0.000000 0.000000
Y 2.687006 2.687006 0.000000
D 5.374012 5.374012 0.000000
P 8.061017 5.374012 2.687006
E 8.061017 8.061017 5.374012
T 5.374012 5.374012 5.374012
G 5.374012 2.687006 2.687006
T 2.687006 2.687006 5.374012
W 0.000000 2.687006 2.687006
Y -2.687006 2.687006 0.000000


-16.455549	88959b100
10

Y 0.000000 0.000000 0.000000
Y 2.687006 2.687006 0.000000
D 5.374012 5.374012 0.000000
P 2.687006 8.061017 0.000000
E 0.000000 8.061017 2.687006
T 0.000000 5.374012 5.374012
G 2.687006 5.374012 2.687006
T 2.687006 2.687006 5.374012
W 2.687006 0.000000 2.687006
Y 2.687006 -2.687006 0.000000


-16.455549	88956b200
10

Y 0.000000 0.000000 0.000000
Y 2.687006 2.687006 0.000000
D 5.374012 5.374012 0.000000
P 5.374012 8.061017 2.687006
E 2.687006 8.061017 5.374012
T 0.000000 5.374012 5.374012
G 2.687006 5.374012 2.687006
T 2.687006 2.687006 5.374012
W 2.687006 0.000000 2.687006
Y 2.687006 -2.687006 0.000000


-16.455549	bba268500
10

Y 0.000000 0.000000 0.000000
Y 2.687006 2.687006 0.000000
D 5.374012 5.374012 0.000000
P 8.061017 5.374012 -2.687006
E 8.061017 2.687006 -5.374012
T 5.374012 0.000000 -5.374012
G 5.374012 2.687006 -2.687006
T 2.687006 2.687006 -5.374012
W 0.000000 2.687006 -2.687006
Y -2.687006 2.687006 0.000000


-16.455549	bba238840
10

Y 0.000000 0.000000 0.000000
Y 2.687006 2.687006 0.000000
D 5.374012 2.687006 2.687006
P 5.374012 0.000000 0.000000
E 5.374012 -2.687006 -2.687006
T 5.374012 0.000000 -5.374012
G 5.374012 2.687006 -2.687006
T 2.687006 2.687006 -5.374012
W 0.000000 2.687006 -2.687006
Y -2.687006 2.687006 0.000000


-16.455549	bba2a8700
10

Y 0.000000 0.000000 0.000000
Y 2.687006 2.687006 0.000000
D 5.374012 5.374012 0.000000
P 8.061017 2.687006 0.000000
E 8.061017 0.000000 -2.687006
T 5.374012 0.000000 -5.374012
G 5.374012 2.687006 -2.687006
T 2.687006 2.687006 -5.374012
W 0.000000 2.687006 -2.687006
Y -2.687006 2.687006 0.000000


-16.455549	bba2a8540
10

Y 0.000000 0.000000 0.000000
Y 2.687006 2.687006 0.000000
D 5.374012 2.687006 2.687006
P 8.061017 2.687006 0.000000
E 8.061017 0.000000 -2.687006
T 5.374012 0.000000 -5.374012
G 5.374012 2.687006 -2.687006
T 2.687006 2.687006 -5.374012
W 0.000000 2.687006 -2.687006
Y -2.687006 2.687006 0.000000


-16.455549	bba2a5840
10

Y 0.000000 0.000000 0.000000
Y 2.687006 2.687006 0.000000
D 5.374012 2.687006 2.687006
P 5.374012 0.000000 0.000000
E 8.061017 0.000000 -2.687006
T 5.374012 0.000000 -5.374012
G 5.374012 2.687006 -2.687006
T 2.687006 2.687006 -5.374012
W 0.000000 2.687006 -2.687006
Y -2.687006 2.687006 0.000000


-16.455549	998b15800
10

Y 0.000000 0.000000 0.000000
Y 2.687006 2.687006 0.000000
D 5.374012 5.374012 0.000000
P 5.374012 2.687006 -2.687006
E 8.061017 2.687006 -5.374012
T 5.374012 5.374012 -5.374012
G 2.687006 5.374012 -2.687006
T 2.687006 2.687006 -5.374012
W 2.687006 0.000000 -2.687006
Y 2.687006 -2.687006 0.000000


-16.455549	887a92b00
10

Y 0.000000 0.000000 0.000000
Y 2.687006 2.687006 0.000000
D 5.374012 5.374012 0.000000
P 2.687006 5.374012 2.687006
E 2.687006 8.061017 5.374012
T 2.687006 5.374012 8.061017
G 0.000000 5.374012 5.374012
T 2.687006 2.687006 5.374012
W 2.687006 0.000000 2.687006
Y 2.687006 -2.687006 0.000000


-16.455549	998ba5340
10

Y 0.000000 0.000000 0.000000
Y 2.687006 2.687006 0.000000
D 5.374012 2.687006 2.687006
P 5.374012 5.374012 0.000000
E 8.061017 5.374012 -2.687006
T 5.374012 5.374012 -5.374012
G 2.687006 5.374012 -2.687006
T 2.687006 2.687006 -5.374012
W 2.687006 0.000000 -2.687006
Y 2.687006 -2.687006 0.000000


-16.455549	998b83340
10

Y 0.000000 0.000000 0.000000
Y 2.687006 2.687006 0.000000
D 5.374012 2.687006 2.687006
P 5.374012 5.374012 0.000000
E 5.374012 8.061017 -2.687006
T 5.374012 5.374012 -5.374012
G 2.687006 5.374012 -2.687006
T 2.687006 2.687006 -5.374012
W 2.687006 0.000000 -2.687006
Y 2.687006 -2.687006 0.000000


-16.455549	998b7a300
10

Y 0.000000 0.000000 0.000000
Y 2.687006 2.687006 0.000000
D 5.374012 5.374012 0.000000
P 5.374012 8.061017 -2.687006
E 2.687006 8.061017 -5.374012
T 5.374012 5.374012 -5.374012
G 2.687006 5.374012 -2.687006
T 2.687006 2.687006 -5.374012
W 2.687006 0.000000 -2.687006
Y 2.687006 -2.687006 0.000000


-16.455549	998b65300
10

Y 0.000000 0.000000 0.000000
Y 2.687006 2.687006 0.000000
D 5.374012 5.374012 0.000000
P 5.374012 8.061017 -2.687006
E 8.061017 8.061017 -5.374012
T 5.374012 5.374012 -5.374012
G 2.687006 5.374012 -2.687006
T 2.687006 2.687006 -5.374012
W 2.687006 0.000000 -2.687006
Y 2.687006 -2.687006 0.000000


-16.455549	aa9a14900
10

Y 0.000000 0.000000 0.000000
Y 2.687006 2.687006 0.000000
D 5.374012 5.374012 0.000000
P 5.374012 2.687006 2.687006
E 8.061017 2.687006 5.374012
T 5.374012 5.374012 5.374012
G 2.687006 5.374012 2.687006
T 2.687006 2.687006 5.374012
W 0.000000 2.687006 2.687006
Y -2.687006 2.687006 0.000000


-16.455549	aa9a7b200
10

Y 0.000000 0.000000 0.000000
Y 2.687006 2.687006 0.000000
D 5.374012 5.374012 0.000000
P 5.374012 8.061017 2.687006
E 2.687006 8.061017 5.374012
T 5.374012 5.374012 5.374012
G 2.687006 5.374012 2.687006
T 2.687006 2.687006 5.374012
W 0.000000 2.687006 2.687006
Y -2.687006 2.687006 0.000000


-16.455549	aa9a64200
10

Y 0.000000 0.000000 0.000000
Y 2.687006 2.687006 0.000000
D 5.374012 5.374012 0.000000
P 5.374012 8.061017 2.687006
E 8.061017 8.061017 5.374012
T 5.374012 5.374012 5.374012
G 2.687006 5.374012 2.687006
T 2.687006 2.687006 5.374012
W 0.000000 2.687006 2.687006
Y -2.687006 2.687006 0.000000


-16.455549	bba918500
10

Y 0.000000 0.000000 0.000000
Y 2.687006 2.687006 0.000000
D 5.374012 5.374012 0.000000
P 8.061017 5.374012 -2.687006
E 8.061017 2.687006 -5.374012
T 5.374012 5.374012 -5.374012
G 5.374012 2.687006 -2.687006
T 2.687006 2.687006 -5.374012
W 0.000000 2.687006 -2.687006
Y -2.687006 2.687006 0.000000


-16.455549	bba9a3540
10

Y 0.000000 0.000000 0.000000
Y 2.687006 2.687006 0.000000
D 5.374012 2.687006 2.687006
P 8.061017 2.687006 0.000000
E 8.061017 5.374012 -2.687006
T 5.374012 5.374012 -5.374012
G 5.374012 2.687006 -2.687006
T 2.687006 2.687006 -5.374012
W 0.000000 2.687006 -2.687006
Y -2.687006 2.687006 0.000000


-16.455549	bba9a5340
10

Y 0.000000 0.000000 0.000000
Y 2.687006 2.687006 0.000000
D 5.374012 2.687006 2.687006
P 5.374012 5.374012 0.000000
E 8.061017 5.374012 -2.687006
T 5.374012 5.374012 -5.374012
G 5.374012 2.687006 -2.687006
T 2.687006 2.687006 -5.374012
W 0.000000 2.687006 -2.687006
Y -2.687006 2.687006 0.000000


-16.455549	bba983340
10

Y 0.000000 0.000000 0.000000
Y 2.687006 2.687006 0.000000
D 5.374012 2.687006 2.687006
P 5.374012 5.374012 0.000000
E 5.374012 8.061017 -2.687006
T 5.374012 5.374012 -5.374012
G 5.374012 2.687006 -2.687006
T 2.687006 2.687006 -5.374012
W 0.000000 2.687006 -2.687006
Y -2.687006 2.687006 0.000000


-16.455549	bba973a00
10

Y 0.000000 0.000000 0.000000
Y 2.687006 2.687006 0.000000
D 5.374012 5.374012 0.000000
P 2.687006 5.374012 -2.687006
E 2.687006 8.061017 -5.374012
T 5.374012 5.374012 -5.374012
G 5.374012 2.687006 -2.687006
T 2.687006 2.687006 -5.374012
W 0.000000 2.687006 -2.687006
Y -2.687006 2.687006 0.000000


-16.455549	bba963500
10

Y 0.000000 0.000000 0.000000
Y 2.687006 2.687006 0.000000
D 5.374012 5.374012 0.000000
P 8.061017 5.374012 -2.687006
E 8.061017 8.061017 -5.374012
T 5.374012 5.374012 -5.374012
G 5.374012 2.687006 -2.687006
T 2.687006 2.687006 -5.374012
W 0.000000 2.687006 -2.687006
Y -2.687006 2.687006 0.000000


-16.455549	99848a100
10

Y 0.000000 0.000000 0.000000
Y 2.687006 2.687006 0.000000
D 5.374012 5.374012 0.000000
P 2.687006 8.061017 0.000000
E 0.000000 8.061017 -2.687006
T 0.000000 5.374012 -5.374012
G 2.687006 5.374012 -2.687006
T 2.687006 2.687006 -5.374012
W 2.687006 0.000000 -2.687006
Y 2.687006 -2.687006 0.000000


-16.455549	99846a300
10

Y 0.000000 0.000000 0.000000
Y 2.687006 2.687006 0.000000
D 5.374012 5.374012 0.000000
P 5.374012 8.061017 -2.687006
E 2.687006 8.061017 -5.374012
T 0.000000 5.374012 -5.374012
G 2.687006 5.374012 -2.687006
T 2.687006 2.687006 -5.374012
W 2.687006 0.000000 -2.687006
Y 2.687006 -2.687006 0.000000


-16.455549	997b83a00
10

Y 0.000000 0.000000 0.000000
Y 2.687006 2.687006 0.000000
D 5.374012 5.374012 0.000000
P 2.687006 5.374012 -2.687006
E 2.687006 8.061017 -5.374012
T 2.687006 5.374012 -8.061017
G 0.000000 5.374012 -5.374012
T 2.687006 2.687006 -5.374012
W 2.687006 0.000000 -2.687006
Y 2.687006 -2.687006 0.000000


-16.455549	886592b00
10

Y 0.000000 0.000000 0.000000
Y 2.687006 2.687006 0.000000
D 5.374012 5.374012 0.000000
P 2.687006 5.374012 2.687006
E 2.687006 8.061017 5.374012
T 2.687006 5.374012 8.061017
G 5.374012 5.374012 5.374012
T 2.687006 2.687006 5.374012
W 2.687006 0.000000 2.687006
Y 2.687006 -2.687006 0.000000


-16.455549	88659b200
10

Y 0.000000 0.000000 0.000000
Y 2.687006 2.687006 0.000000
D 5.374012 5.374012 0.000000
P 5.374012 8.061017 2.687006
E 2.687006 8.061017 5.374012
T 2.687006 5.374012 8.061017
G 5.374012 5.374012 5.374012
T 2.687006 2.687006 5.374012
W 2.687006 0.000000 2.687006
Y 2.687006 -2.687006 0.000000


-16.455549	88654bb00
10

Y 0.000000 0.000000 0.000000
Y 2.687006 2.687006 0.000000
D 5.374012 5.374012 0.000000
P 2.687006 5.374012 2.687006
E 0.000000 5.374012 5.374012
T 2.687006 5.374012 8.061017
G 5.374012 5.374012 5.374012
T 2.687006 2.687006 5.374012
W 2.687006 0.000000 2.687006
Y 2.687006 -2.687006 0.000000


-16.455549	8863b4900
10

Y 0.000000 0.000000 0.000000
Y 2.687006 2.687006 0.000000
D 5.374012 5.374012 0.000000
P 5.374012 2.687006 2.687006
E 8.061017 2.687006 5.374012
T 5.374012 2.687006 8.061017
G 5.374012 5.374012 5.374012
T 2.687006 2.687006 5.374012
W 2.687006 0.000000 2.687006
Y 2.687006 -2.687006 0.000000


-16.455549	8863b9400
10

Y 0.000000 0.000000 0.000000
Y 2.687006 2.687006 0.000000
D 5.374012 5.374012 0.000000
P 8.061017 5.374012 2.687006
E 8.061017 2.687006 5.374012
T 5.374012 2.687006 8.061017
G 5.374012 5.374012 5.374012
T 2.687006 2.687006 5.374012
W 2.687006 0.000000 2.687006
Y 2.687006 -2.687006 0.000000


-16.455549	bb8b15800
10

Y 0.000000 0.000000 0.000000
Y 2.687006 2.687006 0.000000
D 5.374012 5.374012 0.000000
P 5.374012 2.687006 -2.687006
E 8.061017 2.687006 -5.374012
T 5.374012 5.374012 -5.374012
G 2.687006 5.374012 -2.687006
T 2.687006 2.687006 -5.374012
W 0.000000 2.687006 -2.687006
Y -2.687006 2.687006 0.000000


-16.455549	aa7a92b00
10

Y 0.000000 0.000000 0.000000
Y 2.687006 2.687006 0.000000
D 5.374012 5.374012 0.000000
P 2.687006 5.374012 2.687006
E 2.687006 8.061017 5.374012
T 2.687006 5.374012 8.061017
G 0.000000 5.374012 5.374012
T 2.687006 2.687006 5.374012
W 0.000000 2.687006 2.687006
Y -2.687006 2.687006 0.000000


-16.455549	bb8ba5340
10

Y 0.000000 0.000000 0.000000
Y 2.687006 2.687006 0.000000
D 5.374012 2.687006 2.687006
P 5.374012 5.374012 0.000000
E 8.061017 5.374012 -2.687006
T 5.374012 5.374012 -5.374012
G 2.687006 5.374012 -2.687006
T 2.687006 2.687006 -5.374012
W 0.000000 2.687006 -2.687006
Y -2.687006 2.687006 0.000000


-16.455549	bb8b83340
10

Y 0.000000 0.000000 0.000000
Y 2.687006 2.687006 0.000000
D 5.374012 2.687006 2.687006
P 5.374012 5.374012 0.000000
E 5.374012 8.061017 -2.687006
T 5.374012 5.374012 -5.374012
G 2.687006 5.374012 -2.687006
T 2.687006 2.687006 -5.374012
W 0.000000 2.687006 -2.687006
Y -2.687006 2.687006 0.000000


-16.455549	bb8b7a300
10

Y 0.000000 0.000000 0.000000
Y 2.687006 2.687006 0.000000
D 5.374012 5.374012 0.000000
P 5.374012 8.061017 -2.687006
E 2.687006 8.061017 -5.374012
T 5.374012 5.374012 -5.374012
G 2.687006 5.374012 -2.687006
T 2.687006 2.687006 -5.374012
W 0.000000 2.687006 -2.687006
Y -2.687006 2.687006 0.000000


-16.455549	bb8b65300
10

Y 0.000000 0.000000 0.000000
Y 2.687006 2.687006 0.000000
D 5.374012 5.374012 0.000000
P 5.374012 8.061017 -2.687006
E 8.061017 8.061017 -5.374012
T 5.374012 5.374012 -5.374012
G 2.687006 5.374012 -2.687006
T 2.687006 2.687006 -5.374012
W 0.000000 2.687006 -2.687006
Y -2.687006 2.687006 0.000000


-16.455549	99648a300
10

Y 0.000000 0.000000 0.000000
Y 2.687006 2.687006 0.000000
D 5.374012 5.374012 0.000000
P 5.374012 8.061017 -2.687006
E 2.687006 8.061017 -5.374012
T 2.687006 5.374012 -8.061017
G 5.374012 5.374012 -5.374012
T 2.687006 2.687006 -5.374012
W 2.687006 0.000000 -2.687006
Y 2.687006 -2.687006 0.000000


-16.455549	996483a00
10

Y 0.000000 0.000000 0.000000
Y 2.687006 2.687006 0.000000
D 5.374012 5.374012 0.000000
P 2.687006 5.374012 -2.687006
E 2.687006 8.061017 -5.374012
T 2.687006 5.374012 -8.061017
G 5.374012 5.374012 -5.374012
T 2.687006 2.687006 -5.374012
W 2.687006 0.000000 -2.687006
Y 2.687006 -2.687006 0.000000


-16.455549	99645aa00
10

Y 0.000000 0.000000 0.000000
Y 2.687006 2.687006 0.000000
D 5.374012 5.374012 0.000000
P 2.687006 5.374012 -2.687006
E 0.000000 5.374012 -5.374012
T 2.687006 5.374012 -8.061017
G 5.374012 5.374012 -5.374012
T 2.687006 2.687006 -5.374012
W 2.687006 0.000000 -2.687006
Y 2.687006 -2.687006 0.000000


-16.455549	9962a8500
10

Y 0.000000 0.000000 0.000000
Y 2.687006 2.687006 0.000000
D 5.374012 5.374012 0.000000
P 8.061017 5.374012 -2.687006
E 8.061017 2.687006 -5.374012
T 5.374012 2.687006 -8.061017
G 5.374012 5.374012 -5.374012
T 2.687006 2.687006 -5.374012
W 2.687006 0.000000 -2.687006
Y 2.687006 -2.687006 0.000000


-16.455549	9962a5800
10

Y 0.000000 0.000000 0.000000
Y 2.687006 2.687006 0.000000
D 5.374012 5.374012 0.000000
P 5.374012 2.687006 -2.687006
E 8.061017 2.687006 -5.374012
T 5.374012 2.687006 -8.061017
G 5.374012 5.374012 -5.374012
T 2.687006 2.687006 -5.374012
W 2.687006 0.000000 -2.687006
Y 2.687006 -2.687006 0.000000


-16.455549	884891b00
10

Y 0.000000 0.000000 0.000000
Y 2.687006 2.687006 0.000000
D 5.374012 5.374012 0.000000
P 2.687006 5.374012 2.687006
E 0.000000 8.061017 2.687006
T 0.000000 5.374012 5.374012
G 0.000000 2.687006 2.687006
T 2.687006 2.687006 5.374012
W 2.687006 0.000000 2.687006
Y 2.687006 -2.687006 0.000000


-16.455549	995981a00
10

Y 0.000000 0.000000 0.000000
Y 2.687006 2.687006 0.000000
D 5.374012 5.374012 0.000000
P 2.687006 5.374012 -2.687006
E 0.000000 8.061017 -2.687006
T 0.000000 5.374012 -5.374012
G 0.000000 2.687006 -2.687006
T 2.687006 2.687006 -5.374012
W 2.687006 0.000000 -2.687006
Y 2.687006 -2.687006 0.000000


-16.455549	884862b00
10

Y 0.000000 0.000000 0.000000
Y 2.687006 2.687006 0.000000
D 5.374012 5.374012 0.000000
P 2.687006 5.374012 2.687006
E 2.687006 8.061017 5.374012
T 0.000000 5.374012 5.374012
G 0.000000 2.687006 2.687006
T 2.687006 2.687006 5.374012
W 2.687006 0.000000 2.687006
Y 2.687006 -2.687006 0.000000


-16.455549	995963a00
10

Y 0.000000 0.000000 0.000000
Y 2.687006 2.687006 0.000000
D 5.374012 5.374012 0.000000
P 2.687006 5.374012 -2.687006
E 2.687006 8.061017 -5.374012
T 0.000000 5.374012 -5.374012
G 0.000000 2.687006 -2.687006
T 2.687006 2.687006 -5.374012
W 2.687006 0.000000 -2.687006
Y 2.687006 -2.687006 0.000000


-16.455549	bb7b83a00
10

Y 0.000000 0.000000 0.000000
Y 2.687006 2.687006 0.000000
D 5.374012 5.374012 0.000000
P 2.687006 5.374012 -2.687006
E 2.687006 8.061017 -5.374012
T 2.687006 5.374012 -8.061017
G 0.000000 5.374012 -5.374012
T 2.687006 2.687006 -5.374012
W 0.000000 2.687006 -2.687006
Y -2.687006 2.687006 0.000000


-16.455549	22a2a8840
10

Y 0.000000 0.000000 0.000000
Y 2.687006 2.687006 0.000000
D 5.374012 2.687006 2.687006
P 5.374012 0.000000 0.000000
E 5.374012 -2.687006 -2.687006
T 2.687006 -2.687006 -5.374012
G 2.687006 0.000000 -2.687006
T 0.000000 0.000000 -5.374012
W 0.000000 2.687006 -2.687006
Y 0.000000 5.374012 0.000000


-16.455549	aa6592b00
10

Y 0.000000 0.000000 0.000000
Y 2.687006 2.687006 0.000000
D 5.374012 5.374012 0.000000
P 2.687006 5.374012 2.687006
E 2.687006 8.061017 5.374012
T 2.687006 5.374012 8.061017
G 5.374012 5.374012 5.374012
T 2.687006 2.687006 5.374012
W 0.000000 2.687006 2.687006
Y -2.687006 2.687006 0.000000


-16.455549	aa659b200
10

Y 0.000000 0.000000 0.000000
Y 2.687006 2.687006 0.000000
D 5.374012 5.374012 0.000000
P 5.374012 8.061017 2.687006
E 2.687006 8.061017 5.374012
T 2.687006 5.374012 8.061017
G 5.374012 5.374012 5.374012
T 2.687006 2.687006 5.374012
W 0.000000 2.687006 2.687006
Y -2.687006 2.687006 0.000000


-16.455549	aa6329900
10

Y 0.000000 0.000000 0.000000
Y 2.687006 2.687006 0.000000
D 5.374012 5.374012 0.000000
P 5.374012 2.687006 2.687006
E 5.374012 0.000000 5.374012
T 5.374012 2.687006 8.061017
G 5.374012 5.374012 5.374012
T 2.687006 2.687006 5.374012
W 0.000000 2.687006 2.687006
Y -2.687006 2.687006 0.000000


-16.455549	aa63b4900
10

Y 0.000000 0.000000 0.000000
Y 2.687006 2.687006 0.000000
D 5.374012 5.374012 0.000000
P 5.374012 2.687006 2.687006
E 8.061017 2.687006 5.374012
T 5.374012 2.687006 8.061017
G 5.374012 5.374012 5.374012
T 2.687006 2.687006 5.374012
W 0.000000 2.687006 2.687006
Y -2.687006 2.687006 0.000000


-16.455549	aa63b9400
10

Y 0.000000 0.000000 0.000000
Y 2.687006 2.687006 0.000000
D 5.374012 5.374012 0.000000
P 8.061017 5.374012 2.687006
E 8.061017 2.687006 5.374012
T 5.374012 2.687006 8.061017
G 5.374012 5.374012 5.374012
T 2.687006 2.687006 5.374012
W 0.000000 2.687006 2.687006
Y -2.687006 2.687006 0.000000


-16.455549	bb648a300
10

Y 0.000000 0.000000 0.000000
Y 2.687006 2.687006 0.000000
D 5.374012 5.374012 0.000000
P 5.374012 8.061017 -2.687006
E 2.687006 8.061017 -5.374012
T 2.687006 5.374012 -8.061017
G 5.374012 5.374012 -5.374012
T 2.687006 2.687006 -5.374012
W 0.000000 2.687006 -2.687006
Y -2.687006 2.687006 0.000000


-16.455549	bb6483a00
10

Y 0.000000 0.000000 0.000000
Y 2.687006 2.687006 0.000000
D 5.374012 5.374012 0.000000
P 2.687006 5.374012 -2.687006
E 2.687006 8.061017 -5.374012
T 2.687006 5.374012 -8.061017
G 5.374012 5.374012 -5.374012
T 2.687006 2.687006 -5.374012
W 0.000000 2.687006 -2.687006
Y -2.687006 2.687006 0.000000


-16.455549	bb6238800
10

Y 0.000000 0.000000 0.000000
Y 2.687006 2.687006 0.000000
D 5.374012 5.374012 0.000000
P 5.374012 2.687006 -2.687006
E 5.374012 0.000000 -5.374012
T 5.374012 2.687006 -8.061017
G 5.374012 5.374012 -5.374012
T 2.687006 2.687006 -5.374012
W 0.000000 2.687006 -2.687006
Y -2.687006 2.687006 0.000000


-16.455549	bb62a8500
10

Y 0.000000 0.000000 0.000000
Y 2.687006 2.687006 0.000000
D 5.374012 5.374012 0.000000
P 8.061017 5.374012 -2.687006
E 8.061017 2.687006 -5.374012
T 5.374012 2.687006 -8.061017
G 5.374012 5.374012 -5.374012
T 2.687006 2.687006 -5.374012
W 0.000000 2.687006 -2.687006
Y -2.687006 2.687006 0.000000


-16.455549	bb62a5800
10

Y 0.000000 0.000000 0.000000
Y 2.687006 2.687006 0.000000
D 5.374012 5.374012 0.000000
P 5.374012 2.687006 -2.687006
E 8.061017 2.687006 -5.374012
T 5.374012 2.687006 -8.061017
G 5.374012 5.374012 -5.374012
T 2.687006 2.687006 -5.374012
W 0.000000 2.687006 -2.687006
Y -2.687006 2.687006 0.000000


-16.455549	86b810340
10

Y 0.000000 0.000000 0.000000
Y 2.687006 2.687006 0.000000
D 5.374012 2.687006 2.687006
P 5.374012 5.374012 0.000000
E 8.061017 8.061017 0.000000
T 5.374012 10.748023 0.000000
G 5.374012 8.061017 -2.687006
T 2.687006 8.061017 0.000000
W 0.000000 5.374012 0.000000
Y 0.000000 2.687006 -2.687006


-16.455549	86a923340
10

Y 0.000000 0.000000 0.000000
Y 2.687006 2.687006 0.000000
D 5.374012 2.687006 2.687006
P 5.374012 5.374012 0.000000
E 5.374012 8.061017 -2.687006
T 5.374012 10.748023 0.000000
G 5.374012 8.061017 2.687006
T 2.687006 8.061017 0.000000
W 0.000000 5.374012 0.000000
Y 0.000000 2.687006 -2.687006


-16.455549	86a913040
10

Y 0.000000 0.000000 0.000000
Y 2.687006 2.687006 0.000000
D 5.374012 2.687006 2.687006
P 8.061017 5.374012 2.687006
E 8.061017 8.061017 0.000000
T 5.374012 10.748023 0.000000
G 5.374012 8.061017 2.687006
T 2.687006 8.061017 0.000000
W 0.000000 5.374012 0.000000
Y 0.000000 2.687006 -2.687006


-16.455549	86a910340
10

Y 0.000000 0.000000 0.000000
Y 2.687006 2.687006 0.000000
D 5.374012 2.687006 2.687006
P 5.374012 5.374012 0.000000
E 8.061017 8.061017 0.000000
T 5.374012 10.748023 0.000000
G 5.374012 8.061017 2.687006
T 2.687006 8.061017 0.000000
W 0.000000 5.374012 0.000000
Y 0.000000 2.687006 -2.687006


-16.455549	86a732140
10

Y 0.000000 0.000000 0.000000
Y 2.687006 2.687006 0.000000
D 5.374012 2.687006 2.687006
P 2.687006 5.374012 2.687006
E 2.687006 8.061017 5.374012
T 2.687006 10.748023 2.687006
G 5.374012 8.061017 2.687006
T 2.687006 8.061017 0.000000
W 0.000000 5.374012 0.000000
Y 0.000000 2.687006 -2.687006


-16.455549	86a731240
10

Y 0.000000 0.000000 0.000000
Y 2.687006 2.687006 0.000000
D 5.374012 2.687006 2.687006
P 5.374012 5.374012 5.374012
E 2.687006 8.061017 5.374012
T 2.687006 10.748023 2.687006
G 5.374012 8.061017 2.687006
T 2.687006 8.061017 0.000000
W 0.000000 5.374012 0.000000
Y 0.000000 2.687006 -2.687006


-16.455549	a8b7ab200
10

Y 0.000000 0.000000 0.000000
Y 2.687006 2.687006 0.000000
D 5.374012 5.374012 0.000000
P 5.374012 8.061017 2.687006
E 2.687006 8.061017 5.374012
T 0.000000 8.061017 2.687006
G 2.687006 5.374012 2.687006
T 0.000000 5.374012 5.374012
W 0.000000 2.687006 2.687006
Y -2.687006 2.687006 0.000000


-16.455549	a8b791100
10

Y 0.000000 0.000000 0.000000
Y 2.687006 2.687006 0.000000
D 5.374012 5.374012 0.000000
P 2.687006 8.061017 0.000000
E 0.000000 10.748023 0.000000
T 0.000000 8.061017 2.687006
G 2.687006 5.374012 2.687006
T 0.000000 5.374012 5.374012
W 0.000000 2.687006 2.687006
Y -2.687006 2.687006 0.000000


-16.455549	a8b762100
10

Y 0.000000 0.000000 0.000000
Y 2.687006 2.687006 0.000000
D 5.374012 5.374012 0.000000
P 2.687006 8.061017 0.000000
E 2.687006 10.748023 2.687006
T 0.000000 8.061017 2.687006
G 2.687006 5.374012 2.687006
T 0.000000 5.374012 5.374012
W 0.000000 2.687006 2.687006
Y -2.687006 2.687006 0.000000


-16.455549	a8b761200
10

Y 0.000000 0.000000 0.000000
Y 2.687006 2.687006 0.000000
D 5.374012 5.374012 0.000000
P 5.374012 8.061017 2.687006
E 2.687006 10.748023 2.687006
T 0.000000 8.061017 2.687006
G 2.687006 5.374012 2.687006
T 0.000000 5.374012 5.374012
W 0.000000 2.687006 2.687006
Y -2.687006 2.687006 0.000000


-16.455549	b9a7ba300
10

Y 0.000000 0.000000 0.000000
Y 2.687006 2.687006 0.000000
D 5.374012 5.374012 0.000000
P 5.374012 8.061017 -2.687006
E 2.687006 8.061017 -5.374012
T 0.000000 8.061017 -2.687006
G 2.687006 5.374012 -2.687006
T 0.000000 5.374012 -5.374012
W 0.000000 2.687006 -2.687006
Y -2.687006 2.687006 0.000000


-16.455549	b9a781100
10

Y 0.000000 0.000000 0.000000
Y 2.687006 2.687006 0.000000
D 5.374012 5.374012 0.000000
P 2.687006 8.061017 0.000000
E 0.000000 10.748023 0.000000
T 0.000000 8.061017 -2.687006
G 2.687006 5.374012 -2.687006
T 0.000000 5.374012 -5.374012
W 0.000000 2.687006 -2.687006
Y -2.687006 2.687006 0.000000


-16.455549	b9a763100
10

Y 0.000000 0.000000 0.000000
Y 2.687006 2.687006 0.000000
D 5.374012 5.374012 0.000000
P 2.687006 8.061017 0.000000
E 2.687006 10.748023 -2.687006
T 0.000000 8.061017 -2.687006
G 2.687006 5.374012 -2.687006
T 0.000000 5.374012 -5.374012
W 0.000000 2.687006 -2.687006
Y -2.687006 2.687006 0.000000


-16.455549	b9a761300
10

Y 0.000000 0.000000 0.000000
Y 2.687006 2.687006 0.000000
D 5.374012 5.374012 0.000000
P 5.374012 8.061017 -2.687006
E 2.687006 10.748023 -2.687006
T 0.000000 8.061017 -2.687006
G 2.687006 5.374012 -2.687006
T 0.000000 5.374012 -5.374012
W 0.000000 2.687006 -2.687006
Y -2.687006 2.687006 0.000000


-16.455549	865632140
10

Y 0.000000 0.000000 0.000000
Y 2.687006 2.687006 0.000000
D 5.374012 2.687006 2.687006
P 2.687006 5.374012 2.687006
E 2.687006 8.061017 5.374012
T 2.687006 10.748023 2.687006
G 0.000000 8.061017 2.687006
T 2.687006 8.061017 0.000000
W 0.000000 5.374012 0.000000
Y 0.000000 2.687006 -2.687006


-16.455549	a86461200
10

Y 0.000000 0.000000 0.000000
Y 2.687006 2.687006 0.000000
D 5.374012 5.374012 0.000000
P 5.374012 8.061017 2.687006
E 2.687006 10.748023 2.687006
T 0.000000 8.061017 2.687006
G 2.687006 8.061017 5.374012
T 0.000000 5.374012 5.374012
W 0.000000 2.687006 2.687006
Y -2.687006 2.687006 0.000000


-16.455549	8636b0340
10

Y 0.000000 0.000000 0.000000
Y 2.687006 2.687006 0.000000
D 5.374012 2.687006 2.687006
P 5.374012 5.374012 0.000000
E 8.061017 8.061017 0.000000
T 5.374012 8.061017 2.687006
G 2.687006 5.374012 2.687006
T 2.687006 8.061017 0.000000
W 0.000000 5.374012 0.000000
Y 0.000000 2.687006 -2.687006


-16.455549	8636a0240
10

Y 0.000000 0.000000 0.000000
Y 2.687006 2.687006 0.000000
D 5.374012 2.687006 2.687006
P 5.374012 5.374012 5.374012
E 8.061017 8.061017 5.374012
T 5.374012 8.061017 2.687006
G 2.687006 5.374012 2.687006
T 2.687006 8.061017 0.000000
W 0.000000 5.374012 0.000000
Y 0.000000 2.687006 -2.687006


-16.455549	863651240
10

Y 0.000000 0.000000 0.000000
Y 2.687006 2.687006 0.000000
D 5.374012 2.687006 2.687006
P 5.374012 5.374012 5.374012
E 2.687006 8.061017 5.374012
T 5.374012 8.061017 2.687006
G 2.687006 5.374012 2.687006
T 2.687006 8.061017 0.000000
W 0.000000 5.374012 0.000000
Y 0.000000 2.687006 -2.687006


-16.455549	b96561300
10

Y 0.000000 0.000000 0.000000
Y 2.687006 2.687006 0.000000
D 5.374012 5.374012 0.000000
P 5.374012 8.061017 -2.687006
E 2.687006 10.748023 -2.687006
T 0.000000 8.061017 -2.687006
G 2.687006 8.061017 -5.374012
T 0.000000 5.374012 -5.374012
W 0.000000 2.687006 -2.687006
Y -2.687006 2.687006 0.000000


-16.455549	8626a0340
10

Y 0.000000 0.000000 0.000000
Y 2.687006 2.687006 0.000000
D 5.374012 2.687006 2.687006
P 5.374012 5.374012 0.000000
E 8.061017 8.061017 0.000000
T 5.374012 8.061017 -2.687006
G 2.687006 5.374012 -2.687006
T 2.687006 8.061017 0.000000
W 0.000000 5.374012 0.000000
Y 0.000000 2.687006 -2.687006


-16.455549	862615340
10

Y 0.000000 0.000000 0.000000
Y 2.687006 2.687006 0.000000
D 5.374012 2.687006 2.687006
P 5.374012 5.374012 0.000000
E 8.061017 5.374012 -2.687006
T 5.374012 8.061017 -2.687006
G 2.687006 5.374012 -2.687006
T 2.687006 8.061017 0.000000
W 0.000000 5.374012 0.000000
Y 0.000000 2.687006 -2.687006


-16.455549	318ba7740
10

Y 0.000000 0.000000 0.000000
Y 2.687006 2.687006 0.000000
D 5.374012 2.687006 2.687006
P 8.061017 0.000000 2.687006
E 10.748023 -2.687006 2.687006
T 8.061017 -2.687006 0.000000
G 5.374012 -2.687006 2.687006
T 5.374012 -5.374012 0.000000
W 2.687006 -2.687006 0.000000
Y 2.687006 0.000000 -2.687006


-16.455549	318b65740
10

Y 0.000000 0.000000 0.000000
Y 2.687006 2.687006 0.000000
D 5.374012 2.687006 2.687006
P 8.061017 0.000000 2.687006
E 10.748023 0.000000 0.000000
T 8.061017 -2.687006 0.000000
G 5.374012 -2.687006 2.687006
T 5.374012 -5.374012 0.000000
W 2.687006 -2.687006 0.000000
Y 2.687006 0.000000 -2.687006


-16.455549	861913540
10

Y 0.000000 0.000000 0.000000
Y 2.687006 2.687006 0.000000
D 5.374012 2.687006 2.687006
P 8.061017 2.687006 0.000000
E 8.061017 5.374012 -2.687006
T 5.374012 8.061017 -2.687006
G 5.374012 5.374012 0.000000
T 2.687006 8.061017 0.000000
W 0.000000 5.374012 0.000000
Y 0.000000 2.687006 -2.687006


-16.455549	8619a3040
10

Y 0.000000 0.000000 0.000000
Y 2.687006 2.687006 0.000000
D 5.374012 2.687006 2.687006
P 8.061017 5.374012 2.687006
E 8.061017 8.061017 0.000000
T 5.374012 8.061017 -2.687006
G 5.374012 5.374012 0.000000
T 2.687006 8.061017 0.000000
W 0.000000 5.374012 0.000000
Y 0.000000 2.687006 -2.687006


-16.455549	8618b3040
10

Y 0.000000 0.000000 0.000000
Y 2.687006 2.687006 0.000000
D 5.374012 2.687006 2.687006
P 8.061017 5.374012 2.687006
E 8.061017 8.061017 0.000000
T 5.374012 8.061017 2.687006
G 5.374012 5.374012 0.000000
T 2.687006 8.061017 0.000000
W 0.000000 5.374012 0.000000
Y 0.000000 2.687006 -2.687006


-16.455549	8618a2040
10

Y 0.000000 0.000000 0.000000
Y 2.687006 2.687006 0.000000
D 5.374012 2.687006 2.687006
P 8.061017 5.374012 2.687006
E 8.061017 8.061017 5.374012
T 5.374012 8.061017 2.687006
G 5.374012 5.374012 0.000000
T 2.687006 8.061017 0.000000
W 0.000000 5.374012 0.000000
Y 0.000000 2.687006 -2.687006


-16.455549	861852140
10

Y 0.000000 0.000000 0.000000
Y 2.687006 2.687006 0.000000
D 5.374012 2.687006 2.687006
P 2.687006 5.374012 2.687006
E 2.687006 8.061017 5.374012
T 5.374012 8.061017 2.687006
G 5.374012 5.374012 0.000000
T 2.687006 8.061017 0.000000
W 0.000000 5.374012 0.000000
Y 0.000000 2.687006 -2.687006


-16.455549	2b3b38840
10

Y 0.000000 0.000000 0.000000
Y 2.687006 2.687006 0.000000
D 5.374012 2.687006 2.687006
P 5.374012 0.000000 0.000000
E 5.374012 -2.687006 -2.687006
T 5.374012 0.000000 -5.374012
G 2.687006 0.000000 -2.687006
T 2.687006 2.687006 -5.374012
W 0.000000 2.687006 -2.687006
Y 0.000000 5.374012 0.000000


-16.455549	85956bb00
10

Y 0.000000 0.000000 0.000000
Y 2.687006 2.687006 0.000000
D 5.374012 5.374012 0.000000
P 2.687006 5.374012 2.687006
E 0.000000 5.374012 5.374012
T -2.687006 2.687006 5.374012
G 0.000000 2.687006 2.687006
T 0.000000 0.000000 5.374012
W 2.687006 0.000000 2.687006
Y 2.687006 -2.687006 0.000000


-16.455549	2b3ba5840
10

Y 0.000000 0.000000 0.000000
Y 2.687006 2.687006 0.000000
D 5.374012 2.687006 2.687006
P 5.374012 0.000000 0.000000
E 8.061017 0.000000 -2.687006
T 5.374012 0.000000 -5.374012
G 2.687006 0.000000 -2.687006
T 2.687006 2.687006 -5.374012
W 0.000000 2.687006 -2.687006
Y 0.000000 5.374012 0.000000


-16.455549	85659bb00
10

Y 0.000000 0.000000 0.000000
Y 2.687006 2.687006 0.000000
D 5.374012 5.374012 0.000000
P 2.687006 5.374012 2.687006
E 0.000000 5.374012 5.374012
T 0.000000 2.687006 8.061017
G 2.687006 2.687006 5.374012
T 0.000000 0.000000 5.374012
W 2.687006 0.000000 2.687006
Y 2.687006 -2.687006 0.000000


-16.455549	856362140
10

Y 0.000000 0.000000 0.000000
Y 2.687006 2.687006 0.000000
D 5.374012 2.687006 2.687006
P 2.687006 5.374012 2.687006
E 2.687006 8.061017 5.374012
T 0.000000 5.374012 5.374012
G 0.000000 8.061017 2.687006
T -2.687006 5.374012 2.687006
W 0.000000 5.374012 0.000000
Y 0.000000 2.687006 -2.687006


-16.455549	2ba238840
10

Y 0.000000 0.000000 0.000000
Y 2.687006 2.687006 0.000000
D 5.374012 2.687006 2.687006
P 5.374012 0.000000 0.000000
E 5.374012 -2.687006 -2.687006
T 5.374012 0.000000 -5.374012
G 5.374012 2.687006 -2.687006
T 2.687006 2.687006 -5.374012
W 0.000000 2.687006 -2.687006
Y 0.000000 5.374012 0.000000


-16.455549	2ba2a8540
10

Y 0.000000 0.000000 0.000000
Y 2.687006 2.687006 0.000000
D 5.374012 2.687006 2.687006
P 8.061017 2.687006 0.000000
E 8.061017 0.000000 -2.687006
T 5.374012 0.000000 -5.374012
G 5.374012 2.687006 -2.687006
T 2.687006 2.687006 -5.374012
W 0.000000 2.687006 -2.687006
Y 0.000000 5.374012 0.000000


-16.455549	2ba2a5840
10

Y 0.000000 0.000000 0.000000
Y 2.687006 2.687006 0.000000
D 5.374012 2.687006 2.687006
P 5.374012 0.000000 0.000000
E 8.061017 0.000000 -2.687006
T 5.374012 0.000000 -5.374012
G 5.374012 2.687006 -2.687006
T 2.687006 2.687006 -5.374012
W 0.000000 2.687006 -2.687006
Y 0.000000 5.374012 0.000000


-16.455549	2ba9a3540
10

Y 0.000000 0.000000 0.000000
Y 2.687006 2.687006 0.000000
D 5.374012 2.687006 2.687006
P 8.061017 2.687006 0.000000
E 8.061017 5.374012 -2.687006
T 5.374012 5.374012 -5.374012
G 5.374012 2.687006 -2.687006
T 2.687006 2.687006 -5.374012
W 0.000000 2.687006 -2.687006
Y 0.000000 5.374012 0.000000


-16.455549	2ba9a5340
10

Y 0.000000 0.000000 0.000000
Y 2.687006 2.687006 0.000000
D 5.374012 2.687006 2.687006
P 5.374012 5.374012 0.000000
E 8.061017 5.374012 -2.687006
T 5.374012 5.374012 -5.374012
G 5.374012 2.687006 -2.687006
T 2.687006 2.687006 -5.374012
W 0.000000 2.687006 -2.687006
Y 0.000000 5.374012 0.000000


-16.455549	2ba983340
10

Y 0.000000 0.000000 0.000000
Y 2.687006 2.687006 0.000000
D 5.374012 2.687006 2.687006
P 5.374012 5.374012 0.000000
E 5.374012 8.061017 -2.687006
T 5.374012 5.374012 -5.374012
G 5.374012 2.687006 -2.687006
T 2.687006 2.687006 -5.374012
W 0.000000 2.687006 -2.687006
Y 0.000000 5.374012 0.000000


-16.455549	2b8167700
10

Y 0.000000 0.000000 0.000000
Y 2.687006 2.687006 0.000000
D 5.374012 5.374012 0.000000
P 8.061017 2.687006 0.000000
E 10.748023 0.000000 0.000000
T 8.061017 -2.687006 0.000000
G 5.374012 0.000000 0.000000
T 5.374012 -2.687006 -2.687006
W 2.687006 -2.687006 0.000000
Y 2.687006 0.000000 2.687006


-16.455549	2b8198700
10

Y 0.000000 0.000000 0.000000
Y 2.687006 2.687006 0.000000
D 5.374012 5.374012 0.000000
P 8.061017 2.687006 0.000000
E 8.061017 0.000000 -2.687006
T 8.061017 -2.687006 0.000000
G 5.374012 0.000000 0.000000
T 5.374012 -2.687006 -2.687006
W 2.687006 -2.687006 0.000000
Y 2.687006 0.000000 2.687006


-16.455549	2b8197800
10

Y 0.000000 0.000000 0.000000
Y 2.687006 2.687006 0.000000
D 5.374012 5.374012 0.000000
P 5.374012 2.687006 -2.687006
E 8.061017 0.000000 -2.687006
T 8.061017 -2.687006 0.000000
G 5.374012 0.000000 0.000000
T 5.374012 -2.687006 -2.687006
W 2.687006 -2.687006 0.000000
Y 2.687006 0.000000 2.687006


-16.455549	2b8ba5340
10

Y 0.000000 0.000000 0.000000
Y 2.687006 2.687006 0.000000
D 5.374012 2.687006 2.687006
P 5.374012 5.374012 0.000000
E 8.061017 5.374012 -2.687006
T 5.374012 5.374012 -5.374012
G 2.687006 5.374012 -2.687006
T 2.687006 2.687006 -5.374012
W 0.000000 2.687006 -2.687006
Y 0.000000 5.374012 0.000000


-16.455549	2b8b83340
10

Y 0.000000 0.000000 0.000000
Y 2.687006 2.687006 0.000000
D 5.374012 2.687006 2.687006
P 5.374012 5.374012 0.000000
E 5.374012 8.061017 -2.687006
T 5.374012 5.374012 -5.374012
G 2.687006 5.374012 -2.687006
T 2.687006 2.687006 -5.374012
W 0.000000 2.687006 -2.687006
Y 0.000000 5.374012 0.000000


-16.455549	2b7268800
10

Y 0.000000 0.000000 0.000000
Y 2.687006 2.687006 0.000000
D 5.374012 5.374012 0.000000
P 5.374012 2.687006 -2.687006
E 5.374012 0.000000 -5.374012
T 2.687006 -2.687006 -5.374012
G 2.687006 0.000000 -2.687006
T 5.374012 -2.687006 -2.687006
W 2.687006 -2.687006 0.000000
Y 2.687006 0.000000 2.687006


-16.455549	8518a2b40
10

Y 0.000000 0.000000 0.000000
Y 2.687006 2.687006 0.000000
D 5.374012 2.687006 2.687006
P 2.687006 2.687006 5.374012
E 2.687006 5.374012 8.061017
T 0.000000 5.374012 5.374012
G 0.000000 2.687006 2.687006
T -2.687006 5.374012 2.687006
W 0.000000 5.374012 0.000000
Y 0.000000 2.687006 -2.687006


-16.455549	851862140
10

Y 0.000000 0.000000 0.000000
Y 2.687006 2.687006 0.000000
D 5.374012 2.687006 2.687006
P 2.687006 5.374012 2.687006
E 2.687006 8.061017 5.374012
T 0.000000 5.374012 5.374012
G 0.000000 2.687006 2.687006
T -2.687006 5.374012 2.687006
W 0.000000 5.374012 0.000000
Y 0.000000 2.687006 -2.687006


-16.455549	85183bb40
10

Y 0.000000 0.000000 0.000000
Y 2.687006 2.687006 0.000000
D 5.374012 2.687006 2.687006
P 2.687006 2.687006 5.374012
E 0.000000 2.687006 8.061017
T 0.000000 5.374012 5.374012
G 0.000000 2.687006 2.687006
T -2.687006 5.374012 2.687006
W 0.000000 5.374012 0.000000
Y 0.000000 2.687006 -2.687006


-16.455549	2b6367700
10

Y 0.000000 0.000000 0.000000
Y 2.687006 2.687006 0.000000
D 5.374012 5.374012 0.000000
P 8.061017 2.687006 0.000000
E 10.748023 0.000000 0.000000
T 8.061017 -2.687006 0.000000
G 8.061017 0.000000 -2.687006
T 5.374012 -2.687006 -2.687006
W 2.687006 -2.687006 0.000000
Y 2.687006 0.000000 2.687006


-16.455549	94846aa00
10

Y 0.000000 0.000000 0.000000
Y 2.687006 2.687006 0.000000
D 5.374012 5.374012 0.000000
P 2.687006 5.374012 -2.687006
E 0.000000 5.374012 -5.374012
T -2.687006 2.687006 -5.374012
G 0.000000 2.687006 -2.687006
T 0.000000 0.000000 -5.374012
W 2.687006 0.000000 -2.687006
Y 2.687006 -2.687006 0.000000


-16.455549	94648aa00
10

Y 0.000000 0.000000 0.000000
Y 2.687006 2.687006 0.000000
D 5.374012 5.374012 0.000000
P 2.687006 5.374012 -2.687006
E 0.000000 5.374012 -5.374012
T 0.000000 2.687006 -8.061017
G 2.687006 2.687006 -5.374012
T 0.000000 0.000000 -5.374012
W 2.687006 0.000000 -2.687006
Y 2.687006 -2.687006 0.000000


-16.455549	29a9a3340
10

Y 0.000000 0.000000 0.000000
Y 2.687006 2.687006 0.000000
D 5.374012 2.687006 2.687006
P 5.374012 5.374012 0.000000
E 5.374012 8.061017 -2.687006
T 2.687006 8.061017 -5.374012
G 2.687006 5.374012 -2.687006
T 0.000000 5.374012 -5.374012
W 0.000000 2.687006 -2.687006
Y 0.000000 5.374012 0.000000


-16.455549	3a9167700
10

Y 0.000000 0.000000 0.000000
Y 2.687006 2.687006 0.000000
D 5.374012 5.374012 0.000000
P 8.061017 2.687006 0.000000
E 10.748023 0.000000 0.000000
T 8.061017 -2.687006 0.000000
G 5.374012 0.000000 0.000000
T 5.374012 -2.687006 2.687006
W 2.687006 -2.687006 0.000000
Y 2.687006 0.000000 -2.687006


-16.455549	3a9167540
10

Y 0.000000 0.000000 0.000000
Y 2.687006 2.687006 0.000000
D 5.374012 2.687006 2.687006
P 8.061017 2.687006 0.000000
E 10.748023 0.000000 0.000000
T 8.061017 -2.687006 0.000000
G 5.374012 0.000000 0.000000
T 5.374012 -2.687006 2.687006
W 2.687006 -2.687006 0.000000
Y 2.687006 0.000000 -2.687006


-16.455549	3a9165740
10

Y 0.000000 0.000000 0.000000
Y 2.687006 2.687006 0.000000
D 5.374012 2.687006 2.687006
P 8.061017 0.000000 2.687006
E 10.748023 0.000000 0.000000
T 8.061017 -2.687006 0.000000
G 5.374012 0.000000 0.000000
T 5.374012 -2.687006 2.687006
W 2.687006 -2.687006 0.000000
Y 2.687006 0.000000 -2.687006


-16.455549	3a91a7740
10

Y 0.000000 0.000000 0.000000
Y 2.687006 2.687006 0.000000
D 5.374012 2.687006 2.687006
P 8.061017 0.000000 2.687006
E 10.748023 -2.687006 2.687006
T 8.061017 -2.687006 0.000000
G 5.374012 0.000000 0.000000
T 5.374012 -2.687006 2.687006
W 2.687006 -2.687006 0.000000
Y 2.687006 0.000000 -2.687006


-16.455549	3a9189700
10

Y 0.000000 0.000000 0.000000
Y 2.687006 2.687006 0.000000
D 5.374012 5.374012 0.000000
P 8.061017 2.687006 0.000000
E 8.061017 0.000000 2.687006
T 8.061017 -2.687006 0.000000
G 5.374012 0.000000 0.000000
T 5.374012 -2.687006 2.687006
W 2.687006 -2.687006 0.000000
Y 2.687006 0.000000 -2.687006


-16.455549	3a9187900
10

Y 0.000000 0.000000 0.000000
Y 2.687006 2.687006 0.000000
D 5.374012 5.374012 0.000000
P 5.374012 2.687006 2.687006
E 8.061017 0.000000 2.687006
T 8.061017 -2.687006 0.000000
G 5.374012 0.000000 0.000000
T 5.374012 -2.687006 2.687006
W 2.687006 -2.687006 0.000000
Y 2.687006 0.000000 -2.687006


-16.455549	3a8089b40
10

Y 0.000000 0.000000 0.000000
Y 2.687006 2.687006 0.000000
D 5.374012 2.687006 2.687006
P 2.687006 2.687006 5.374012
E 2.687006 0.000000 8.061017
T 2.687006 -2.687006 5.374012
G 5.374012 0.000000 5.374012
T 5.374012 -2.687006 2.687006
W 2.687006 -2.687006 0.000000
Y 2.687006 0.000000 -2.687006


-16.455549	3a738b940
10

Y 0.000000 0.000000 0.000000
Y 2.687006 2.687006 0.000000
D 5.374012 2.687006 2.687006
P 5.374012 0.000000 5.374012
E 2.687006 0.000000 8.061017
T 2.687006 -2.687006 5.374012
G 2.687006 0.000000 2.687006
T 5.374012 -2.687006 2.687006
W 2.687006 -2.687006 0.000000
Y 2.687006 0.000000 -2.687006


-16.455549	3a7389b40
10

Y 0.000000 0.000000 0.000000
Y 2.687006 2.687006 0.000000
D 5.374012 2.687006 2.687006
P 2.687006 2.687006 5.374012
E 2.687006 0.000000 8.061017
T 2.687006 -2.687006 5.374012
G 2.687006 0.000000 2.687006
T 5.374012 -2.687006 2.687006
W 2.687006 -2.687006 0.000000
Y 2.687006 0.000000 -2.687006


-16.455549	3a7369900
10

Y 0.000000 0.000000 0.000000
Y 2.687006 2.687006 0.000000
D 5.374012 5.374012 0.000000
P 5.374012 2.687006 2.687006
E 5.374012 0.000000 5.374012
T 2.687006 -2.687006 5.374012
G 2.687006 0.000000 2.687006
T 5.374012 -2.687006 2.687006
W 2.687006 -2.687006 0.000000
Y 2.687006 0.000000 -2.687006


-16.455549	3a73a9940
10

Y 0.000000 0.000000 0.000000
Y 2.687006 2.687006 0.000000
D 5.374012 2.687006 2.687006
P 5.374012 0.000000 5.374012
E 5.374012 -2.687006 8.061017
T 2.687006 -2.687006 5.374012
G 2.687006 0.000000 2.687006
T 5.374012 -2.687006 2.687006
W 2.687006 -2.687006 0.000000
Y 2.687006 0.000000 -2.687006


-16.455549	3a6267700
10

Y 0.000000 0.000000 0.000000
Y 2.687006 2.687006 0.000000
D 5.374012 5.374012 0.000000
P 8.061017 2.687006 0.000000
E 10.748023 0.000000 0.000000
T 8.061017 -2.687006 0.000000
G 8.061017 0.000000 2.687006
T 5.374012 -2.687006 2.687006
W 2.687006 -2.687006 0.000000
Y 2.687006 0.000000 -2.687006


-16.455549	3a6267540
10

Y 0.000000 0.000000 0.000000
Y 2.687006 2.687006 0.000000
D 5.374012 2.687006 2.687006
P 8.061017 2.687006 0.000000
E 10.748023 0.000000 0.000000
T 8.061017 -2.687006 0.000000
G 8.061017 0.000000 2.687006
T 5.374012 -2.687006 2.687006
W 2.687006 -2.687006 0.000000
Y 2.687006 0.000000 -2.687006
