-58.150000	2748ba140
10

Q 0.000000 0.000000 0.000000
Y 2.687006 2.687006 0.000000
Q 5.374012 2.687006 2.687006
F 2.687006 5.374012 2.687006
W 0.000000 5.374012 0.000000
K -2.687006 5.374012 2.687006
N -2.687006 2.687006 0.000000
F 0.000000 2.687006 2.687006
Q 2.687006 0.000000 2.687006
T 2.687006 2.687006 5.374012


-58.150000	679015810
10

Q 0.000000 0.000000 0.000000
Y 2.687006 2.687006 0.000000
Q 0.000000 5.374012 0.000000
F 0.000000 2.687006 -2.687006
W 2.687006 2.687006 -5.374012
K 0.000000 5.374012 -5.374012
N 2.687006 8.061017 -5.374012
F 2.687006 5.374012 -2.687006
Q 5.374012 2.687006 -2.687006
T 2.687006 0.000000 -2.687006


-58.150000	678014910
10

Q 0.000000 0.000000 0.000000
Y 2.687006 2.687006 0.000000
Q 0.000000 5.374012 0.000000
F 0.000000 2.687006 2.687006
W 2.687006 2.687006 5.374012
K 0.000000 5.374012 5.374012
N 2.687006 8.061017 5.374012
F 2.687006 5.374012 2.687006
Q 5.374012 2.687006 2.687006
T 2.687006 0.000000 2.687006


-58.150000	103764910
10

Q 0.000000 0.000000 0.000000
Y 2.687006 2.687006 0.000000
Q 0.000000 5.374012 0.000000
F 0.000000 2.687006 2.687006
W 2.687006 2.687006 5.374012
K 0.000000 0.000000 5.374012
N 2.687006 -2.687006 5.374012
F 2.687006 0.000000 2.687006
Q 5.374012 2.687006 2.687006
T 2.687006 5.374012 2.687006


-58.150000	102765810
10

Q 0.000000 0.000000 0.000000
Y 2.687006 2.687006 0.000000
Q 0.000000 5.374012 0.000000
F 0.000000 2.687006 -2.687006
W 2.687006 2.687006 -5.374012
K 0.000000 0.000000 -5.374012
N 2.687006 -2.687006 -5.374012
F 2.687006 0.000000 -2.687006
Q 5.374012 2.687006 -2.687006
T 2.687006 5.374012 -2.687006


-58.150000	435162640
10

Q 0.000000 0.000000 0.000000
Y 2.687006 2.687006 0.000000
Q 5.374012 2.687006 2.687006
F 2.687006 0.000000 2.687006
W 2.687006 2.687006 5.374012
K 0.000000 0.000000 5.374012
N -2.687006 2.687006 5.374012
F 0.000000 2.687006 2.687006
Q 0.000000 5.374012 0.000000
T 2.687006 5.374012 2.687006


-58.150000	631548640
10

Q 0.000000 0.000000 0.000000
Y 2.687006 2.687006 0.000000
Q 5.374012 2.687006 2.687006
F 2.687006 0.000000 2.687006
W 2.687006 -2.687006 0.000000
K 5.374012 -2.687006 2.687006
N 8.061017 -2.687006 0.000000
F 5.374012 0.000000 0.000000
Q 5.374012 2.687006 -2.687006
T 2.687006 0.000000 -2.687006
