-59.580000	7ba207910
10

Q 0.000000 0.000000 0.000000
Y 2.687006 2.687006 0.000000
Q 0.000000 5.374012 0.000000
F 0.000000 2.687006 2.687006
W 2.687006 0.000000 2.687006
K 5.374012 2.687006 2.687006
N 5.374012 5.374012 5.374012
F 2.687006 5.374012 2.687006
Q 0.000000 5.374012 5.374012
T 2.687006 2.687006 5.374012


-59.580000	7ab307810
10

Q 0.000000 0.000000 0.000000
Y 2.687006 2.687006 0.000000
Q 0.000000 5.374012 0.000000
F 0.000000 2.687006 -2.687006
W 2.687006 0.000000 -2.687006
K 5.374012 2.687006 -2.687006
N 5.374012 5.374012 -5.374012
F 2.687006 5.374012 -2.687006
Q 0.000000 5.374012 -5.374012
T 2.687006 2.687006 -5.374012


-59.580000	0ba970910
10

Q 0.000000 0.000000 0.000000
Y 2.687006 2.687006 0.000000
Q 0.000000 5.374012 0.000000
F 0.000000 2.687006 2.687006
W 2.687006 5.374012 2.687006
K 5.374012 2.687006 2.687006
N 5.374012 0.000000 5.374012
F 2.687006 0.000000 2.687006
Q 0.000000 0.000000 5.374012
T 2.687006 2.687006 5.374012


-59.580000	0ab870810
10

Q 0.000000 0.000000 0.000000
Y 2.687006 2.687006 0.000000
Q 0.000000 5.374012 0.000000
F 0.000000 2.687006 -2.687006
W 2.687006 5.374012 -2.687006
K 5.374012 2.687006 -2.687006
N 5.374012 0.000000 -5.374012
F 2.687006 0.000000 -2.687006
Q 0.000000 0.000000 -5.374012
T 2.687006 2.687006 -5.374012
