-57.260000	800b76410
10

Q 0.000000 0.000000 0.000000
Y 2.687006 2.687006 0.000000
Q 0.000000 5.374012 0.000000
F 2.687006 5.374012 2.687006
W 0.000000 2.687006 2.687006
K 2.687006 0.000000 2.687006
N 0.000000 0.000000 5.374012
F 2.687006 2.687006 5.374012
Q 5.374012 5.374012 5.374012
T 5.374012 2.687006 2.687006


-57.260000	900a76510
10

Q 0.000000 0.000000 0.000000
Y 2.687006 2.687006 0.000000
Q 0.000000 5.374012 0.000000
F 2.687006 5.374012 -2.687006
W 0.000000 2.687006 -2.687006
K 2.687006 0.000000 -2.687006
N 0.000000 0.000000 -5.374012
F 2.687006 2.687006 -5.374012
Q 5.374012 5.374012 -5.374012
T 5.374012 2.687006 -2.687006


-57.260000	9084b0ba0
10

Q 0.000000 0.000000 0.000000
Y 2.687006 2.687006 0.000000
Q 0.000000 2.687006 -2.687006
F -2.687006 2.687006 0.000000
W 0.000000 5.374012 0.000000
K -2.687006 5.374012 2.687006
N 0.000000 5.374012 5.374012
F 0.000000 2.687006 2.687006
Q 2.687006 5.374012 2.687006
T 2.687006 2.687006 5.374012


-57.260000	348014ba0
10

Q 0.000000 0.000000 0.000000
Y 2.687006 2.687006 0.000000
Q 0.000000 2.687006 -2.687006
F -2.687006 2.687006 0.000000
W 0.000000 2.687006 2.687006
K -2.687006 5.374012 2.687006
N 0.000000 8.061017 2.687006
F 0.000000 5.374012 0.000000
Q 2.687006 5.374012 2.687006
T 2.687006 8.061017 0.000000


-57.260000	097516510
10

Q 0.000000 0.000000 0.000000
Y 2.687006 2.687006 0.000000
Q 0.000000 5.374012 0.000000
F 2.687006 5.374012 -2.687006
W 0.000000 2.687006 -2.687006
K -2.687006 5.374012 -2.687006
N 0.000000 5.374012 -5.374012
F 2.687006 2.687006 -5.374012
Q 2.687006 0.000000 -2.687006
T 5.374012 2.687006 -2.687006


-57.260000	087416410
10

Q 0.000000 0.000000 0.000000
Y 2.687006 2.687006 0.000000
Q 0.000000 5.374012 0.000000
F 2.687006 5.374012 2.687006
W 0.000000 2.687006 2.687006
K -2.687006 5.374012 2.687006
N 0.000000 5.374012 5.374012
F 2.687006 2.687006 5.374012
Q 2.687006 0.000000 2.687006
T 5.374012 2.687006 2.687006
