-48.200000	8180498a0
10

Y 0.000000 0.000000 0.000000
Y 2.687006 2.687006 0.000000
D 0.000000 2.687006 -2.687006
P 0.000000 0.000000 -5.374012
E 0.000000 -2.687006 -2.687006
T 2.687006 -2.687006 0.000000
G 5.374012 0.000000 0.000000
T 5.374012 -2.687006 -2.687006
W 2.687006 0.000000 -2.687006
Y 2.687006 -2.687006 -5.374012


-48.200000	8a25498a0
10

Y 0.000000 0.000000 0.000000
Y 2.687006 2.687006 0.000000
D 0.000000 2.687006 -2.687006
P 0.000000 0.000000 -5.374012
E 0.000000 -2.687006 -2.687006
T 2.687006 -2.687006 0.000000
G 5.374012 -2.687006 -2.687006
T 5.374012 0.000000 0.000000
W 2.687006 0.000000 -2.687006
Y 2.687006 -2.687006 -5.374012


-48.200000	672038640
10

Y 0.000000 0.000000 0.000000
Y 2.687006 2.687006 0.000000
D 5.374012 2.687006 2.687006
P 2.687006 0.000000 2.687006
E 2.687006 -2.687006 0.000000
T 2.687006 0.000000 -2.687006
G 5.374012 2.687006 -2.687006
T 5.374012 5.374012 0.000000
W 8.061017 2.687006 0.000000
Y 5.374012 0.000000 0.000000


-48.200000	107816b40
10

Y 0.000000 0.000000 0.000000
Y 2.687006 2.687006 0.000000
D 5.374012 2.687006 2.687006
P 2.687006 2.687006 5.374012
E 0.000000 0.000000 5.374012
T -2.687006 2.687006 5.374012
G -2.687006 0.000000 2.687006
T 0.000000 -2.687006 2.687006
W 2.687006 0.000000 2.687006
Y 0.000000 2.687006 2.687006


-48.200000	53b8945a0
10

Y 0.000000 0.000000 0.000000
Y 2.687006 2.687006 0.000000
D 0.000000 2.687006 -2.687006
P 2.687006 2.687006 -5.374012
E 5.374012 2.687006 -2.687006
T 5.374012 0.000000 0.000000
G 5.374012 -2.687006 -2.687006
T 2.687006 -2.687006 0.000000
W 2.687006 0.000000 -2.687006
Y 5.374012 0.000000 -5.374012


-48.200000	5156945a0
10

Y 0.000000 0.000000 0.000000
Y 2.687006 2.687006 0.000000
D 0.000000 2.687006 -2.687006
P 2.687006 2.687006 -5.374012
E 5.374012 2.687006 -2.687006
T 5.374012 0.000000 0.000000
G 2.687006 -2.687006 0.000000
T 5.374012 -2.687006 -2.687006
W 2.687006 0.000000 -2.687006
Y 5.374012 0.000000 -5.374012


-48.200000	732489610
10

Y 0.000000 0.000000 0.000000
Y 2.687006 2.687006 0.000000
D 0.000000 5.374012 0.000000
P -2.687006 2.687006 0.000000
E -2.687006 0.000000 2.687006
T -2.687006 -2.687006 0.000000
G 0.000000 -2.687006 2.687006
T 0.000000 0.000000 5.374012
W 0.000000 2.687006 2.687006
Y 2.687006 0.000000 2.687006


-48.200000	723598610
10

Y 0.000000 0.000000 0.000000
Y 2.687006 2.687006 0.000000
D 0.000000 5.374012 0.000000
P -2.687006 2.687006 0.000000
E -2.687006 0.000000 -2.687006
T -2.687006 -2.687006 0.000000
G 0.000000 -2.687006 -2.687006
T 0.000000 0.000000 -5.374012
W 0.000000 2.687006 -2.687006
Y 2.687006 0.000000 -2.687006
