-48.370000	9a7432ba0
10

Y 0.000000 0.000000 0.000000
Y 2.687006 2.687006 0.000000
D 0.000000 2.687006 -2.687006
P -2.687006 2.687006 0.000000
E -2.687006 5.374012 2.687006
T -2.687006 8.061017 0.000000
G 0.000000 8.061017 2.687006
T 2.687006 5.374012 2.687006
W 0.000000 5.374012 0.000000
Y 0.000000 2.687006 2.687006


-48.370000	4379ab2a0
10

Y 0.000000 0.000000 0.000000
Y 2.687006 2.687006 0.000000
D 0.000000 2.687006 -2.687006
P 0.000000 5.374012 0.000000
E -2.687006 5.374012 2.687006
T -5.374012 5.374012 0.000000
G -5.374012 2.687006 2.687006
T -2.687006 0.000000 2.687006
W -2.687006 2.687006 0.000000
Y 0.000000 2.687006 2.687006


-48.370000	b415a8940
10

Y 0.000000 0.000000 0.000000
Y 2.687006 2.687006 0.000000
D 5.374012 2.687006 2.687006
P 5.374012 0.000000 5.374012
E 5.374012 -2.687006 2.687006
T 2.687006 -2.687006 0.000000
G 5.374012 -2.687006 -2.687006
T 2.687006 0.000000 -2.687006
W 5.374012 0.000000 0.000000
Y 2.687006 0.000000 2.687006


-48.370000	b273a8940
10

Y 0.000000 0.000000 0.000000
Y 2.687006 2.687006 0.000000
D 5.374012 2.687006 2.687006
P 5.374012 0.000000 5.374012
E 5.374012 -2.687006 2.687006
T 2.687006 -2.687006 0.000000
G 2.687006 0.000000 -2.687006
T 5.374012 -2.687006 -2.687006
W 5.374012 0.000000 0.000000
Y 2.687006 0.000000 2.687006


-48.370000	b25968340
10

Y 0.000000 0.000000 0.000000
Y 2.687006 2.687006 0.000000
D 5.374012 2.687006 2.687006
P 5.374012 5.374012 0.000000
E 5.374012 2.687006 -2.687006
T 2.687006 0.000000 -2.687006
G 2.687006 -2.687006 0.000000
T 5.374012 -2.687006 -2.687006
W 5.374012 0.000000 0.000000
Y 2.687006 0.000000 2.687006


-48.370000	34386b840
10

Y 0.000000 0.000000 0.000000
Y 2.687006 2.687006 0.000000
D 5.374012 2.687006 2.687006
P 5.374012 0.000000 0.000000
E 2.687006 0.000000 2.687006
T 0.000000 -2.687006 2.687006
G 0.000000 -5.374012 0.000000
T 0.000000 -2.687006 -2.687006
W 2.687006 -2.687006 0.000000
Y 2.687006 0.000000 -2.687006


-48.370000	b0b768340
10

Y 0.000000 0.000000 0.000000
Y 2.687006 2.687006 0.000000
D 5.374012 2.687006 2.687006
P 5.374012 5.374012 0.000000
E 5.374012 2.687006 -2.687006
T 2.687006 0.000000 -2.687006
G 5.374012 -2.687006 -2.687006
T 2.687006 -2.687006 0.000000
W 5.374012 0.000000 0.000000
Y 2.687006 0.000000 2.687006


-48.370000	341685640
10

Y 0.000000 0.000000 0.000000
Y 2.687006 2.687006 0.000000
D 5.374012 2.687006 2.687006
P 2.687006 0.000000 2.687006
E 5.374012 0.000000 0.000000
T 5.374012 -2.687006 -2.687006
G 2.687006 -5.374012 -2.687006
T 0.000000 -2.687006 -2.687006
W 2.687006 -2.687006 0.000000
Y 2.687006 0.000000 -2.687006


-48.370000	434916810
10

Y 0.000000 0.000000 0.000000
Y 2.687006 2.687006 0.000000
D 0.000000 5.374012 0.000000
P 0.000000 2.687006 -2.687006
E -2.687006 0.000000 -2.687006
T -5.374012 2.687006 -2.687006
G -5.374012 0.000000 0.000000
T -2.687006 0.000000 2.687006
W -2.687006 2.687006 0.000000
Y 0.000000 2.687006 2.687006


-48.370000	525816910
10

Y 0.000000 0.000000 0.000000
Y 2.687006 2.687006 0.000000
D 0.000000 5.374012 0.000000
P 0.000000 2.687006 2.687006
E -2.687006 0.000000 2.687006
T -5.374012 2.687006 2.687006
G -5.374012 0.000000 0.000000
T -2.687006 0.000000 -2.687006
W -2.687006 2.687006 0.000000
Y 0.000000 2.687006 -2.687006


-48.370000	783126840
10

Y 0.000000 0.000000 0.000000
Y 2.687006 2.687006 0.000000
D 5.374012 2.687006 2.687006
P 5.374012 0.000000 0.000000
E 2.687006 -2.687006 0.000000
T 2.687006 0.000000 2.687006
G 0.000000 2.687006 2.687006
T 0.000000 5.374012 0.000000
W 0.000000 2.687006 -2.687006
Y 2.687006 0.000000 -2.687006


-48.370000	75a126840
10

Y 0.000000 0.000000 0.000000
Y 2.687006 2.687006 0.000000
D 5.374012 2.687006 2.687006
P 5.374012 0.000000 0.000000
E 2.687006 -2.687006 0.000000
T 2.687006 0.000000 2.687006
G 0.000000 2.687006 2.687006
T -2.687006 2.687006 0.000000
W 0.000000 2.687006 -2.687006
Y 2.687006 0.000000 -2.687006


-48.370000	632689410
10

Y 0.000000 0.000000 0.000000
Y 2.687006 2.687006 0.000000
D 0.000000 5.374012 0.000000
P 2.687006 5.374012 2.687006
E 2.687006 2.687006 5.374012
T 2.687006 0.000000 2.687006
G 0.000000 -2.687006 2.687006
T 0.000000 0.000000 5.374012
W 0.000000 2.687006 2.687006
Y -2.687006 0.000000 2.687006


-48.370000	623698510
10

Y 0.000000 0.000000 0.000000
Y 2.687006 2.687006 0.000000
D 0.000000 5.374012 0.000000
P 2.687006 5.374012 -2.687006
E 2.687006 2.687006 -5.374012
T 2.687006 0.000000 -2.687006
G 0.000000 -2.687006 -2.687006
T 0.000000 0.000000 -5.374012
W 0.000000 2.687006 -2.687006
Y -2.687006 0.000000 -2.687006


-48.370000	610968510
10

Y 0.000000 0.000000 0.000000
Y 2.687006 2.687006 0.000000
D 0.000000 5.374012 0.000000
P 2.687006 5.374012 -2.687006
E 2.687006 2.687006 -5.374012
T 0.000000 0.000000 -5.374012
G 0.000000 -2.687006 -2.687006
T 2.687006 0.000000 -2.687006
W 0.000000 2.687006 -2.687006
Y -2.687006 0.000000 -2.687006


-48.370000	610869410
10

Y 0.000000 0.000000 0.000000
Y 2.687006 2.687006 0.000000
D 0.000000 5.374012 0.000000
P 2.687006 5.374012 2.687006
E 2.687006 2.687006 5.374012
T 0.000000 0.000000 5.374012
G 0.000000 -2.687006 2.687006
T 2.687006 0.000000 2.687006
W 0.000000 2.687006 2.687006
Y -2.687006 0.000000 2.687006


-48.370000	7ba308640
10

Y 0.000000 0.000000 0.000000
Y 2.687006 2.687006 0.000000
D 5.374012 2.687006 2.687006
P 2.687006 0.000000 2.687006
E 2.687006 -2.687006 0.000000
T 5.374012 0.000000 0.000000
G 5.374012 2.687006 -2.687006
T 2.687006 2.687006 -5.374012
W 0.000000 2.687006 -2.687006
Y 2.687006 0.000000 -2.687006


-48.370000	761308640
10

Y 0.000000 0.000000 0.000000
Y 2.687006 2.687006 0.000000
D 5.374012 2.687006 2.687006
P 2.687006 0.000000 2.687006
E 2.687006 -2.687006 0.000000
T 5.374012 0.000000 0.000000
G 5.374012 2.687006 -2.687006
T 2.687006 5.374012 -2.687006
W 0.000000 2.687006 -2.687006
Y 2.687006 0.000000 -2.687006
