-29.050000	8a16742a0
10

Q 0.000000 0.000000 0.000000
Y 2.687006 2.687006 0.000000
Q 0.000000 2.687006 -2.687006
F 0.000000 5.374012 0.000000
W 2.687006 5.374012 2.687006
K 5.374012 2.687006 2.687006
N 2.687006 0.000000 2.687006
F 0.000000 2.687006 2.687006
Q -2.687006 2.687006 0.000000
T -2.687006 0.000000 -2.687006


-29.050000	8a18942a0
10

Q 0.000000 0.000000 0.000000
Y 2.687006 2.687006 0.000000
Q 0.000000 2.687006 -2.687006
F 0.000000 5.374012 0.000000
W 2.687006 5.374012 2.687006
K 2.687006 2.687006 5.374012
N 2.687006 0.000000 2.687006
F 0.000000 2.687006 2.687006
Q -2.687006 2.687006 0.000000
T -2.687006 0.000000 -2.687006


-29.050000	8a7ab42a0
10

Q 0.000000 0.000000 0.000000
Y 2.687006 2.687006 0.000000
Q 0.000000 2.687006 -2.687006
F 0.000000 5.374012 0.000000
W 2.687006 5.374012 2.687006
K 0.000000 5.374012 5.374012
N -2.687006 5.374012 2.687006
F 0.000000 2.687006 2.687006
Q -2.687006 2.687006 0.000000
T -2.687006 0.000000 -2.687006


-29.050000	8a76142a0
10

Q 0.000000 0.000000 0.000000
Y 2.687006 2.687006 0.000000
Q 0.000000 2.687006 -2.687006
F 0.000000 5.374012 0.000000
W 2.687006 5.374012 2.687006
K 0.000000 8.061017 2.687006
N -2.687006 5.374012 2.687006
F 0.000000 2.687006 2.687006
Q -2.687006 2.687006 0.000000
T -2.687006 0.000000 -2.687006
