-57.780000	a038b2640
10

Q 0.000000 0.000000 0.000000
Y 2.687006 2.687006 0.000000
Q 5.374012 2.687006 2.687006
F 2.687006 0.000000 2.687006
W 2.687006 2.687006 5.374012
K 0.000000 2.687006 8.061017
N 0.000000 0.000000 5.374012
F 0.000000 2.687006 2.687006
Q 2.687006 5.374012 2.687006
T 0.000000 5.374012 0.000000


-57.780000	a03a92640
10

Q 0.000000 0.000000 0.000000
Y 2.687006 2.687006 0.000000
Q 5.374012 2.687006 2.687006
F 2.687006 0.000000 2.687006
W 2.687006 2.687006 5.374012
K 2.687006 0.000000 8.061017
N 0.000000 0.000000 5.374012
F 0.000000 2.687006 2.687006
Q 2.687006 5.374012 2.687006
T 0.000000 5.374012 0.000000


-57.780000	0a3278640
10

Q 0.000000 0.000000 0.000000
Y 2.687006 2.687006 0.000000
Q 5.374012 2.687006 2.687006
F 2.687006 0.000000 2.687006
W 2.687006 -2.687006 0.000000
K 5.374012 -5.374012 0.000000
N 5.374012 -2.687006 2.687006
F 5.374012 0.000000 0.000000
Q 2.687006 0.000000 -2.687006
T 5.374012 2.687006 -2.687006


-57.780000	0a3098640
10

Q 0.000000 0.000000 0.000000
Y 2.687006 2.687006 0.000000
Q 5.374012 2.687006 2.687006
F 2.687006 0.000000 2.687006
W 2.687006 -2.687006 0.000000
K 2.687006 -5.374012 2.687006
N 5.374012 -2.687006 2.687006
F 5.374012 0.000000 0.000000
Q 2.687006 0.000000 -2.687006
T 5.374012 2.687006 -2.687006
