-48.170000	b43a56940
10

Y 0.000000 0.000000 0.000000
Y 2.687006 2.687006 0.000000
D 5.374012 2.687006 2.687006
P 5.374012 0.000000 5.374012
E 2.687006 -2.687006 5.374012
T 5.374012 -2.687006 2.687006
G 2.687006 -2.687006 0.000000
T 2.687006 0.000000 -2.687006
W 5.374012 0.000000 0.000000
Y 2.687006 0.000000 2.687006


-48.170000	2632977a0
10

Y 0.000000 0.000000 0.000000
Y 2.687006 2.687006 0.000000
D 0.000000 2.687006 -2.687006
P 2.687006 0.000000 -2.687006
E 5.374012 -2.687006 -2.687006
T 5.374012 -5.374012 0.000000
G 5.374012 -2.687006 2.687006
T 5.374012 0.000000 0.000000
W 2.687006 -2.687006 0.000000
Y 2.687006 0.000000 2.687006


-48.170000	b154b77a0
10

Y 0.000000 0.000000 0.000000
Y 2.687006 2.687006 0.000000
D 0.000000 2.687006 -2.687006
P 2.687006 0.000000 -2.687006
E 5.374012 -2.687006 -2.687006
T 2.687006 -2.687006 0.000000
G 5.374012 -2.687006 2.687006
T 8.061017 -2.687006 0.000000
W 5.374012 0.000000 0.000000
Y 2.687006 0.000000 2.687006


-48.170000	b0ab477a0
10

Y 0.000000 0.000000 0.000000
Y 2.687006 2.687006 0.000000
D 0.000000 2.687006 -2.687006
P 2.687006 0.000000 -2.687006
E 5.374012 -2.687006 -2.687006
T 8.061017 -2.687006 0.000000
G 5.374012 -2.687006 2.687006
T 2.687006 -2.687006 0.000000
W 5.374012 0.000000 0.000000
Y 2.687006 0.000000 2.687006


-48.170000	b0967a340
10

Y 0.000000 0.000000 0.000000
Y 2.687006 2.687006 0.000000
D 5.374012 2.687006 2.687006
P 5.374012 5.374012 0.000000
E 2.687006 5.374012 -2.687006
T 5.374012 2.687006 -2.687006
G 2.687006 0.000000 -2.687006
T 2.687006 -2.687006 0.000000
W 5.374012 0.000000 0.000000
Y 2.687006 0.000000 2.687006


-48.170000	12a9907a0
10

Y 0.000000 0.000000 0.000000
Y 2.687006 2.687006 0.000000
D 0.000000 2.687006 -2.687006
P 2.687006 0.000000 -2.687006
E 5.374012 2.687006 -2.687006
T 5.374012 0.000000 0.000000
G 5.374012 -2.687006 2.687006
T 2.687006 -2.687006 0.000000
W 2.687006 0.000000 2.687006
Y 0.000000 2.687006 2.687006


-48.170000	227618840
10

Y 0.000000 0.000000 0.000000
Y 2.687006 2.687006 0.000000
D 5.374012 2.687006 2.687006
P 5.374012 0.000000 0.000000
E 5.374012 -2.687006 -2.687006
T 2.687006 0.000000 -2.687006
G 0.000000 -2.687006 -2.687006
T 2.687006 -5.374012 -2.687006
W 2.687006 -2.687006 0.000000
Y 2.687006 0.000000 2.687006


-48.170000	2189277a0
10

Y 0.000000 0.000000 0.000000
Y 2.687006 2.687006 0.000000
D 0.000000 2.687006 -2.687006
P 2.687006 0.000000 -2.687006
E 5.374012 -2.687006 -2.687006
T 5.374012 0.000000 0.000000
G 5.374012 -2.687006 2.687006
T 5.374012 -5.374012 0.000000
W 2.687006 -2.687006 0.000000
Y 2.687006 0.000000 2.687006


-48.170000	1b34467a0
10

Y 0.000000 0.000000 0.000000
Y 2.687006 2.687006 0.000000
D 0.000000 2.687006 -2.687006
P 2.687006 0.000000 -2.687006
E 0.000000 -2.687006 -2.687006
T 2.687006 -2.687006 0.000000
G 5.374012 -2.687006 2.687006
T 5.374012 0.000000 0.000000
W 2.687006 0.000000 2.687006
Y 0.000000 2.687006 2.687006


-48.170000	290168840
10

Y 0.000000 0.000000 0.000000
Y 2.687006 2.687006 0.000000
D 5.374012 2.687006 2.687006
P 5.374012 0.000000 0.000000
E 5.374012 -2.687006 -2.687006
T 2.687006 -5.374012 -2.687006
G 0.000000 -2.687006 -2.687006
T 2.687006 0.000000 -2.687006
W 2.687006 -2.687006 0.000000
Y 2.687006 0.000000 2.687006


-48.170000	16377b410
10

Y 0.000000 0.000000 0.000000
Y 2.687006 2.687006 0.000000
D 0.000000 5.374012 0.000000
P 2.687006 5.374012 2.687006
E 0.000000 5.374012 5.374012
T 2.687006 2.687006 5.374012
G 5.374012 0.000000 5.374012
T 5.374012 2.687006 2.687006
W 2.687006 0.000000 2.687006
Y 0.000000 2.687006 2.687006


-48.170000	16277a510
10

Y 0.000000 0.000000 0.000000
Y 2.687006 2.687006 0.000000
D 0.000000 5.374012 0.000000
P 2.687006 5.374012 -2.687006
E 0.000000 5.374012 -5.374012
T 2.687006 2.687006 -5.374012
G 5.374012 0.000000 -5.374012
T 5.374012 2.687006 -2.687006
W 2.687006 0.000000 -2.687006
Y 0.000000 2.687006 -2.687006


-48.170000	7b1884510
10

Y 0.000000 0.000000 0.000000
Y 2.687006 2.687006 0.000000
D 0.000000 5.374012 0.000000
P 2.687006 5.374012 -2.687006
E 5.374012 5.374012 0.000000
T 5.374012 2.687006 -2.687006
G 5.374012 0.000000 -5.374012
T 2.687006 2.687006 -5.374012
W 0.000000 2.687006 -2.687006
Y 2.687006 0.000000 -2.687006


-48.170000	7a1995410
10

Y 0.000000 0.000000 0.000000
Y 2.687006 2.687006 0.000000
D 0.000000 5.374012 0.000000
P 2.687006 5.374012 2.687006
E 5.374012 5.374012 0.000000
T 5.374012 2.687006 2.687006
G 5.374012 0.000000 5.374012
T 2.687006 2.687006 5.374012
W 0.000000 2.687006 2.687006
Y 2.687006 0.000000 2.687006


-48.170000	124663840
10

Y 0.000000 0.000000 0.000000
Y 2.687006 2.687006 0.000000
D 5.374012 2.687006 2.687006
P 5.374012 0.000000 0.000000
E 5.374012 2.687006 -2.687006
T 2.687006 0.000000 -2.687006
G 0.000000 -2.687006 -2.687006
T 2.687006 -2.687006 0.000000
W 2.687006 0.000000 2.687006
Y 0.000000 2.687006 2.687006


-48.170000	191884510
10

Y 0.000000 0.000000 0.000000
Y 2.687006 2.687006 0.000000
D 0.000000 5.374012 0.000000
P 2.687006 5.374012 -2.687006
E 5.374012 5.374012 0.000000
T 5.374012 2.687006 -2.687006
G 5.374012 0.000000 -5.374012
T 2.687006 2.687006 -5.374012
W 2.687006 0.000000 -2.687006
Y 0.000000 2.687006 -2.687006


-48.170000	181995410
10

Y 0.000000 0.000000 0.000000
Y 2.687006 2.687006 0.000000
D 0.000000 5.374012 0.000000
P 2.687006 5.374012 2.687006
E 5.374012 5.374012 0.000000
T 5.374012 2.687006 2.687006
G 5.374012 0.000000 5.374012
T 2.687006 2.687006 5.374012
W 2.687006 0.000000 2.687006
Y 0.000000 2.687006 2.687006
