-26.310000	1569610a0
10

Q 0.000000 0.000000 0.000000
Y 2.687006 2.687006 0.000000
Q 0.000000 2.687006 -2.687006
F 2.687006 5.374012 -2.687006
W 0.000000 8.061017 -2.687006
K -2.687006 5.374012 -2.687006
N -2.687006 2.687006 0.000000
F -5.374012 0.000000 0.000000
Q -2.687006 0.000000 -2.687006
T -5.374012 2.687006 -2.687006


-26.310000	4649852a0
10

Q 0.000000 0.000000 0.000000
Y 2.687006 2.687006 0.000000
Q 0.000000 2.687006 -2.687006
F 0.000000 5.374012 0.000000
W 2.687006 5.374012 -2.687006
K 2.687006 2.687006 -5.374012
N 2.687006 0.000000 -2.687006
F 5.374012 0.000000 0.000000
Q 2.687006 -2.687006 0.000000
T 5.374012 -2.687006 2.687006


-26.310000	641096aa0
10

Q 0.000000 0.000000 0.000000
Y 2.687006 2.687006 0.000000
Q 0.000000 2.687006 -2.687006
F -2.687006 2.687006 -5.374012
W -5.374012 0.000000 -5.374012
K -5.374012 -2.687006 -2.687006
N -2.687006 0.000000 -2.687006
F -5.374012 2.687006 -2.687006
Q -2.687006 2.687006 0.000000
T -5.374012 0.000000 0.000000


-26.310000	b7a59b1a0
10

Q 0.000000 0.000000 0.000000
Y 2.687006 2.687006 0.000000
Q 0.000000 2.687006 -2.687006
F -2.687006 5.374012 -2.687006
W -5.374012 5.374012 0.000000
K -5.374012 2.687006 2.687006
N -2.687006 2.687006 0.000000
F -5.374012 2.687006 -2.687006
Q -2.687006 0.000000 -2.687006
T -5.374012 0.000000 0.000000
