-57.570000	486901640
10

Q 0.000000 0.000000 0.000000
Y 2.687006 2.687006 0.000000
Q 5.374012 2.687006 2.687006
F 2.687006 0.000000 2.687006
W 0.000000 2.687006 2.687006
K 2.687006 5.374012 2.687006
N 2.687006 2.687006 5.374012
F 0.000000 0.000000 5.374012
Q 0.000000 -2.687006 2.687006
T 2.687006 -2.687006 5.374012


-57.570000	6249a5640
10

Q 0.000000 0.000000 0.000000
Y 2.687006 2.687006 0.000000
Q 5.374012 2.687006 2.687006
F 2.687006 0.000000 2.687006
W 5.374012 0.000000 0.000000
K 2.687006 0.000000 -2.687006
N 2.687006 -2.687006 0.000000
F 5.374012 -2.687006 2.687006
Q 5.374012 0.000000 5.374012
T 2.687006 -2.687006 5.374012


-57.570000	26630b640
10

Q 0.000000 0.000000 0.000000
Y 2.687006 2.687006 0.000000
Q 5.374012 2.687006 2.687006
F 2.687006 0.000000 2.687006
W 0.000000 0.000000 5.374012
K 2.687006 2.687006 5.374012
N 2.687006 5.374012 2.687006
F 0.000000 2.687006 2.687006
Q -2.687006 0.000000 2.687006
T -2.687006 2.687006 5.374012


-57.570000	8443a7640
10

Q 0.000000 0.000000 0.000000
Y 2.687006 2.687006 0.000000
Q 5.374012 2.687006 2.687006
F 2.687006 0.000000 2.687006
W 5.374012 -2.687006 2.687006
K 2.687006 -2.687006 0.000000
N 2.687006 0.000000 -2.687006
F 5.374012 0.000000 0.000000
Q 8.061017 0.000000 2.687006
T 8.061017 -2.687006 0.000000
