-48.790000	8189247a0
10

Y 0.000000 0.000000 0.000000
Y 2.687006 2.687006 0.000000
D 0.000000 2.687006 -2.687006
P 2.687006 0.000000 -2.687006
E 5.374012 0.000000 0.000000
T 5.374012 2.687006 2.687006
G 5.374012 0.000000 5.374012
T 5.374012 -2.687006 2.687006
W 2.687006 0.000000 2.687006
Y 2.687006 -2.687006 0.000000


-48.790000	6a07921a0
10

Y 0.000000 0.000000 0.000000
Y 2.687006 2.687006 0.000000
D 0.000000 2.687006 -2.687006
P -2.687006 5.374012 -2.687006
E -2.687006 8.061017 0.000000
T -2.687006 5.374012 2.687006
G 0.000000 2.687006 2.687006
T 2.687006 5.374012 2.687006
W 0.000000 5.374012 0.000000
Y -2.687006 2.687006 0.000000


-48.790000	03674b1a0
10

Y 0.000000 0.000000 0.000000
Y 2.687006 2.687006 0.000000
D 0.000000 2.687006 -2.687006
P -2.687006 5.374012 -2.687006
E -5.374012 5.374012 0.000000
T -2.687006 5.374012 2.687006
G 0.000000 2.687006 2.687006
T -2.687006 0.000000 2.687006
W -2.687006 2.687006 0.000000
Y 0.000000 5.374012 0.000000


-48.790000	8632947a0
10

Y 0.000000 0.000000 0.000000
Y 2.687006 2.687006 0.000000
D 0.000000 2.687006 -2.687006
P 2.687006 0.000000 -2.687006
E 5.374012 0.000000 0.000000
T 5.374012 -2.687006 2.687006
G 5.374012 0.000000 5.374012
T 5.374012 2.687006 2.687006
W 2.687006 0.000000 2.687006
Y 2.687006 -2.687006 0.000000


-48.790000	4145a8640
10

Y 0.000000 0.000000 0.000000
Y 2.687006 2.687006 0.000000
D 5.374012 2.687006 2.687006
P 2.687006 0.000000 2.687006
E 2.687006 -2.687006 0.000000
T 0.000000 -2.687006 -2.687006
G 2.687006 -2.687006 -5.374012
T 5.374012 -2.687006 -2.687006
W 2.687006 0.000000 -2.687006
Y 5.374012 0.000000 0.000000


-48.790000	08104b6a0
10

Y 0.000000 0.000000 0.000000
Y 2.687006 2.687006 0.000000
D 0.000000 2.687006 -2.687006
P -2.687006 0.000000 -2.687006
E -5.374012 0.000000 0.000000
T -2.687006 0.000000 2.687006
G 0.000000 2.687006 2.687006
T -2.687006 5.374012 2.687006
W -2.687006 2.687006 0.000000
Y 0.000000 5.374012 0.000000


-48.790000	5154b97a0
10

Y 0.000000 0.000000 0.000000
Y 2.687006 2.687006 0.000000
D 0.000000 2.687006 -2.687006
P 2.687006 0.000000 -2.687006
E 2.687006 -2.687006 0.000000
T 0.000000 -2.687006 2.687006
G 2.687006 -2.687006 5.374012
T 5.374012 -2.687006 2.687006
W 2.687006 0.000000 2.687006
Y 5.374012 0.000000 0.000000


-48.790000	40ba58640
10

Y 0.000000 0.000000 0.000000
Y 2.687006 2.687006 0.000000
D 5.374012 2.687006 2.687006
P 2.687006 0.000000 2.687006
E 2.687006 -2.687006 0.000000
T 5.374012 -2.687006 -2.687006
G 2.687006 -2.687006 -5.374012
T 0.000000 -2.687006 -2.687006
W 2.687006 0.000000 -2.687006
Y 5.374012 0.000000 0.000000


-48.790000	50ab497a0
10

Y 0.000000 0.000000 0.000000
Y 2.687006 2.687006 0.000000
D 0.000000 2.687006 -2.687006
P 2.687006 0.000000 -2.687006
E 2.687006 -2.687006 0.000000
T 5.374012 -2.687006 2.687006
G 2.687006 -2.687006 5.374012
T 0.000000 -2.687006 2.687006
W 2.687006 0.000000 2.687006
Y 5.374012 0.000000 0.000000


-48.790000	70a6942a0
10

Y 0.000000 0.000000 0.000000
Y 2.687006 2.687006 0.000000
D 0.000000 2.687006 -2.687006
P 0.000000 5.374012 0.000000
E 2.687006 5.374012 2.687006
T 2.687006 2.687006 5.374012
G 0.000000 0.000000 5.374012
T -2.687006 0.000000 2.687006
W 0.000000 2.687006 2.687006
Y 2.687006 0.000000 2.687006


-48.790000	7903a6b40
10

Y 0.000000 0.000000 0.000000
Y 2.687006 2.687006 0.000000
D 5.374012 2.687006 2.687006
P 2.687006 2.687006 5.374012
E 0.000000 0.000000 5.374012
T -2.687006 0.000000 2.687006
G -2.687006 2.687006 0.000000
T 0.000000 5.374012 0.000000
W 0.000000 2.687006 2.687006
Y 2.687006 0.000000 2.687006


-48.790000	763049ba0
10

Y 0.000000 0.000000 0.000000
Y 2.687006 2.687006 0.000000
D 0.000000 2.687006 -2.687006
P -2.687006 2.687006 0.000000
E -2.687006 0.000000 2.687006
T 0.000000 0.000000 5.374012
G 2.687006 2.687006 5.374012
T 2.687006 5.374012 2.687006
W 0.000000 2.687006 2.687006
Y 2.687006 0.000000 2.687006


-48.790000	6516920a0
10

Y 0.000000 0.000000 0.000000
Y 2.687006 2.687006 0.000000
D 0.000000 2.687006 -2.687006
P 2.687006 5.374012 -2.687006
E 2.687006 8.061017 0.000000
T 2.687006 5.374012 2.687006
G 0.000000 2.687006 2.687006
T -2.687006 5.374012 2.687006
W 0.000000 5.374012 0.000000
Y -2.687006 2.687006 0.000000


-48.790000	73496a140
10

Y 0.000000 0.000000 0.000000
Y 2.687006 2.687006 0.000000
D 5.374012 2.687006 2.687006
P 2.687006 5.374012 2.687006
E 0.000000 5.374012 0.000000
T -2.687006 2.687006 0.000000
G -2.687006 0.000000 2.687006
T 0.000000 0.000000 5.374012
W 0.000000 2.687006 2.687006
Y 2.687006 0.000000 2.687006
