-48.780000	365092ba0
10

Y 0.000000 0.000000 0.000000
Y 2.687006 2.687006 0.000000
D 0.000000 2.687006 -2.687006
P -2.687006 2.687006 0.000000
E -2.687006 5.374012 2.687006
T -2.687006 2.687006 5.374012
G 0.000000 5.374012 5.374012
T 2.687006 5.374012 2.687006
W 0.000000 2.687006 2.687006
Y 0.000000 5.374012 0.000000


-48.780000	a0864b2a0
10

Y 0.000000 0.000000 0.000000
Y 2.687006 2.687006 0.000000
D 0.000000 2.687006 -2.687006
P 0.000000 5.374012 0.000000
E -2.687006 5.374012 2.687006
T 0.000000 5.374012 5.374012
G -2.687006 2.687006 5.374012
T -2.687006 0.000000 2.687006
W 0.000000 2.687006 2.687006
Y -2.687006 2.687006 0.000000


-48.780000	2a078a910
10

Y 0.000000 0.000000 0.000000
Y 2.687006 2.687006 0.000000
D 0.000000 5.374012 0.000000
P 0.000000 2.687006 2.687006
E -2.687006 2.687006 0.000000
T -2.687006 0.000000 -2.687006
G 0.000000 -2.687006 -2.687006
T 2.687006 0.000000 -2.687006
W 0.000000 0.000000 -5.374012
Y 0.000000 2.687006 -2.687006


-48.780000	3b079b810
10

Y 0.000000 0.000000 0.000000
Y 2.687006 2.687006 0.000000
D 0.000000 5.374012 0.000000
P 0.000000 2.687006 -2.687006
E -2.687006 2.687006 0.000000
T -2.687006 0.000000 2.687006
G 0.000000 -2.687006 2.687006
T 2.687006 0.000000 2.687006
W 0.000000 0.000000 5.374012
Y 0.000000 2.687006 2.687006


-48.780000	3b07962a0
10

Y 0.000000 0.000000 0.000000
Y 2.687006 2.687006 0.000000
D 0.000000 2.687006 -2.687006
P 0.000000 5.374012 0.000000
E -2.687006 2.687006 0.000000
T -2.687006 0.000000 2.687006
G 0.000000 -2.687006 2.687006
T 2.687006 0.000000 2.687006
W 0.000000 0.000000 5.374012
Y 0.000000 2.687006 2.687006


-48.780000	a26740ba0
10

Y 0.000000 0.000000 0.000000
Y 2.687006 2.687006 0.000000
D 0.000000 2.687006 -2.687006
P -2.687006 2.687006 0.000000
E 0.000000 5.374012 0.000000
T 2.687006 5.374012 2.687006
G 5.374012 2.687006 2.687006
T 2.687006 0.000000 2.687006
W 2.687006 2.687006 5.374012
Y 0.000000 2.687006 2.687006


-48.780000	a187b42a0
10

Y 0.000000 0.000000 0.000000
Y 2.687006 2.687006 0.000000
D 0.000000 2.687006 -2.687006
P 0.000000 5.374012 0.000000
E 2.687006 5.374012 2.687006
T 0.000000 5.374012 5.374012
G 2.687006 2.687006 5.374012
T 2.687006 0.000000 2.687006
W 0.000000 2.687006 2.687006
Y -2.687006 2.687006 0.000000


-48.780000	315729ba0
10

Y 0.000000 0.000000 0.000000
Y 2.687006 2.687006 0.000000
D 0.000000 2.687006 -2.687006
P -2.687006 2.687006 0.000000
E -2.687006 0.000000 2.687006
T -2.687006 2.687006 5.374012
G 0.000000 0.000000 5.374012
T 2.687006 0.000000 2.687006
W 0.000000 2.687006 2.687006
Y 0.000000 5.374012 0.000000
