-25.720000	36a8440a0
10

Q 0.000000 0.000000 0.000000
Y 2.687006 2.687006 0.000000
Q 0.000000 2.687006 -2.687006
F 2.687006 5.374012 -2.687006
W 5.374012 5.374012 0.000000
K 8.061017 5.374012 2.687006
N 8.061017 2.687006 0.000000
F 5.374012 2.687006 -2.687006
Q 2.687006 0.000000 -2.687006
T 2.687006 2.687006 -5.374012


-25.720000	3668040a0
10

Q 0.000000 0.000000 0.000000
Y 2.687006 2.687006 0.000000
Q 0.000000 2.687006 -2.687006
F 2.687006 5.374012 -2.687006
W 5.374012 5.374012 0.000000
K 8.061017 8.061017 0.000000
N 8.061017 5.374012 -2.687006
F 5.374012 2.687006 -2.687006
Q 2.687006 0.000000 -2.687006
T 2.687006 2.687006 -5.374012


-25.720000	46a8440a0
10

Q 0.000000 0.000000 0.000000
Y 2.687006 2.687006 0.000000
Q 0.000000 2.687006 -2.687006
F 2.687006 5.374012 -2.687006
W 5.374012 5.374012 0.000000
K 8.061017 5.374012 2.687006
N 8.061017 2.687006 0.000000
F 5.374012 2.687006 -2.687006
Q 2.687006 0.000000 -2.687006
T 5.374012 0.000000 0.000000


-25.720000	3a29870a0
10

Q 0.000000 0.000000 0.000000
Y 2.687006 2.687006 0.000000
Q 0.000000 2.687006 -2.687006
F 2.687006 5.374012 -2.687006
W 5.374012 2.687006 -2.687006
K 5.374012 0.000000 -5.374012
N 5.374012 -2.687006 -2.687006
F 5.374012 0.000000 0.000000
Q 2.687006 0.000000 -2.687006
T 2.687006 2.687006 -5.374012
