-48.060000	51476ab40
10

Y 0.000000 0.000000 0.000000
Y 2.687006 2.687006 0.000000
D 5.374012 2.687006 2.687006
P 2.687006 2.687006 5.374012
E 0.000000 2.687006 2.687006
T -2.687006 0.000000 2.687006
G 0.000000 -2.687006 2.687006
T 2.687006 -2.687006 5.374012
W 0.000000 0.000000 5.374012
Y 2.687006 0.000000 2.687006


-48.060000	654663b40
10

Y 0.000000 0.000000 0.000000
Y 2.687006 2.687006 0.000000
D 5.374012 2.687006 2.687006
P 2.687006 2.687006 5.374012
E 2.687006 5.374012 2.687006
T 0.000000 2.687006 2.687006
G -2.687006 0.000000 2.687006
T 0.000000 0.000000 5.374012
W 2.687006 0.000000 2.687006
Y 0.000000 -2.687006 2.687006
