-69.970000	53a6b0467a0
12

F 0.000000 0.000000 0.000000
A 2.687006 2.687006 0.000000
T 0.000000 2.687006 -2.687006
M 2.687006 0.000000 -2.687006
R 0.000000 -2.687006 -2.687006
Y 2.687006 -2.687006 0.000000
P 5.374012 0.000000 0.000000
S 2.687006 0.000000 2.687006
D 0.000000 -2.687006 2.687006
S -2.687006 -2.687006 0.000000
D -2.687006 0.000000 -2.687006
E 0.000000 0.000000 -5.374012


-69.460000	5049b3a97a0
12

F 0.000000 0.000000 0.000000
A 2.687006 2.687006 0.000000
T 0.000000 2.687006 -2.687006
M 2.687006 0.000000 -2.687006
R 2.687006 -2.687006 0.000000
Y 0.000000 -2.687006 -2.687006
P 0.000000 0.000000 -5.374012
S -2.687006 0.000000 -2.687006
D -2.687006 -2.687006 0.000000
S 0.000000 -2.687006 2.687006
D 2.687006 0.000000 2.687006
E 5.374012 0.000000 0.000000


-69.250000	58a1b0467a0
12

F 0.000000 0.000000 0.000000
A 2.687006 2.687006 0.000000
T 0.000000 2.687006 -2.687006
M 2.687006 0.000000 -2.687006
R 0.000000 -2.687006 -2.687006
Y 2.687006 -2.687006 0.000000
P 5.374012 0.000000 0.000000
S 2.687006 0.000000 2.687006
D 0.000000 2.687006 2.687006
S -2.687006 2.687006 0.000000
D -2.687006 0.000000 -2.687006
E 0.000000 0.000000 -5.374012


-69.240000	531862467a0
12

F 0.000000 0.000000 0.000000
A 2.687006 2.687006 0.000000
T 0.000000 2.687006 -2.687006
M 2.687006 0.000000 -2.687006
R 0.000000 -2.687006 -2.687006
Y 2.687006 -2.687006 0.000000
P 2.687006 0.000000 2.687006
S 0.000000 -2.687006 2.687006
D 0.000000 -5.374012 0.000000
S -2.687006 -2.687006 0.000000
D -2.687006 0.000000 -2.687006
E 0.000000 0.000000 -5.374012


-69.130000	057a6426810
12

F 0.000000 0.000000 0.000000
A 2.687006 2.687006 0.000000
T 0.000000 5.374012 0.000000
M 0.000000 2.687006 -2.687006
R -2.687006 0.000000 -2.687006
Y -2.687006 2.687006 0.000000
P 0.000000 2.687006 2.687006
S -2.687006 0.000000 2.687006
D -5.374012 0.000000 0.000000
S -2.687006 -2.687006 0.000000
D 0.000000 -2.687006 -2.687006
E 2.687006 0.000000 -2.687006


-69.130000	047b6536910
12

F 0.000000 0.000000 0.000000
A 2.687006 2.687006 0.000000
T 0.000000 5.374012 0.000000
M 0.000000 2.687006 2.687006
R -2.687006 0.000000 2.687006
Y -2.687006 2.687006 0.000000
P 0.000000 2.687006 -2.687006
S -2.687006 0.000000 -2.687006
D -5.374012 0.000000 0.000000
S -2.687006 -2.687006 0.000000
D 0.000000 -2.687006 2.687006
E 2.687006 0.000000 2.687006


-69.030000	058642b8810
12

F 0.000000 0.000000 0.000000
A 2.687006 2.687006 0.000000
T 0.000000 5.374012 0.000000
M 0.000000 2.687006 -2.687006
R 0.000000 0.000000 -5.374012
Y -2.687006 0.000000 -2.687006
P -2.687006 2.687006 0.000000
S 0.000000 2.687006 2.687006
D -2.687006 0.000000 2.687006
S -2.687006 -2.687006 0.000000
D 0.000000 -2.687006 -2.687006
E 2.687006 0.000000 -2.687006


-69.030000	049653a9910
12

F 0.000000 0.000000 0.000000
A 2.687006 2.687006 0.000000
T 0.000000 5.374012 0.000000
M 0.000000 2.687006 2.687006
R 0.000000 0.000000 5.374012
Y -2.687006 0.000000 2.687006
P -2.687006 2.687006 0.000000
S 0.000000 2.687006 -2.687006
D -2.687006 0.000000 -2.687006
S -2.687006 -2.687006 0.000000
D 0.000000 -2.687006 2.687006
E 2.687006 0.000000 2.687006


-68.920000	79b13859910
12

F 0.000000 0.000000 0.000000
A 2.687006 2.687006 0.000000
T 0.000000 5.374012 0.000000
M 0.000000 2.687006 2.687006
R 0.000000 0.000000 5.374012
Y 2.687006 0.000000 2.687006
P 2.687006 -2.687006 0.000000
S 2.687006 0.000000 -2.687006
D 0.000000 2.687006 -2.687006
S -2.687006 2.687006 0.000000
D -2.687006 0.000000 2.687006
E 0.000000 -2.687006 2.687006


-68.920000	78a12948810
12

F 0.000000 0.000000 0.000000
A 2.687006 2.687006 0.000000
T 0.000000 5.374012 0.000000
M 0.000000 2.687006 -2.687006
R 0.000000 0.000000 -5.374012
Y 2.687006 0.000000 -2.687006
P 2.687006 -2.687006 0.000000
S 2.687006 0.000000 2.687006
D 0.000000 2.687006 2.687006
S -2.687006 2.687006 0.000000
D -2.687006 0.000000 -2.687006
E 0.000000 -2.687006 -2.687006


-68.890000	5742b3a97a0
12

F 0.000000 0.000000 0.000000
A 2.687006 2.687006 0.000000
T 0.000000 2.687006 -2.687006
M 2.687006 0.000000 -2.687006
R 2.687006 -2.687006 0.000000
Y 0.000000 -2.687006 -2.687006
P 0.000000 0.000000 -5.374012
S -2.687006 0.000000 -2.687006
D -2.687006 2.687006 0.000000
S 0.000000 2.687006 2.687006
D 2.687006 0.000000 2.687006
E 5.374012 0.000000 0.000000


-68.840000	a0586426810
12

F 0.000000 0.000000 0.000000
A 2.687006 2.687006 0.000000
T 0.000000 5.374012 0.000000
M 0.000000 2.687006 -2.687006
R -2.687006 0.000000 -2.687006
Y -2.687006 2.687006 0.000000
P 0.000000 2.687006 2.687006
S -2.687006 0.000000 2.687006
D -2.687006 -2.687006 0.000000
S 0.000000 -2.687006 -2.687006
D 2.687006 0.000000 -2.687006
E 0.000000 0.000000 -5.374012


-68.840000	b0496536910
12

F 0.000000 0.000000 0.000000
A 2.687006 2.687006 0.000000
T 0.000000 5.374012 0.000000
M 0.000000 2.687006 2.687006
R -2.687006 0.000000 2.687006
Y -2.687006 2.687006 0.000000
P 0.000000 2.687006 -2.687006
S -2.687006 0.000000 -2.687006
D -2.687006 -2.687006 0.000000
S 0.000000 -2.687006 2.687006
D 2.687006 0.000000 2.687006
E 0.000000 0.000000 5.374012


-68.820000	98a1249a7a0
12

F 0.000000 0.000000 0.000000
A 2.687006 2.687006 0.000000
T 0.000000 2.687006 -2.687006
M 2.687006 0.000000 -2.687006
R 0.000000 0.000000 -5.374012
Y 0.000000 -2.687006 -2.687006
P 2.687006 -2.687006 0.000000
S 2.687006 0.000000 2.687006
D 0.000000 2.687006 2.687006
S -2.687006 2.687006 0.000000
D -2.687006 0.000000 -2.687006
E -2.687006 -2.687006 0.000000


-68.810000	3186b0467a0
12

F 0.000000 0.000000 0.000000
A 2.687006 2.687006 0.000000
T 0.000000 2.687006 -2.687006
M 2.687006 0.000000 -2.687006
R 0.000000 -2.687006 -2.687006
Y 2.687006 -2.687006 0.000000
P 5.374012 0.000000 0.000000
S 2.687006 0.000000 2.687006
D 0.000000 -2.687006 2.687006
S 0.000000 -5.374012 0.000000
D -2.687006 -2.687006 0.000000
E -2.687006 0.000000 -2.687006


-68.780000	502791a97a0
12

F 0.000000 0.000000 0.000000
A 2.687006 2.687006 0.000000
T 0.000000 2.687006 -2.687006
M 2.687006 0.000000 -2.687006
R 2.687006 -2.687006 0.000000
Y 0.000000 -2.687006 -2.687006
P -2.687006 0.000000 -2.687006
S -2.687006 -2.687006 0.000000
D 0.000000 -5.374012 0.000000
S 0.000000 -2.687006 2.687006
D 2.687006 0.000000 2.687006
E 5.374012 0.000000 0.000000


-68.750000	67421a647a0
12

F 0.000000 0.000000 0.000000
A 2.687006 2.687006 0.000000
T 0.000000 2.687006 -2.687006
M 2.687006 0.000000 -2.687006
R 5.374012 0.000000 0.000000
Y 2.687006 -2.687006 0.000000
P 0.000000 -2.687006 -2.687006
S -2.687006 0.000000 -2.687006
D -2.687006 2.687006 0.000000
S 0.000000 2.687006 2.687006
D 2.687006 0.000000 2.687006
E 0.000000 -2.687006 2.687006


-68.750000	43586426810
12

F 0.000000 0.000000 0.000000
A 2.687006 2.687006 0.000000
T 0.000000 5.374012 0.000000
M 0.000000 2.687006 -2.687006
R -2.687006 0.000000 -2.687006
Y -2.687006 2.687006 0.000000
P 0.000000 2.687006 2.687006
S -2.687006 0.000000 2.687006
D -2.687006 -2.687006 0.000000
S 0.000000 -2.687006 -2.687006
D 0.000000 0.000000 -5.374012
E 2.687006 0.000000 -2.687006


-68.750000	52496536910
12

F 0.000000 0.000000 0.000000
A 2.687006 2.687006 0.000000
T 0.000000 5.374012 0.000000
M 0.000000 2.687006 2.687006
R -2.687006 0.000000 2.687006
Y -2.687006 2.687006 0.000000
P 0.000000 2.687006 -2.687006
S -2.687006 0.000000 -2.687006
D -2.687006 -2.687006 0.000000
S 0.000000 -2.687006 2.687006
D 0.000000 0.000000 5.374012
E 2.687006 0.000000 2.687006


-68.720000	3a8b7046ba0
12

F 0.000000 0.000000 0.000000
A 2.687006 2.687006 0.000000
T 0.000000 2.687006 -2.687006
M -2.687006 2.687006 0.000000
R -5.374012 0.000000 0.000000
Y -2.687006 0.000000 2.687006
P 0.000000 2.687006 2.687006
S 2.687006 0.000000 2.687006
D 0.000000 0.000000 5.374012
S 0.000000 -2.687006 2.687006
D -2.687006 -2.687006 0.000000
E -2.687006 0.000000 -2.687006


-68.690000	3a6b049a7a0
12

F 0.000000 0.000000 0.000000
A 2.687006 2.687006 0.000000
T 0.000000 2.687006 -2.687006
M 2.687006 0.000000 -2.687006
R 0.000000 0.000000 -5.374012
Y 0.000000 -2.687006 -2.687006
P 2.687006 -2.687006 0.000000
S 5.374012 0.000000 0.000000
D 2.687006 0.000000 2.687006
S 0.000000 -2.687006 2.687006
D -2.687006 -2.687006 0.000000
E -2.687006 0.000000 -2.687006


-68.680000	3a6b25467a0
12

F 0.000000 0.000000 0.000000
A 2.687006 2.687006 0.000000
T 0.000000 2.687006 -2.687006
M 2.687006 0.000000 -2.687006
R 0.000000 -2.687006 -2.687006
Y 2.687006 -2.687006 0.000000
P 5.374012 -2.687006 -2.687006
S 5.374012 0.000000 0.000000
D 2.687006 0.000000 2.687006
S 0.000000 -2.687006 2.687006
D -2.687006 -2.687006 0.000000
E -2.687006 0.000000 -2.687006


-68.680000	03a6549a910
12

F 0.000000 0.000000 0.000000
A 2.687006 2.687006 0.000000
T 0.000000 5.374012 0.000000
M 0.000000 2.687006 2.687006
R -2.687006 2.687006 0.000000
Y -2.687006 0.000000 2.687006
P 0.000000 0.000000 5.374012
S 2.687006 0.000000 2.687006
D 0.000000 -2.687006 2.687006
S -2.687006 -2.687006 0.000000
D -2.687006 0.000000 -2.687006
E 0.000000 2.687006 -2.687006


-68.680000	02b6458b810
12

F 0.000000 0.000000 0.000000
A 2.687006 2.687006 0.000000
T 0.000000 5.374012 0.000000
M 0.000000 2.687006 -2.687006
R -2.687006 2.687006 0.000000
Y -2.687006 0.000000 -2.687006
P 0.000000 0.000000 -5.374012
S 2.687006 0.000000 -2.687006
D 0.000000 -2.687006 -2.687006
S -2.687006 -2.687006 0.000000
D -2.687006 0.000000 2.687006
E 0.000000 2.687006 2.687006


-68.500000	049b15a97a0
12

F 0.000000 0.000000 0.000000
A 2.687006 2.687006 0.000000
T 0.000000 2.687006 -2.687006
M 2.687006 0.000000 -2.687006
R 2.687006 -2.687006 0.000000
Y 0.000000 -2.687006 -2.687006
P 2.687006 -2.687006 -5.374012
S 0.000000 0.000000 -5.374012
D -2.687006 0.000000 -2.687006
S -2.687006 -2.687006 0.000000
D 0.000000 -2.687006 2.687006
E 2.687006 0.000000 2.687006


-68.440000	049b3a647a0
12

F 0.000000 0.000000 0.000000
A 2.687006 2.687006 0.000000
T 0.000000 2.687006 -2.687006
M 2.687006 0.000000 -2.687006
R 5.374012 0.000000 0.000000
Y 2.687006 -2.687006 0.000000
P 0.000000 -2.687006 -2.687006
S 0.000000 0.000000 -5.374012
D -2.687006 0.000000 -2.687006
S -2.687006 -2.687006 0.000000
D 0.000000 -2.687006 2.687006
E 2.687006 0.000000 2.687006


-68.430000	3816b0467a0
12

F 0.000000 0.000000 0.000000
A 2.687006 2.687006 0.000000
T 0.000000 2.687006 -2.687006
M 2.687006 0.000000 -2.687006
R 0.000000 -2.687006 -2.687006
Y 2.687006 -2.687006 0.000000
P 5.374012 0.000000 0.000000
S 2.687006 0.000000 2.687006
D 0.000000 -2.687006 2.687006
S -2.687006 0.000000 2.687006
D -2.687006 -2.687006 0.000000
E -2.687006 0.000000 -2.687006


-68.430000	26297536910
12

F 0.000000 0.000000 0.000000
A 2.687006 2.687006 0.000000
T 0.000000 5.374012 0.000000
M 0.000000 2.687006 2.687006
R -2.687006 0.000000 2.687006
Y -2.687006 2.687006 0.000000
P 0.000000 2.687006 -2.687006
S 2.687006 0.000000 -2.687006
D 2.687006 -2.687006 0.000000
S 2.687006 0.000000 2.687006
D 0.000000 -2.687006 2.687006
E 0.000000 0.000000 5.374012


-68.430000	36387426810
12

F 0.000000 0.000000 0.000000
A 2.687006 2.687006 0.000000
T 0.000000 5.374012 0.000000
M 0.000000 2.687006 -2.687006
R -2.687006 0.000000 -2.687006
Y -2.687006 2.687006 0.000000
P 0.000000 2.687006 2.687006
S 2.687006 0.000000 2.687006
D 2.687006 -2.687006 0.000000
S 2.687006 0.000000 -2.687006
D 0.000000 -2.687006 -2.687006
E 0.000000 0.000000 -5.374012


-68.420000	53a624b87a0
12

F 0.000000 0.000000 0.000000
A 2.687006 2.687006 0.000000
T 0.000000 2.687006 -2.687006
M 2.687006 0.000000 -2.687006
R 2.687006 -2.687006 -5.374012
Y 0.000000 -2.687006 -2.687006
P 2.687006 -2.687006 0.000000
S 2.687006 0.000000 2.687006
D 0.000000 -2.687006 2.687006
S -2.687006 -2.687006 0.000000
D -2.687006 0.000000 -2.687006
E 0.000000 0.000000 -5.374012


-68.400000	0279b3a97a0
12

F 0.000000 0.000000 0.000000
A 2.687006 2.687006 0.000000
T 0.000000 2.687006 -2.687006
M 2.687006 0.000000 -2.687006
R 2.687006 -2.687006 0.000000
Y 0.000000 -2.687006 -2.687006
P 0.000000 0.000000 -5.374012
S -2.687006 0.000000 -2.687006
D -2.687006 -2.687006 0.000000
S 0.000000 -5.374012 0.000000
D 0.000000 -2.687006 2.687006
E 2.687006 0.000000 2.687006


-68.370000	23a6b0467a0
12

F 0.000000 0.000000 0.000000
A 2.687006 2.687006 0.000000
T 0.000000 2.687006 -2.687006
M 2.687006 0.000000 -2.687006
R 0.000000 -2.687006 -2.687006
Y 2.687006 -2.687006 0.000000
P 5.374012 0.000000 0.000000
S 2.687006 0.000000 2.687006
D 0.000000 -2.687006 2.687006
S -2.687006 -2.687006 0.000000
D -2.687006 0.000000 -2.687006
E -2.687006 2.687006 0.000000


-68.220000	23a6249a7a0
12

F 0.000000 0.000000 0.000000
A 2.687006 2.687006 0.000000
T 0.000000 2.687006 -2.687006
M 2.687006 0.000000 -2.687006
R 0.000000 0.000000 -5.374012
Y 0.000000 -2.687006 -2.687006
P 2.687006 -2.687006 0.000000
S 2.687006 0.000000 2.687006
D 0.000000 -2.687006 2.687006
S -2.687006 -2.687006 0.000000
D -2.687006 0.000000 -2.687006
E -2.687006 2.687006 0.000000


-68.210000	67423ba97a0
12

F 0.000000 0.000000 0.000000
A 2.687006 2.687006 0.000000
T 0.000000 2.687006 -2.687006
M 2.687006 0.000000 -2.687006
R 2.687006 -2.687006 0.000000
Y 0.000000 -2.687006 -2.687006
P -2.687006 -2.687006 0.000000
S -2.687006 0.000000 -2.687006
D -2.687006 2.687006 0.000000
S 0.000000 2.687006 2.687006
D 2.687006 0.000000 2.687006
E 0.000000 -2.687006 2.687006


-68.210000	98a10b467a0
12

F 0.000000 0.000000 0.000000
A 2.687006 2.687006 0.000000
T 0.000000 2.687006 -2.687006
M 2.687006 0.000000 -2.687006
R 0.000000 -2.687006 -2.687006
Y 2.687006 -2.687006 0.000000
P 0.000000 -2.687006 2.687006
S 2.687006 0.000000 2.687006
D 0.000000 2.687006 2.687006
S -2.687006 2.687006 0.000000
D -2.687006 0.000000 -2.687006
E -2.687006 -2.687006 0.000000


-68.180000	8a124648810
12

F 0.000000 0.000000 0.000000
A 2.687006 2.687006 0.000000
T 0.000000 5.374012 0.000000
M 0.000000 2.687006 -2.687006
R 0.000000 0.000000 -5.374012
Y 2.687006 0.000000 -2.687006
P 0.000000 -2.687006 -2.687006
S 2.687006 -2.687006 0.000000
D 2.687006 0.000000 2.687006
S 0.000000 2.687006 2.687006
D -2.687006 2.687006 0.000000
E -2.687006 0.000000 -2.687006


-68.180000	9b135659910
12

F 0.000000 0.000000 0.000000
A 2.687006 2.687006 0.000000
T 0.000000 5.374012 0.000000
M 0.000000 2.687006 2.687006
R 0.000000 0.000000 5.374012
Y 2.687006 0.000000 2.687006
P 0.000000 -2.687006 2.687006
S 2.687006 -2.687006 0.000000
D 2.687006 0.000000 -2.687006
S 0.000000 2.687006 -2.687006
D -2.687006 2.687006 0.000000
E -2.687006 0.000000 2.687006


-68.180000	98a1b0467a0
12

F 0.000000 0.000000 0.000000
A 2.687006 2.687006 0.000000
T 0.000000 2.687006 -2.687006
M 2.687006 0.000000 -2.687006
R 0.000000 -2.687006 -2.687006
Y 2.687006 -2.687006 0.000000
P 5.374012 0.000000 0.000000
S 2.687006 0.000000 2.687006
D 0.000000 2.687006 2.687006
S -2.687006 2.687006 0.000000
D -2.687006 0.000000 -2.687006
E -2.687006 -2.687006 0.000000


-68.170000	8a1b049a7a0
12

F 0.000000 0.000000 0.000000
A 2.687006 2.687006 0.000000
T 0.000000 2.687006 -2.687006
M 2.687006 0.000000 -2.687006
R 0.000000 0.000000 -5.374012
Y 0.000000 -2.687006 -2.687006
P 2.687006 -2.687006 0.000000
S 5.374012 0.000000 0.000000
D 2.687006 0.000000 2.687006
S 0.000000 2.687006 2.687006
D -2.687006 2.687006 0.000000
E -2.687006 0.000000 -2.687006


-68.110000	3ab87046ba0
12

F 0.000000 0.000000 0.000000
A 2.687006 2.687006 0.000000
T 0.000000 2.687006 -2.687006
M -2.687006 2.687006 0.000000
R -5.374012 0.000000 0.000000
Y -2.687006 0.000000 2.687006
P 0.000000 2.687006 2.687006
S 2.687006 0.000000 2.687006
D 2.687006 -2.687006 0.000000
S 0.000000 -2.687006 2.687006
D -2.687006 -2.687006 0.000000
E -2.687006 0.000000 -2.687006


-68.100000	0b9753a9910
12

F 0.000000 0.000000 0.000000
A 2.687006 2.687006 0.000000
T 0.000000 5.374012 0.000000
M 0.000000 2.687006 2.687006
R 0.000000 0.000000 5.374012
Y -2.687006 0.000000 2.687006
P -2.687006 2.687006 0.000000
S 0.000000 2.687006 -2.687006
D 2.687006 0.000000 -2.687006
S 2.687006 -2.687006 0.000000
D 0.000000 -2.687006 2.687006
E 2.687006 0.000000 2.687006


-68.100000	0a8742b8810
12

F 0.000000 0.000000 0.000000
A 2.687006 2.687006 0.000000
T 0.000000 5.374012 0.000000
M 0.000000 2.687006 -2.687006
R 0.000000 0.000000 -5.374012
Y -2.687006 0.000000 -2.687006
P -2.687006 2.687006 0.000000
S 0.000000 2.687006 2.687006
D 2.687006 0.000000 2.687006
S 2.687006 -2.687006 0.000000
D 0.000000 -2.687006 -2.687006
E 2.687006 0.000000 -2.687006


-68.060000	b0495a64ba0
12

F 0.000000 0.000000 0.000000
A 2.687006 2.687006 0.000000
T 0.000000 2.687006 -2.687006
M -2.687006 2.687006 0.000000
R 0.000000 2.687006 2.687006
Y -2.687006 0.000000 2.687006
P -5.374012 0.000000 0.000000
S -2.687006 0.000000 -2.687006
D -2.687006 -2.687006 0.000000
S 0.000000 -2.687006 2.687006
D 2.687006 0.000000 2.687006
E 0.000000 0.000000 5.374012


-68.050000	6742b3a97a0
12

F 0.000000 0.000000 0.000000
A 2.687006 2.687006 0.000000
T 0.000000 2.687006 -2.687006
M 2.687006 0.000000 -2.687006
R 2.687006 -2.687006 0.000000
Y 0.000000 -2.687006 -2.687006
P 0.000000 0.000000 -5.374012
S -2.687006 0.000000 -2.687006
D -2.687006 2.687006 0.000000
S 0.000000 2.687006 2.687006
D 2.687006 0.000000 2.687006
E 0.000000 -2.687006 2.687006


-68.040000	50491ab77a0
12

F 0.000000 0.000000 0.000000
A 2.687006 2.687006 0.000000
T 0.000000 2.687006 -2.687006
M 2.687006 0.000000 -2.687006
R 5.374012 -2.687006 -2.687006
Y 2.687006 -2.687006 0.000000
P 0.000000 -2.687006 -2.687006
S -2.687006 0.000000 -2.687006
D -2.687006 -2.687006 0.000000
S 0.000000 -2.687006 2.687006
D 2.687006 0.000000 2.687006
E 5.374012 0.000000 0.000000


-68.040000	3a7612467a0
12

F 0.000000 0.000000 0.000000
A 2.687006 2.687006 0.000000
T 0.000000 2.687006 -2.687006
M 2.687006 0.000000 -2.687006
R 0.000000 -2.687006 -2.687006
Y 2.687006 -2.687006 0.000000
P 2.687006 0.000000 2.687006
S 0.000000 2.687006 2.687006
D -2.687006 0.000000 2.687006
S 0.000000 -2.687006 2.687006
D -2.687006 -2.687006 0.000000
E -2.687006 0.000000 -2.687006


-68.020000	58a10b467a0
12

F 0.000000 0.000000 0.000000
A 2.687006 2.687006 0.000000
T 0.000000 2.687006 -2.687006
M 2.687006 0.000000 -2.687006
R 0.000000 -2.687006 -2.687006
Y 2.687006 -2.687006 0.000000
P 0.000000 -2.687006 2.687006
S 2.687006 0.000000 2.687006
D 0.000000 2.687006 2.687006
S -2.687006 2.687006 0.000000
D -2.687006 0.000000 -2.687006
E 0.000000 0.000000 -5.374012


-68.020000	0729b3a97a0
12

F 0.000000 0.000000 0.000000
A 2.687006 2.687006 0.000000
T 0.000000 2.687006 -2.687006
M 2.687006 0.000000 -2.687006
R 2.687006 -2.687006 0.000000
Y 0.000000 -2.687006 -2.687006
P 0.000000 0.000000 -5.374012
S -2.687006 0.000000 -2.687006
D -2.687006 -2.687006 0.000000
S -2.687006 0.000000 2.687006
D 0.000000 -2.687006 2.687006
E 2.687006 0.000000 2.687006


-68.000000	638742b8810
12

F 0.000000 0.000000 0.000000
A 2.687006 2.687006 0.000000
T 0.000000 5.374012 0.000000
M 0.000000 2.687006 -2.687006
R 0.000000 0.000000 -5.374012
Y -2.687006 0.000000 -2.687006
P -2.687006 2.687006 0.000000
S 0.000000 2.687006 2.687006
D 2.687006 0.000000 2.687006
S 2.687006 -2.687006 0.000000
D 2.687006 0.000000 -2.687006
E 0.000000 -2.687006 -2.687006


-68.000000	629753a9910
12

F 0.000000 0.000000 0.000000
A 2.687006 2.687006 0.000000
T 0.000000 5.374012 0.000000
M 0.000000 2.687006 2.687006
R 0.000000 0.000000 5.374012
Y -2.687006 0.000000 2.687006
P -2.687006 2.687006 0.000000
S 0.000000 2.687006 -2.687006
D 2.687006 0.000000 -2.687006
S 2.687006 -2.687006 0.000000
D 2.687006 0.000000 2.687006
E 0.000000 -2.687006 2.687006


