-119.090000	a3b073279ba0
13

I 0.000000 0.000000 0.000000
F 2.687006 2.687006 0.000000
G 0.000000 2.687006 -2.687006
A -2.687006 2.687006 0.000000
I -2.687006 0.000000 2.687006
A 0.000000 -2.687006 2.687006
G 0.000000 0.000000 5.374012
F 0.000000 2.687006 2.687006
I 2.687006 0.000000 2.687006
K 5.374012 2.687006 2.687006
N 2.687006 2.687006 5.374012
I 2.687006 5.374012 2.687006
W 0.000000 5.374012 0.000000


-119.090000	873412975610
13

I 0.000000 0.000000 0.000000
F 2.687006 2.687006 0.000000
G 0.000000 5.374012 0.000000
A -2.687006 2.687006 0.000000
I 0.000000 2.687006 -2.687006
A 2.687006 0.000000 -2.687006
G 2.687006 -2.687006 0.000000
F 2.687006 0.000000 2.687006
I 0.000000 2.687006 2.687006
K 2.687006 2.687006 5.374012
N 2.687006 5.374012 2.687006
I 5.374012 2.687006 2.687006
W 5.374012 0.000000 0.000000


-119.090000	972513874610
13

I 0.000000 0.000000 0.000000
F 2.687006 2.687006 0.000000
G 0.000000 5.374012 0.000000
A -2.687006 2.687006 0.000000
I 0.000000 2.687006 2.687006
A 2.687006 0.000000 2.687006
G 2.687006 -2.687006 0.000000
F 2.687006 0.000000 -2.687006
I 0.000000 2.687006 -2.687006
K 2.687006 2.687006 -5.374012
N 2.687006 5.374012 -2.687006
I 5.374012 2.687006 -2.687006
W 5.374012 0.000000 0.000000


-119.090000	9480a3274ba0
13

I 0.000000 0.000000 0.000000
F 2.687006 2.687006 0.000000
G 0.000000 2.687006 -2.687006
A -2.687006 2.687006 0.000000
I 0.000000 2.687006 2.687006
A 2.687006 0.000000 2.687006
G 2.687006 2.687006 5.374012
F 2.687006 5.374012 2.687006
I 0.000000 5.374012 0.000000
K 2.687006 8.061017 0.000000
N 2.687006 5.374012 -2.687006
I 5.374012 5.374012 0.000000
W 5.374012 2.687006 2.687006


-118.980000	7ab748342ba0
13

I 0.000000 0.000000 0.000000
F 2.687006 2.687006 0.000000
G 0.000000 2.687006 -2.687006
A -2.687006 2.687006 0.000000
I -2.687006 5.374012 2.687006
A 0.000000 5.374012 5.374012
G 0.000000 8.061017 2.687006
F 0.000000 5.374012 0.000000
I 2.687006 5.374012 2.687006
K 5.374012 2.687006 2.687006
N 2.687006 2.687006 5.374012
I 0.000000 2.687006 2.687006
W 2.687006 0.000000 2.687006


-118.830000	2725138b6540
13

I 0.000000 0.000000 0.000000
F 2.687006 2.687006 0.000000
G 5.374012 2.687006 2.687006
A 8.061017 2.687006 0.000000
I 5.374012 0.000000 0.000000
A 2.687006 0.000000 2.687006
G 2.687006 -2.687006 0.000000
F 2.687006 0.000000 -2.687006
I 0.000000 2.687006 -2.687006
K 2.687006 2.687006 -5.374012
N 2.687006 5.374012 -2.687006
I 5.374012 2.687006 -2.687006
W 5.374012 5.374012 0.000000


-118.830000	b3b077620ba0
13

I 0.000000 0.000000 0.000000
F 2.687006 2.687006 0.000000
G 0.000000 2.687006 -2.687006
A -2.687006 2.687006 0.000000
I 0.000000 5.374012 0.000000
A 0.000000 8.061017 2.687006
G -2.687006 5.374012 2.687006
F 0.000000 2.687006 2.687006
I 2.687006 0.000000 2.687006
K 5.374012 2.687006 2.687006
N 2.687006 2.687006 5.374012
I 2.687006 5.374012 2.687006
W 0.000000 5.374012 5.374012


-118.820000	041674b8a140
13

I 0.000000 0.000000 0.000000
F 2.687006 2.687006 0.000000
G 5.374012 2.687006 2.687006
A 2.687006 5.374012 2.687006
I 0.000000 5.374012 0.000000
A 0.000000 2.687006 -2.687006
G -2.687006 2.687006 0.000000
F 0.000000 2.687006 2.687006
I 2.687006 0.000000 2.687006
K 0.000000 -2.687006 2.687006
N -2.687006 0.000000 2.687006
I 0.000000 0.000000 5.374012
W 2.687006 2.687006 5.374012


-118.820000	24387a940ba0
13

I 0.000000 0.000000 0.000000
F 2.687006 2.687006 0.000000
G 0.000000 2.687006 -2.687006
A -2.687006 2.687006 0.000000
I 0.000000 5.374012 0.000000
A 2.687006 5.374012 2.687006
G 2.687006 2.687006 5.374012
F 0.000000 2.687006 2.687006
I 2.687006 0.000000 2.687006
K 2.687006 -2.687006 0.000000
N 2.687006 0.000000 -2.687006
I 5.374012 0.000000 0.000000
W 5.374012 2.687006 2.687006


-118.820000	1a08746a3b40
13

I 0.000000 0.000000 0.000000
F 2.687006 2.687006 0.000000
G 5.374012 2.687006 2.687006
A 2.687006 2.687006 5.374012
I 2.687006 5.374012 2.687006
A 0.000000 5.374012 0.000000
G -2.687006 2.687006 0.000000
F 0.000000 2.687006 2.687006
I 2.687006 0.000000 2.687006
K 2.687006 -2.687006 0.000000
N 5.374012 0.000000 0.000000
I 2.687006 0.000000 -2.687006
W 0.000000 2.687006 -2.687006


-118.820000	3a267ab742a0
13

I 0.000000 0.000000 0.000000
F 2.687006 2.687006 0.000000
G 0.000000 2.687006 -2.687006
A 0.000000 5.374012 0.000000
I 2.687006 5.374012 2.687006
A 5.374012 2.687006 2.687006
G 2.687006 2.687006 5.374012
F 0.000000 2.687006 2.687006
I 2.687006 0.000000 2.687006
K 0.000000 -2.687006 2.687006
N 0.000000 0.000000 5.374012
I -2.687006 0.000000 2.687006
W -2.687006 2.687006 0.000000


-118.700000	7ba750a69100
13

I 0.000000 0.000000 0.000000
F 2.687006 2.687006 0.000000
G 5.374012 5.374012 0.000000
A 2.687006 8.061017 0.000000
I 2.687006 5.374012 2.687006
A 0.000000 2.687006 2.687006
G -2.687006 2.687006 0.000000
F 0.000000 5.374012 0.000000
I 2.687006 5.374012 -2.687006
K 5.374012 2.687006 -2.687006
N 2.687006 2.687006 -5.374012
I 0.000000 2.687006 -2.687006
W 2.687006 0.000000 -2.687006


-118.700000	7ab740b68100
13

I 0.000000 0.000000 0.000000
F 2.687006 2.687006 0.000000
G 5.374012 5.374012 0.000000
A 2.687006 8.061017 0.000000
I 2.687006 5.374012 -2.687006
A 0.000000 2.687006 -2.687006
G -2.687006 2.687006 0.000000
F 0.000000 5.374012 0.000000
I 2.687006 5.374012 2.687006
K 5.374012 2.687006 2.687006
N 2.687006 2.687006 5.374012
I 0.000000 2.687006 2.687006
W 2.687006 0.000000 2.687006


-118.700000	19813086b700
13

I 0.000000 0.000000 0.000000
F 2.687006 2.687006 0.000000
G 5.374012 5.374012 0.000000
A 8.061017 2.687006 0.000000
I 5.374012 2.687006 2.687006
A 2.687006 0.000000 2.687006
G 2.687006 -2.687006 0.000000
F 5.374012 0.000000 0.000000
I 5.374012 2.687006 -2.687006
K 2.687006 5.374012 -2.687006
N 2.687006 2.687006 -5.374012
I 2.687006 0.000000 -2.687006
W 0.000000 2.687006 -2.687006


-118.700000	18912096a700
13

I 0.000000 0.000000 0.000000
F 2.687006 2.687006 0.000000
G 5.374012 5.374012 0.000000
A 8.061017 2.687006 0.000000
I 5.374012 2.687006 -2.687006
A 2.687006 0.000000 -2.687006
G 2.687006 -2.687006 0.000000
F 5.374012 0.000000 0.000000
I 5.374012 2.687006 2.687006
K 2.687006 5.374012 2.687006
N 2.687006 2.687006 5.374012
I 2.687006 0.000000 2.687006
W 0.000000 2.687006 2.687006


-118.690000	7ab959250ba0
13

I 0.000000 0.000000 0.000000
F 2.687006 2.687006 0.000000
G 0.000000 2.687006 -2.687006
A -2.687006 2.687006 0.000000
I 0.000000 5.374012 0.000000
A 2.687006 5.374012 -2.687006
G 2.687006 8.061017 0.000000
F 2.687006 5.374012 2.687006
I 5.374012 5.374012 0.000000
K 5.374012 2.687006 2.687006
N 2.687006 2.687006 5.374012
I 0.000000 2.687006 2.687006
W 2.687006 0.000000 2.687006


-118.600000	267433279ba0
13

I 0.000000 0.000000 0.000000
F 2.687006 2.687006 0.000000
G 0.000000 2.687006 -2.687006
A -2.687006 2.687006 0.000000
I -2.687006 0.000000 2.687006
A 0.000000 -2.687006 2.687006
G 0.000000 0.000000 5.374012
F 0.000000 2.687006 2.687006
I 0.000000 5.374012 0.000000
K 2.687006 5.374012 2.687006
N 5.374012 2.687006 2.687006
I 2.687006 0.000000 2.687006
W 2.687006 2.687006 5.374012


-118.600000	561373274ba0
13

I 0.000000 0.000000 0.000000
F 2.687006 2.687006 0.000000
G 0.000000 2.687006 -2.687006
A -2.687006 2.687006 0.000000
I 0.000000 2.687006 2.687006
A 2.687006 0.000000 2.687006
G 2.687006 2.687006 5.374012
F 2.687006 5.374012 2.687006
I 5.374012 2.687006 2.687006
K 5.374012 5.374012 0.000000
N 2.687006 8.061017 0.000000
I 0.000000 5.374012 0.000000
W 2.687006 5.374012 -2.687006


-118.600000	0ba343874610
13

I 0.000000 0.000000 0.000000
F 2.687006 2.687006 0.000000
G 0.000000 5.374012 0.000000
A -2.687006 2.687006 0.000000
I 0.000000 2.687006 2.687006
A 2.687006 0.000000 2.687006
G 2.687006 -2.687006 0.000000
F 2.687006 0.000000 -2.687006
I 5.374012 0.000000 0.000000
K 5.374012 2.687006 -2.687006
N 2.687006 2.687006 -5.374012
I 0.000000 2.687006 -2.687006
W 2.687006 5.374012 -2.687006


-118.600000	0ab252975610
13

I 0.000000 0.000000 0.000000
F 2.687006 2.687006 0.000000
G 0.000000 5.374012 0.000000
A -2.687006 2.687006 0.000000
I 0.000000 2.687006 -2.687006
A 2.687006 0.000000 -2.687006
G 2.687006 -2.687006 0.000000
F 2.687006 0.000000 2.687006
I 5.374012 0.000000 0.000000
K 5.374012 2.687006 2.687006
N 2.687006 2.687006 5.374012
I 0.000000 2.687006 2.687006
W 2.687006 5.374012 2.687006


-118.590000	361520849ba0
13

I 0.000000 0.000000 0.000000
F 2.687006 2.687006 0.000000
G 0.000000 2.687006 -2.687006
A -2.687006 2.687006 0.000000
I -2.687006 0.000000 2.687006
A 0.000000 0.000000 5.374012
G 0.000000 -2.687006 2.687006
F 2.687006 0.000000 2.687006
I 2.687006 2.687006 5.374012
K 5.374012 2.687006 2.687006
N 2.687006 5.374012 2.687006
I 0.000000 2.687006 2.687006
W 0.000000 5.374012 0.000000


-118.560000	9615207962a0
13

I 0.000000 0.000000 0.000000
F 2.687006 2.687006 0.000000
G 0.000000 2.687006 -2.687006
A 0.000000 5.374012 0.000000
I -2.687006 2.687006 0.000000
A -2.687006 0.000000 2.687006
G 0.000000 -2.687006 2.687006
F 2.687006 0.000000 2.687006
I 2.687006 2.687006 5.374012
K 5.374012 2.687006 2.687006
N 2.687006 5.374012 2.687006
I 0.000000 2.687006 2.687006
W 0.000000 0.000000 5.374012


-118.550000	416748342ba0
13

I 0.000000 0.000000 0.000000
F 2.687006 2.687006 0.000000
G 0.000000 2.687006 -2.687006
A -2.687006 2.687006 0.000000
I -2.687006 5.374012 2.687006
A 0.000000 5.374012 5.374012
G 0.000000 8.061017 2.687006
F 0.000000 5.374012 0.000000
I 2.687006 5.374012 2.687006
K 5.374012 2.687006 2.687006
N 2.687006 0.000000 2.687006
I 0.000000 2.687006 2.687006
W 2.687006 2.687006 5.374012


-118.500000	a15273279ba0
13

I 0.000000 0.000000 0.000000
F 2.687006 2.687006 0.000000
G 0.000000 2.687006 -2.687006
A -2.687006 2.687006 0.000000
I -2.687006 0.000000 2.687006
A 0.000000 -2.687006 2.687006
G 0.000000 0.000000 5.374012
F 0.000000 2.687006 2.687006
I 2.687006 0.000000 2.687006
K 2.687006 2.687006 5.374012
N 5.374012 2.687006 2.687006
I 2.687006 5.374012 2.687006
W 0.000000 5.374012 0.000000


-118.500000	9725a3274ba0
13

I 0.000000 0.000000 0.000000
F 2.687006 2.687006 0.000000
G 0.000000 2.687006 -2.687006
A -2.687006 2.687006 0.000000
I 0.000000 2.687006 2.687006
A 2.687006 0.000000 2.687006
G 2.687006 2.687006 5.374012
F 2.687006 5.374012 2.687006
I 0.000000 5.374012 0.000000
K 2.687006 5.374012 -2.687006
N 2.687006 8.061017 0.000000
I 5.374012 5.374012 0.000000
W 5.374012 2.687006 2.687006


-118.500000	859012975610
13

I 0.000000 0.000000 0.000000
F 2.687006 2.687006 0.000000
G 0.000000 5.374012 0.000000
A -2.687006 2.687006 0.000000
I 0.000000 2.687006 -2.687006
A 2.687006 0.000000 -2.687006
G 2.687006 -2.687006 0.000000
F 2.687006 0.000000 2.687006
I 0.000000 2.687006 2.687006
K 2.687006 5.374012 2.687006
N 2.687006 2.687006 5.374012
I 5.374012 2.687006 2.687006
W 5.374012 0.000000 0.000000


-118.500000	948013874610
13

I 0.000000 0.000000 0.000000
F 2.687006 2.687006 0.000000
G 0.000000 5.374012 0.000000
A -2.687006 2.687006 0.000000
I 0.000000 2.687006 2.687006
A 2.687006 0.000000 2.687006
G 2.687006 -2.687006 0.000000
F 2.687006 0.000000 -2.687006
I 0.000000 2.687006 -2.687006
K 2.687006 5.374012 -2.687006
N 2.687006 2.687006 -5.374012
I 5.374012 2.687006 -2.687006
W 5.374012 0.000000 0.000000


-118.470000	a3b4352995a0
13

I 0.000000 0.000000 0.000000
F 2.687006 2.687006 0.000000
G 0.000000 2.687006 -2.687006
A 2.687006 2.687006 -5.374012
I 2.687006 0.000000 -2.687006
A 2.687006 -2.687006 0.000000
G 2.687006 0.000000 2.687006
F 5.374012 0.000000 0.000000
I 5.374012 2.687006 -2.687006
K 8.061017 2.687006 0.000000
N 5.374012 2.687006 2.687006
I 5.374012 5.374012 0.000000
W 2.687006 5.374012 -2.687006


-118.460000	86143078a910
13

I 0.000000 0.000000 0.000000
F 2.687006 2.687006 0.000000
G 0.000000 5.374012 0.000000
A 0.000000 2.687006 2.687006
I -2.687006 2.687006 0.000000
A -2.687006 0.000000 -2.687006
G 0.000000 -2.687006 -2.687006
F 2.687006 0.000000 -2.687006
I 2.687006 2.687006 -5.374012
K 5.374012 2.687006 -2.687006
N 2.687006 5.374012 -2.687006
I 0.000000 2.687006 -2.687006
W 0.000000 0.000000 -5.374012


-118.460000	96152079b810
13

I 0.000000 0.000000 0.000000
F 2.687006 2.687006 0.000000
G 0.000000 5.374012 0.000000
A 0.000000 2.687006 -2.687006
I -2.687006 2.687006 0.000000
A -2.687006 0.000000 2.687006
G 0.000000 -2.687006 2.687006
F 2.687006 0.000000 2.687006
I 2.687006 2.687006 5.374012
K 5.374012 2.687006 2.687006
N 2.687006 5.374012 2.687006
I 0.000000 2.687006 2.687006
W 0.000000 0.000000 5.374012


-118.450000	126707620ba0
13

I 0.000000 0.000000 0.000000
F 2.687006 2.687006 0.000000
G 0.000000 2.687006 -2.687006
A -2.687006 2.687006 0.000000
I 0.000000 5.374012 0.000000
A 0.000000 8.061017 2.687006
G -2.687006 5.374012 2.687006
F 0.000000 2.687006 2.687006
I 2.687006 5.374012 2.687006
K 5.374012 2.687006 2.687006
N 2.687006 0.000000 2.687006
I 2.687006 2.687006 5.374012
W 0.000000 5.374012 5.374012


-118.450000	40ba038b6540
13

I 0.000000 0.000000 0.000000
F 2.687006 2.687006 0.000000
G 5.374012 2.687006 2.687006
A 8.061017 2.687006 0.000000
I 5.374012 0.000000 0.000000
A 2.687006 0.000000 2.687006
G 2.687006 -2.687006 0.000000
F 2.687006 0.000000 -2.687006
I 5.374012 2.687006 -2.687006
K 2.687006 2.687006 -5.374012
N 0.000000 2.687006 -2.687006
I 2.687006 5.374012 -2.687006
W 5.374012 5.374012 0.000000


-118.450000	2480138b6540
13

I 0.000000 0.000000 0.000000
F 2.687006 2.687006 0.000000
G 5.374012 2.687006 2.687006
A 8.061017 2.687006 0.000000
I 5.374012 0.000000 0.000000
A 2.687006 0.000000 2.687006
G 2.687006 -2.687006 0.000000
F 2.687006 0.000000 -2.687006
I 0.000000 2.687006 -2.687006
K 2.687006 5.374012 -2.687006
N 2.687006 2.687006 -5.374012
I 5.374012 2.687006 -2.687006
W 5.374012 5.374012 0.000000


-118.450000	b15277620ba0
13

I 0.000000 0.000000 0.000000
F 2.687006 2.687006 0.000000
G 0.000000 2.687006 -2.687006
A -2.687006 2.687006 0.000000
I 0.000000 5.374012 0.000000
A 0.000000 8.061017 2.687006
G -2.687006 5.374012 2.687006
F 0.000000 2.687006 2.687006
I 2.687006 0.000000 2.687006
K 2.687006 2.687006 5.374012
N 5.374012 2.687006 2.687006
I 2.687006 5.374012 2.687006
W 0.000000 5.374012 5.374012


-118.420000	2695084b0ba0
13

I 0.000000 0.000000 0.000000
F 2.687006 2.687006 0.000000
G 0.000000 2.687006 -2.687006
A -2.687006 2.687006 0.000000
I 0.000000 5.374012 0.000000
A -2.687006 5.374012 2.687006
G 0.000000 5.374012 5.374012
F 0.000000 2.687006 2.687006
I 2.687006 5.374012 2.687006
K 5.374012 5.374012 0.000000
N 5.374012 2.687006 2.687006
I 2.687006 0.000000 2.687006
W 2.687006 2.687006 5.374012


-118.420000	9125784b0ba0
13

I 0.000000 0.000000 0.000000
F 2.687006 2.687006 0.000000
G 0.000000 2.687006 -2.687006
A -2.687006 2.687006 0.000000
I 0.000000 5.374012 0.000000
A -2.687006 5.374012 2.687006
G 0.000000 5.374012 5.374012
F 0.000000 2.687006 2.687006
I 2.687006 0.000000 2.687006
K 5.374012 0.000000 0.000000
N 5.374012 2.687006 2.687006
I 2.687006 5.374012 2.687006
W 2.687006 2.687006 5.374012


-118.420000	1509129a9800
13

I 0.000000 0.000000 0.000000
F 2.687006 2.687006 0.000000
G 5.374012 5.374012 0.000000
A 5.374012 2.687006 -2.687006
I 5.374012 0.000000 0.000000
A 2.687006 0.000000 -2.687006
G 2.687006 -2.687006 0.000000
F 2.687006 0.000000 2.687006
I 0.000000 2.687006 2.687006
K 0.000000 0.000000 5.374012
N 2.687006 2.687006 5.374012
I 5.374012 2.687006 2.687006
W 2.687006 5.374012 2.687006


-118.420000	1408138b8900
13

I 0.000000 0.000000 0.000000
F 2.687006 2.687006 0.000000
G 5.374012 5.374012 0.000000
A 5.374012 2.687006 2.687006
I 5.374012 0.000000 0.000000
A 2.687006 0.000000 2.687006
G 2.687006 -2.687006 0.000000
F 2.687006 0.000000 -2.687006
I 0.000000 2.687006 -2.687006
K 0.000000 0.000000 -5.374012
N 2.687006 2.687006 -5.374012
I 5.374012 2.687006 -2.687006
W 2.687006 5.374012 -2.687006


-118.420000	0b18038b8900
13

I 0.000000 0.000000 0.000000
F 2.687006 2.687006 0.000000
G 5.374012 5.374012 0.000000
A 5.374012 2.687006 2.687006
I 5.374012 0.000000 0.000000
A 2.687006 0.000000 2.687006
G 2.687006 -2.687006 0.000000
F 2.687006 0.000000 -2.687006
I 5.374012 2.687006 -2.687006
K 5.374012 0.000000 -5.374012
N 2.687006 2.687006 -5.374012
I 0.000000 2.687006 -2.687006
W 2.687006 5.374012 -2.687006


-118.420000	0a19029a9800
13

I 0.000000 0.000000 0.000000
F 2.687006 2.687006 0.000000
G 5.374012 5.374012 0.000000
A 5.374012 2.687006 -2.687006
I 5.374012 0.000000 0.000000
A 2.687006 0.000000 -2.687006
G 2.687006 -2.687006 0.000000
F 2.687006 0.000000 2.687006
I 5.374012 2.687006 2.687006
K 5.374012 0.000000 5.374012
N 2.687006 2.687006 5.374012
I 0.000000 2.687006 2.687006
W 2.687006 5.374012 2.687006


-118.420000	097a05a9ab00
13

I 0.000000 0.000000 0.000000
F 2.687006 2.687006 0.000000
G 5.374012 5.374012 0.000000
A 2.687006 5.374012 2.687006
I 0.000000 5.374012 0.000000
A 0.000000 2.687006 2.687006
G -2.687006 2.687006 0.000000
F 0.000000 2.687006 -2.687006
I 2.687006 5.374012 -2.687006
K 0.000000 5.374012 -5.374012
N 2.687006 2.687006 -5.374012
I 2.687006 0.000000 -2.687006
W 5.374012 2.687006 -2.687006


-118.420000	087b04b8ba00
13

I 0.000000 0.000000 0.000000
F 2.687006 2.687006 0.000000
G 5.374012 5.374012 0.000000
A 2.687006 5.374012 -2.687006
I 0.000000 5.374012 0.000000
A 0.000000 2.687006 -2.687006
G -2.687006 2.687006 0.000000
F 0.000000 2.687006 2.687006
I 2.687006 5.374012 2.687006
K 0.000000 5.374012 5.374012
N 2.687006 2.687006 5.374012
I 2.687006 0.000000 2.687006
W 5.374012 2.687006 2.687006


-118.420000	730b74b8ba00
13

I 0.000000 0.000000 0.000000
F 2.687006 2.687006 0.000000
G 5.374012 5.374012 0.000000
A 2.687006 5.374012 -2.687006
I 0.000000 5.374012 0.000000
A 0.000000 2.687006 -2.687006
G -2.687006 2.687006 0.000000
F 0.000000 2.687006 2.687006
I 2.687006 0.000000 2.687006
K 0.000000 0.000000 5.374012
N 2.687006 2.687006 5.374012
I 2.687006 5.374012 2.687006
W 5.374012 2.687006 2.687006


-118.420000	720a75a9ab00
13

I 0.000000 0.000000 0.000000
F 2.687006 2.687006 0.000000
G 5.374012 5.374012 0.000000
A 2.687006 5.374012 2.687006
I 0.000000 5.374012 0.000000
A 0.000000 2.687006 2.687006
G -2.687006 2.687006 0.000000
F 0.000000 2.687006 -2.687006
I 2.687006 0.000000 -2.687006
K 0.000000 0.000000 -5.374012
N 2.687006 2.687006 -5.374012
I 2.687006 5.374012 -2.687006
W 5.374012 2.687006 -2.687006


-118.410000	21981a087910
13

I 0.000000 0.000000 0.000000
F 2.687006 2.687006 0.000000
G 0.000000 5.374012 0.000000
A 0.000000 2.687006 2.687006
I 2.687006 0.000000 2.687006
A 2.687006 -2.687006 0.000000
G 5.374012 0.000000 0.000000
F 2.687006 0.000000 -2.687006
I 0.000000 2.687006 -2.687006
K 0.000000 0.000000 -5.374012
N 0.000000 -2.687006 -2.687006
I -2.687006 0.000000 -2.687006
W -2.687006 2.687006 0.000000


-118.410000	31891b097810
13

I 0.000000 0.000000 0.000000
F 2.687006 2.687006 0.000000
G 0.000000 5.374012 0.000000
A 0.000000 2.687006 -2.687006
I 2.687006 0.000000 -2.687006
A 2.687006 -2.687006 0.000000
G 5.374012 0.000000 0.000000
F 2.687006 0.000000 2.687006
I 0.000000 2.687006 2.687006
K 0.000000 0.000000 5.374012
N 0.000000 -2.687006 2.687006
I -2.687006 0.000000 2.687006
W -2.687006 2.687006 0.000000


-118.410000	7461425a1640
13

I 0.000000 0.000000 0.000000
F 2.687006 2.687006 0.000000
G 5.374012 2.687006 2.687006
A 2.687006 0.000000 2.687006
I 0.000000 2.687006 2.687006
A -2.687006 2.687006 0.000000
G 0.000000 2.687006 -2.687006
F 0.000000 5.374012 0.000000
I 2.687006 5.374012 2.687006
K 0.000000 8.061017 2.687006
N -2.687006 5.374012 2.687006
I 0.000000 5.374012 5.374012
W 2.687006 2.687006 5.374012


-118.410000	a8b47258a910
13

I 0.000000 0.000000 0.000000
F 2.687006 2.687006 0.000000
G 0.000000 5.374012 0.000000
A 0.000000 2.687006 2.687006
I -2.687006 2.687006 0.000000
A -2.687006 0.000000 -2.687006
G 0.000000 0.000000 -5.374012
F 0.000000 2.687006 -2.687006
I 2.687006 0.000000 -2.687006
K 5.374012 0.000000 0.000000
N 2.687006 0.000000 2.687006
I 2.687006 -2.687006 0.000000
W 0.000000 -2.687006 -2.687006


-118.410000	b9a57349b810
13

I 0.000000 0.000000 0.000000
F 2.687006 2.687006 0.000000
G 0.000000 5.374012 0.000000
A 0.000000 2.687006 -2.687006
I -2.687006 2.687006 0.000000
A -2.687006 0.000000 2.687006
G 0.000000 0.000000 5.374012
F 0.000000 2.687006 2.687006
I 2.687006 0.000000 2.687006
K 5.374012 0.000000 0.000000
N 2.687006 0.000000 -2.687006
I 2.687006 -2.687006 0.000000
W 0.000000 -2.687006 2.687006


-118.350000	74b8a70a1b40
13

I 0.000000 0.000000 0.000000
F 2.687006 2.687006 0.000000
G 5.374012 2.687006 2.687006
A 2.687006 2.687006 5.374012
I 0.000000 5.374012 5.374012
A -2.687006 5.374012 2.687006
G 0.000000 8.061017 2.687006
F 2.687006 5.374012 2.687006
I 0.000000 5.374012 0.000000
K 0.000000 2.687006 -2.687006
N -2.687006 2.687006 0.000000
I 0.000000 2.687006 2.687006
W 2.687006 0.000000 2.687006


