-21.910000	7a0
4

L 0.000000 0.000000 0.000000
F 2.687006 2.687006 0.000000
L 0.000000 2.687006 -2.687006
F 2.687006 0.000000 -2.687006


-14.650000	6a0
4

L 0.000000 0.000000 0.000000
F 2.687006 2.687006 0.000000
L 0.000000 2.687006 -2.687006
F -2.687006 0.000000 -2.687006


-14.650000	ba0
4

L 0.000000 0.000000 0.000000
F 2.687006 2.687006 0.000000
L 0.000000 2.687006 -2.687006
F -2.687006 2.687006 0.000000


-14.630000	0a0
4

L 0.000000 0.000000 0.000000
F 2.687006 2.687006 0.000000
L 0.000000 2.687006 -2.687006
F 2.687006 5.374012 -2.687006


-14.630000	2a0
4

L 0.000000 0.000000 0.000000
F 2.687006 2.687006 0.000000
L 0.000000 2.687006 -2.687006
F 0.000000 5.374012 0.000000


-14.540000	810
4

L 0.000000 0.000000 0.000000
F 2.687006 2.687006 0.000000
L 0.000000 5.374012 0.000000
F 0.000000 2.687006 -2.687006


-14.540000	910
4

L 0.000000 0.000000 0.000000
F 2.687006 2.687006 0.000000
L 0.000000 5.374012 0.000000
F 0.000000 2.687006 2.687006


-14.540000	640
4

L 0.000000 0.000000 0.000000
F 2.687006 2.687006 0.000000
L 5.374012 2.687006 2.687006
F 2.687006 0.000000 2.687006


-7.370000	5a0
4

L 0.000000 0.000000 0.000000
F 2.687006 2.687006 0.000000
L 0.000000 2.687006 -2.687006
F 2.687006 2.687006 -5.374012


-7.370000	8a0
4

L 0.000000 0.000000 0.000000
F 2.687006 2.687006 0.000000
L 0.000000 2.687006 -2.687006
F 0.000000 0.000000 -5.374012


-7.370000	aa0
4

L 0.000000 0.000000 0.000000
F 2.687006 2.687006 0.000000
L 0.000000 2.687006 -2.687006
F -2.687006 2.687006 -5.374012


-7.370000	1a0
4

L 0.000000 0.000000 0.000000
F 2.687006 2.687006 0.000000
L 0.000000 2.687006 -2.687006
F -2.687006 5.374012 -2.687006


-7.370000	3a0
4

L 0.000000 0.000000 0.000000
F 2.687006 2.687006 0.000000
L 0.000000 2.687006 -2.687006
F 0.000000 5.374012 -5.374012


-7.280000	610
4

L 0.000000 0.000000 0.000000
F 2.687006 2.687006 0.000000
L 0.000000 5.374012 0.000000
F -2.687006 2.687006 0.000000


-7.260000	800
4

L 0.000000 0.000000 0.000000
F 2.687006 2.687006 0.000000
L 5.374012 5.374012 0.000000
F 5.374012 2.687006 -2.687006


-7.260000	900
4

L 0.000000 0.000000 0.000000
F 2.687006 2.687006 0.000000
L 5.374012 5.374012 0.000000
F 5.374012 2.687006 2.687006


-7.260000	140
4

L 0.000000 0.000000 0.000000
F 2.687006 2.687006 0.000000
L 5.374012 2.687006 2.687006
F 2.687006 5.374012 2.687006


-7.260000	a00
4

L 0.000000 0.000000 0.000000
F 2.687006 2.687006 0.000000
L 5.374012 5.374012 0.000000
F 2.687006 5.374012 -2.687006


-7.260000	b00
4

L 0.000000 0.000000 0.000000
F 2.687006 2.687006 0.000000
L 5.374012 5.374012 0.000000
F 2.687006 5.374012 2.687006


-7.260000	340
4

L 0.000000 0.000000 0.000000
F 2.687006 2.687006 0.000000
L 5.374012 2.687006 2.687006
F 5.374012 5.374012 0.000000


-7.260000	410
4

L 0.000000 0.000000 0.000000
F 2.687006 2.687006 0.000000
L 0.000000 5.374012 0.000000
F 2.687006 5.374012 2.687006


-7.260000	510
4

L 0.000000 0.000000 0.000000
F 2.687006 2.687006 0.000000
L 0.000000 5.374012 0.000000
F 2.687006 5.374012 -2.687006


-7.260000	840
4

L 0.000000 0.000000 0.000000
F 2.687006 2.687006 0.000000
L 5.374012 2.687006 2.687006
F 5.374012 0.000000 0.000000


0.000000	700
4

L 0.000000 0.000000 0.000000
F 2.687006 2.687006 0.000000
L 5.374012 5.374012 0.000000
F 8.061017 2.687006 0.000000


0.000000	b40
4

L 0.000000 0.000000 0.000000
F 2.687006 2.687006 0.000000
L 5.374012 2.687006 2.687006
F 2.687006 2.687006 5.374012


0.000000	040
4

L 0.000000 0.000000 0.000000
F 2.687006 2.687006 0.000000
L 5.374012 2.687006 2.687006
F 8.061017 5.374012 2.687006


0.000000	a10
4

L 0.000000 0.000000 0.000000
F 2.687006 2.687006 0.000000
L 0.000000 5.374012 0.000000
F -2.687006 5.374012 -2.687006


0.000000	b10
4

L 0.000000 0.000000 0.000000
F 2.687006 2.687006 0.000000
L 0.000000 5.374012 0.000000
F -2.687006 5.374012 2.687006


0.000000	240
4

L 0.000000 0.000000 0.000000
F 2.687006 2.687006 0.000000
L 5.374012 2.687006 2.687006
F 5.374012 5.374012 5.374012


0.000000	010
4

L 0.000000 0.000000 0.000000
F 2.687006 2.687006 0.000000
L 0.000000 5.374012 0.000000
F 2.687006 8.061017 0.000000


0.000000	000
4

L 0.000000 0.000000 0.000000
F 2.687006 2.687006 0.000000
L 5.374012 5.374012 0.000000
F 8.061017 8.061017 0.000000


0.000000	110
4

L 0.000000 0.000000 0.000000
F 2.687006 2.687006 0.000000
L 0.000000 5.374012 0.000000
F -2.687006 8.061017 0.000000


0.000000	440
4

L 0.000000 0.000000 0.000000
F 2.687006 2.687006 0.000000
L 5.374012 2.687006 2.687006
F 8.061017 2.687006 5.374012


0.000000	100
4

L 0.000000 0.000000 0.000000
F 2.687006 2.687006 0.000000
L 5.374012 5.374012 0.000000
F 2.687006 8.061017 0.000000


0.000000	210
4

L 0.000000 0.000000 0.000000
F 2.687006 2.687006 0.000000
L 0.000000 5.374012 0.000000
F 0.000000 8.061017 2.687006


0.000000	540
4

L 0.000000 0.000000 0.000000
F 2.687006 2.687006 0.000000
L 5.374012 2.687006 2.687006
F 8.061017 2.687006 0.000000


0.000000	200
4

L 0.000000 0.000000 0.000000
F 2.687006 2.687006 0.000000
L 5.374012 5.374012 0.000000
F 5.374012 8.061017 2.687006


0.000000	310
4

L 0.000000 0.000000 0.000000
F 2.687006 2.687006 0.000000
L 0.000000 5.374012 0.000000
F 0.000000 8.061017 -2.687006


0.000000	300
4

L 0.000000 0.000000 0.000000
F 2.687006 2.687006 0.000000
L 5.374012 5.374012 0.000000
F 5.374012 8.061017 -2.687006


0.000000	740
4

L 0.000000 0.000000 0.000000
F 2.687006 2.687006 0.000000
L 5.374012 2.687006 2.687006
F 8.061017 0.000000 2.687006


0.000000	400
4

L 0.000000 0.000000 0.000000
F 2.687006 2.687006 0.000000
L 5.374012 5.374012 0.000000
F 8.061017 5.374012 2.687006


0.000000	500
4

L 0.000000 0.000000 0.000000
F 2.687006 2.687006 0.000000
L 5.374012 5.374012 0.000000
F 8.061017 5.374012 -2.687006


0.000000	940
4

L 0.000000 0.000000 0.000000
F 2.687006 2.687006 0.000000
L 5.374012 2.687006 2.687006
F 5.374012 0.000000 5.374012


1000000000000.000000	000
4

L 0.000000 0.000000 0.000000
F 2.687006 2.687006 0.000000
L 5.374012 5.374012 0.000000
F 8.061017 8.061017 0.000000


1000000000000.000000	000
4

L 0.000000 0.000000 0.000000
F 2.687006 2.687006 0.000000
L 5.374012 5.374012 0.000000
F 8.061017 8.061017 0.000000


1000000000000.000000	000
4

L 0.000000 0.000000 0.000000
F 2.687006 2.687006 0.000000
L 5.374012 5.374012 0.000000
F 8.061017 8.061017 0.000000


1000000000000.000000	000
4

L 0.000000 0.000000 0.000000
F 2.687006 2.687006 0.000000
L 5.374012 5.374012 0.000000
F 8.061017 8.061017 0.000000


1000000000000.000000	000
4

L 0.000000 0.000000 0.000000
F 2.687006 2.687006 0.000000
L 5.374012 5.374012 0.000000
F 8.061017 8.061017 0.000000


1000000000000.000000	000
4

L 0.000000 0.000000 0.000000
F 2.687006 2.687006 0.000000
L 5.374012 5.374012 0.000000
F 8.061017 8.061017 0.000000


1000000000000.000000	000
4

L 0.000000 0.000000 0.000000
F 2.687006 2.687006 0.000000
L 5.374012 5.374012 0.000000
F 8.061017 8.061017 0.000000


