-18.910000	48b10
6

S 0.000000 0.000000 0.000000
N 2.687006 2.687006 0.000000
Q 0.000000 5.374012 0.000000
N -2.687006 5.374012 2.687006
N -2.687006 2.687006 0.000000
F 0.000000 2.687006 2.687006


-18.910000	59a10
6

S 0.000000 0.000000 0.000000
N 2.687006 2.687006 0.000000
Q 0.000000 5.374012 0.000000
N -2.687006 5.374012 -2.687006
N -2.687006 2.687006 0.000000
F 0.000000 2.687006 -2.687006


-18.910000	73610
6

S 0.000000 0.000000 0.000000
N 2.687006 2.687006 0.000000
Q 0.000000 5.374012 0.000000
N -2.687006 2.687006 0.000000
N -2.687006 5.374012 -2.687006
F 0.000000 2.687006 -2.687006


-18.910000	72610
6

S 0.000000 0.000000 0.000000
N 2.687006 2.687006 0.000000
Q 0.000000 5.374012 0.000000
N -2.687006 2.687006 0.000000
N -2.687006 5.374012 2.687006
F 0.000000 2.687006 2.687006


-18.880000	26840
6

S 0.000000 0.000000 0.000000
N 2.687006 2.687006 0.000000
Q 5.374012 2.687006 2.687006
N 5.374012 0.000000 0.000000
N 2.687006 -2.687006 0.000000
F 2.687006 0.000000 2.687006


-18.880000	7ab40
6

S 0.000000 0.000000 0.000000
N 2.687006 2.687006 0.000000
Q 5.374012 2.687006 2.687006
N 2.687006 2.687006 5.374012
N 0.000000 2.687006 2.687006
F 2.687006 0.000000 2.687006


-18.820000	908a0
6

S 0.000000 0.000000 0.000000
N 2.687006 2.687006 0.000000
Q 0.000000 2.687006 -2.687006
N 0.000000 0.000000 -5.374012
N 2.687006 2.687006 -5.374012
F 2.687006 0.000000 -2.687006


-18.820000	465a0
6

S 0.000000 0.000000 0.000000
N 2.687006 2.687006 0.000000
Q 0.000000 2.687006 -2.687006
N 2.687006 2.687006 -5.374012
N 0.000000 0.000000 -5.374012
F 2.687006 0.000000 -2.687006


-18.790000	645a0
6

S 0.000000 0.000000 0.000000
N 2.687006 2.687006 0.000000
Q 0.000000 2.687006 -2.687006
N 2.687006 2.687006 -5.374012
N 5.374012 2.687006 -2.687006
F 2.687006 0.000000 -2.687006


-18.780000	09610
6

S 0.000000 0.000000 0.000000
N 2.687006 2.687006 0.000000
Q 0.000000 5.374012 0.000000
N -2.687006 2.687006 0.000000
N -2.687006 0.000000 2.687006
F 0.000000 2.687006 2.687006


-18.780000	08610
6

S 0.000000 0.000000 0.000000
N 2.687006 2.687006 0.000000
Q 0.000000 5.374012 0.000000
N -2.687006 2.687006 0.000000
N -2.687006 0.000000 -2.687006
F 0.000000 2.687006 -2.687006


-18.690000	098a0
6

S 0.000000 0.000000 0.000000
N 2.687006 2.687006 0.000000
Q 0.000000 2.687006 -2.687006
N 0.000000 0.000000 -5.374012
N 0.000000 -2.687006 -2.687006
F 2.687006 0.000000 -2.687006


-18.420000	5a910
6

S 0.000000 0.000000 0.000000
N 2.687006 2.687006 0.000000
Q 0.000000 5.374012 0.000000
N 0.000000 2.687006 2.687006
N -2.687006 2.687006 0.000000
F 0.000000 2.687006 -2.687006


-18.420000	4b810
6

S 0.000000 0.000000 0.000000
N 2.687006 2.687006 0.000000
Q 0.000000 5.374012 0.000000
N 0.000000 2.687006 -2.687006
N -2.687006 2.687006 0.000000
F 0.000000 2.687006 2.687006


-18.300000	a92a0
6

S 0.000000 0.000000 0.000000
N 2.687006 2.687006 0.000000
Q 0.000000 2.687006 -2.687006
N 0.000000 5.374012 0.000000
N 0.000000 2.687006 2.687006
F -2.687006 2.687006 0.000000


-17.980000	90ba0
6

S 0.000000 0.000000 0.000000
N 2.687006 2.687006 0.000000
Q 0.000000 2.687006 -2.687006
N -2.687006 2.687006 0.000000
N 0.000000 5.374012 0.000000
F 0.000000 2.687006 2.687006


-17.980000	462a0
6

S 0.000000 0.000000 0.000000
N 2.687006 2.687006 0.000000
Q 0.000000 2.687006 -2.687006
N 0.000000 5.374012 0.000000
N -2.687006 2.687006 0.000000
F 0.000000 2.687006 2.687006


-17.930000	34ba0
6

S 0.000000 0.000000 0.000000
N 2.687006 2.687006 0.000000
Q 0.000000 2.687006 -2.687006
N -2.687006 2.687006 0.000000
N 0.000000 2.687006 2.687006
F 0.000000 5.374012 0.000000


-17.330000	81940
6

S 0.000000 0.000000 0.000000
N 2.687006 2.687006 0.000000
Q 5.374012 2.687006 2.687006
N 5.374012 0.000000 5.374012
N 2.687006 2.687006 5.374012
F 2.687006 0.000000 2.687006


-17.330000	a7b40
6

S 0.000000 0.000000 0.000000
N 2.687006 2.687006 0.000000
Q 5.374012 2.687006 2.687006
N 2.687006 2.687006 5.374012
N 5.374012 0.000000 5.374012
F 2.687006 0.000000 2.687006


-17.300000	8b410
6

S 0.000000 0.000000 0.000000
N 2.687006 2.687006 0.000000
Q 0.000000 5.374012 0.000000
N 2.687006 5.374012 2.687006
N 0.000000 5.374012 5.374012
F 0.000000 2.687006 2.687006


-17.300000	9a510
6

S 0.000000 0.000000 0.000000
N 2.687006 2.687006 0.000000
Q 0.000000 5.374012 0.000000
N 2.687006 5.374012 -2.687006
N 0.000000 5.374012 -5.374012
F 0.000000 2.687006 -2.687006


-17.300000	a9410
6

S 0.000000 0.000000 0.000000
N 2.687006 2.687006 0.000000
Q 0.000000 5.374012 0.000000
N 2.687006 5.374012 2.687006
N 2.687006 2.687006 5.374012
F 0.000000 2.687006 2.687006


-17.300000	b8510
6

S 0.000000 0.000000 0.000000
N 2.687006 2.687006 0.000000
Q 0.000000 5.374012 0.000000
N 2.687006 5.374012 -2.687006
N 2.687006 2.687006 -5.374012
F 0.000000 2.687006 -2.687006


-17.300000	19840
6

S 0.000000 0.000000 0.000000
N 2.687006 2.687006 0.000000
Q 5.374012 2.687006 2.687006
N 5.374012 0.000000 0.000000
N 5.374012 -2.687006 2.687006
F 2.687006 0.000000 2.687006


-17.110000	278a0
6

S 0.000000 0.000000 0.000000
N 2.687006 2.687006 0.000000
Q 0.000000 2.687006 -2.687006
N 0.000000 0.000000 -5.374012
N 2.687006 -2.687006 -5.374012
F 2.687006 0.000000 -2.687006


-17.110000	b75a0
6

S 0.000000 0.000000 0.000000
N 2.687006 2.687006 0.000000
Q 0.000000 2.687006 -2.687006
N 2.687006 2.687006 -5.374012
N 5.374012 0.000000 -5.374012
F 2.687006 0.000000 -2.687006


-16.840000	81910
6

S 0.000000 0.000000 0.000000
N 2.687006 2.687006 0.000000
Q 0.000000 5.374012 0.000000
N 0.000000 2.687006 2.687006
N -2.687006 5.374012 2.687006
F -2.687006 2.687006 0.000000


-16.840000	91810
6

S 0.000000 0.000000 0.000000
N 2.687006 2.687006 0.000000
Q 0.000000 5.374012 0.000000
N 0.000000 2.687006 -2.687006
N -2.687006 5.374012 -2.687006
F -2.687006 2.687006 0.000000


-16.840000	a7b10
6

S 0.000000 0.000000 0.000000
N 2.687006 2.687006 0.000000
Q 0.000000 5.374012 0.000000
N -2.687006 5.374012 2.687006
N 0.000000 2.687006 2.687006
F -2.687006 2.687006 0.000000


-16.840000	b7a10
6

S 0.000000 0.000000 0.000000
N 2.687006 2.687006 0.000000
Q 0.000000 5.374012 0.000000
N -2.687006 5.374012 -2.687006
N 0.000000 2.687006 -2.687006
F -2.687006 2.687006 0.000000


-16.810000	76140
6

S 0.000000 0.000000 0.000000
N 2.687006 2.687006 0.000000
Q 5.374012 2.687006 2.687006
N 2.687006 5.374012 2.687006
N 0.000000 2.687006 2.687006
F 2.687006 0.000000 2.687006


-16.750000	9a2a0
6

S 0.000000 0.000000 0.000000
N 2.687006 2.687006 0.000000
Q 0.000000 2.687006 -2.687006
N 0.000000 5.374012 0.000000
N -2.687006 5.374012 -2.687006
F -2.687006 2.687006 0.000000


-16.750000	980a0
6

S 0.000000 0.000000 0.000000
N 2.687006 2.687006 0.000000
Q 0.000000 2.687006 -2.687006
N 2.687006 5.374012 -2.687006
N 2.687006 2.687006 -5.374012
F 2.687006 0.000000 -2.687006


-16.750000	641a0
6

S 0.000000 0.000000 0.000000
N 2.687006 2.687006 0.000000
Q 0.000000 2.687006 -2.687006
N -2.687006 5.374012 -2.687006
N 0.000000 5.374012 0.000000
F -2.687006 2.687006 0.000000


-16.720000	670a0
6

S 0.000000 0.000000 0.000000
N 2.687006 2.687006 0.000000
Q 0.000000 2.687006 -2.687006
N 2.687006 5.374012 -2.687006
N 5.374012 2.687006 -2.687006
F 2.687006 0.000000 -2.687006


-16.710000	26810
6

S 0.000000 0.000000 0.000000
N 2.687006 2.687006 0.000000
Q 0.000000 5.374012 0.000000
N 0.000000 2.687006 -2.687006
N -2.687006 0.000000 -2.687006
F -2.687006 2.687006 0.000000


-16.710000	36910
6

S 0.000000 0.000000 0.000000
N 2.687006 2.687006 0.000000
Q 0.000000 5.374012 0.000000
N 0.000000 2.687006 2.687006
N -2.687006 0.000000 2.687006
F -2.687006 2.687006 0.000000


-16.650000	456a0
6

S 0.000000 0.000000 0.000000
N 2.687006 2.687006 0.000000
Q 0.000000 2.687006 -2.687006
N -2.687006 0.000000 -2.687006
N 0.000000 0.000000 -5.374012
F 2.687006 0.000000 -2.687006


-16.520000	076a0
6

S 0.000000 0.000000 0.000000
N 2.687006 2.687006 0.000000
Q 0.000000 2.687006 -2.687006
N -2.687006 0.000000 -2.687006
N 0.000000 -2.687006 -2.687006
F 2.687006 0.000000 -2.687006


-16.490000	a2640
6

S 0.000000 0.000000 0.000000
N 2.687006 2.687006 0.000000
Q 5.374012 2.687006 2.687006
N 2.687006 0.000000 2.687006
N 2.687006 2.687006 5.374012
F 0.000000 2.687006 2.687006


-16.490000	18b40
6

S 0.000000 0.000000 0.000000
N 2.687006 2.687006 0.000000
Q 5.374012 2.687006 2.687006
N 2.687006 2.687006 5.374012
N 2.687006 0.000000 2.687006
F 0.000000 2.687006 2.687006


-16.440000	08640
6

S 0.000000 0.000000 0.000000
N 2.687006 2.687006 0.000000
Q 5.374012 2.687006 2.687006
N 2.687006 0.000000 2.687006
N 2.687006 -2.687006 0.000000
F 5.374012 0.000000 0.000000


-16.380000	43ba0
6

S 0.000000 0.000000 0.000000
N 2.687006 2.687006 0.000000
Q 0.000000 2.687006 -2.687006
N -2.687006 2.687006 0.000000
N -2.687006 5.374012 -2.687006
F 0.000000 5.374012 0.000000


-16.380000	091a0
6

S 0.000000 0.000000 0.000000
N 2.687006 2.687006 0.000000
Q 0.000000 2.687006 -2.687006
N -2.687006 5.374012 -2.687006
N -2.687006 2.687006 0.000000
F 0.000000 5.374012 0.000000


-16.370000	642a0
6

S 0.000000 0.000000 0.000000
N 2.687006 2.687006 0.000000
Q 0.000000 2.687006 -2.687006
N 0.000000 5.374012 0.000000
N 2.687006 5.374012 2.687006
F 0.000000 2.687006 2.687006


-16.170000	09ba0
6

S 0.000000 0.000000 0.000000
N 2.687006 2.687006 0.000000
Q 0.000000 2.687006 -2.687006
N -2.687006 2.687006 0.000000
N -2.687006 0.000000 2.687006
F 0.000000 2.687006 2.687006


-15.620000	48a10
6

S 0.000000 0.000000 0.000000
N 2.687006 2.687006 0.000000
Q 0.000000 5.374012 0.000000
N -2.687006 5.374012 -2.687006
N -2.687006 2.687006 -5.374012
F 0.000000 2.687006 -2.687006


-15.620000	59b10
6

S 0.000000 0.000000 0.000000
N 2.687006 2.687006 0.000000
Q 0.000000 5.374012 0.000000
N -2.687006 5.374012 2.687006
N -2.687006 2.687006 5.374012
F 0.000000 2.687006 2.687006


-15.620000	36940
6

S 0.000000 0.000000 0.000000
N 2.687006 2.687006 0.000000
Q 5.374012 2.687006 2.687006
N 5.374012 0.000000 5.374012
N 2.687006 -2.687006 5.374012
F 2.687006 0.000000 2.687006


