-30.570000	a92a0
6

K 0.000000 0.000000 0.000000
L 2.687006 2.687006 0.000000
V 0.000000 2.687006 -2.687006
F 0.000000 5.374012 0.000000
F 0.000000 2.687006 2.687006
A -2.687006 2.687006 0.000000


-30.550000	5a910
6

K 0.000000 0.000000 0.000000
L 2.687006 2.687006 0.000000
V 0.000000 5.374012 0.000000
F 0.000000 2.687006 2.687006
F -2.687006 2.687006 0.000000
A 0.000000 2.687006 -2.687006


-30.550000	4b810
6

K 0.000000 0.000000 0.000000
L 2.687006 2.687006 0.000000
V 0.000000 5.374012 0.000000
F 0.000000 2.687006 -2.687006
F -2.687006 2.687006 0.000000
A 0.000000 2.687006 2.687006


-30.450000	90ba0
6

K 0.000000 0.000000 0.000000
L 2.687006 2.687006 0.000000
V 0.000000 2.687006 -2.687006
F -2.687006 2.687006 0.000000
F 0.000000 5.374012 0.000000
A 0.000000 2.687006 2.687006


-30.450000	462a0
6

K 0.000000 0.000000 0.000000
L 2.687006 2.687006 0.000000
V 0.000000 2.687006 -2.687006
F 0.000000 5.374012 0.000000
F -2.687006 2.687006 0.000000
A 0.000000 2.687006 2.687006


-30.430000	76510
6

K 0.000000 0.000000 0.000000
L 2.687006 2.687006 0.000000
V 0.000000 5.374012 0.000000
F 2.687006 5.374012 -2.687006
F 0.000000 2.687006 -2.687006
A 2.687006 0.000000 -2.687006


-30.430000	76410
6

K 0.000000 0.000000 0.000000
L 2.687006 2.687006 0.000000
V 0.000000 5.374012 0.000000
F 2.687006 5.374012 2.687006
F 0.000000 2.687006 2.687006
A 2.687006 0.000000 2.687006


-30.430000	1b840
6

K 0.000000 0.000000 0.000000
L 2.687006 2.687006 0.000000
V 5.374012 2.687006 2.687006
F 5.374012 0.000000 0.000000
F 2.687006 0.000000 2.687006
A 0.000000 2.687006 2.687006


-30.430000	a5640
6

K 0.000000 0.000000 0.000000
L 2.687006 2.687006 0.000000
V 5.374012 2.687006 2.687006
F 2.687006 0.000000 2.687006
F 5.374012 0.000000 0.000000
A 2.687006 0.000000 -2.687006


-30.330000	8b840
6

K 0.000000 0.000000 0.000000
L 2.687006 2.687006 0.000000
V 5.374012 2.687006 2.687006
F 5.374012 0.000000 0.000000
F 2.687006 0.000000 2.687006
A 2.687006 -2.687006 0.000000


-30.330000	65640
6

K 0.000000 0.000000 0.000000
L 2.687006 2.687006 0.000000
V 5.374012 2.687006 2.687006
F 2.687006 0.000000 2.687006
F 5.374012 0.000000 0.000000
A 2.687006 -2.687006 0.000000


-30.250000	34ba0
6

K 0.000000 0.000000 0.000000
L 2.687006 2.687006 0.000000
V 0.000000 2.687006 -2.687006
F -2.687006 2.687006 0.000000
F 0.000000 2.687006 2.687006
A 0.000000 5.374012 0.000000


-30.230000	01640
6

K 0.000000 0.000000 0.000000
L 2.687006 2.687006 0.000000
V 5.374012 2.687006 2.687006
F 2.687006 0.000000 2.687006
F 0.000000 2.687006 2.687006
A 2.687006 5.374012 2.687006


-30.130000	907a0
6

K 0.000000 0.000000 0.000000
L 2.687006 2.687006 0.000000
V 0.000000 2.687006 -2.687006
F 2.687006 0.000000 -2.687006
F 5.374012 2.687006 -2.687006
A 5.374012 0.000000 0.000000


-30.130000	347a0
6

K 0.000000 0.000000 0.000000
L 2.687006 2.687006 0.000000
V 0.000000 2.687006 -2.687006
F 2.687006 0.000000 -2.687006
F 5.374012 0.000000 0.000000
A 5.374012 2.687006 -2.687006


-30.130000	41640
6

K 0.000000 0.000000 0.000000
L 2.687006 2.687006 0.000000
V 5.374012 2.687006 2.687006
F 2.687006 0.000000 2.687006
F 0.000000 2.687006 2.687006
A 2.687006 2.687006 5.374012


-30.130000	092a0
6

K 0.000000 0.000000 0.000000
L 2.687006 2.687006 0.000000
V 0.000000 2.687006 -2.687006
F 0.000000 5.374012 0.000000
F 0.000000 2.687006 2.687006
A 2.687006 5.374012 2.687006


-29.560000	9b0a0
6

K 0.000000 0.000000 0.000000
L 2.687006 2.687006 0.000000
V 0.000000 2.687006 -2.687006
F 2.687006 5.374012 -2.687006
F 0.000000 5.374012 0.000000
A 0.000000 2.687006 2.687006


-29.560000	a6410
6

K 0.000000 0.000000 0.000000
L 2.687006 2.687006 0.000000
V 0.000000 5.374012 0.000000
F 2.687006 5.374012 2.687006
F 0.000000 2.687006 2.687006
A -2.687006 2.687006 0.000000


-29.560000	b6510
6

K 0.000000 0.000000 0.000000
L 2.687006 2.687006 0.000000
V 0.000000 5.374012 0.000000
F 2.687006 5.374012 -2.687006
F 0.000000 2.687006 -2.687006
A -2.687006 2.687006 0.000000


-29.360000	107a0
6

K 0.000000 0.000000 0.000000
L 2.687006 2.687006 0.000000
V 0.000000 2.687006 -2.687006
F 2.687006 0.000000 -2.687006
F 5.374012 2.687006 -2.687006
A 2.687006 5.374012 -2.687006


-29.260000	a07a0
6

K 0.000000 0.000000 0.000000
L 2.687006 2.687006 0.000000
V 0.000000 2.687006 -2.687006
F 2.687006 0.000000 -2.687006
F 5.374012 2.687006 -2.687006
A 2.687006 2.687006 -5.374012


-29.240000	05610
6

K 0.000000 0.000000 0.000000
L 2.687006 2.687006 0.000000
V 0.000000 5.374012 0.000000
F -2.687006 2.687006 0.000000
F 0.000000 2.687006 -2.687006
A 2.687006 5.374012 -2.687006


-29.240000	04610
6

K 0.000000 0.000000 0.000000
L 2.687006 2.687006 0.000000
V 0.000000 5.374012 0.000000
F -2.687006 2.687006 0.000000
F 0.000000 2.687006 2.687006
A 2.687006 5.374012 2.687006


-29.140000	15610
6

K 0.000000 0.000000 0.000000
L 2.687006 2.687006 0.000000
V 0.000000 5.374012 0.000000
F -2.687006 2.687006 0.000000
F 0.000000 2.687006 -2.687006
A -2.687006 5.374012 -2.687006


-29.140000	14610
6

K 0.000000 0.000000 0.000000
L 2.687006 2.687006 0.000000
V 0.000000 5.374012 0.000000
F -2.687006 2.687006 0.000000
F 0.000000 2.687006 2.687006
A -2.687006 5.374012 2.687006


-29.140000	437a0
6

K 0.000000 0.000000 0.000000
L 2.687006 2.687006 0.000000
V 0.000000 2.687006 -2.687006
F 2.687006 0.000000 -2.687006
F 2.687006 2.687006 -5.374012
A 5.374012 2.687006 -2.687006


-29.140000	095a0
6

K 0.000000 0.000000 0.000000
L 2.687006 2.687006 0.000000
V 0.000000 2.687006 -2.687006
F 2.687006 2.687006 -5.374012
F 2.687006 0.000000 -2.687006
A 5.374012 2.687006 -2.687006


-29.140000	2a910
6

K 0.000000 0.000000 0.000000
L 2.687006 2.687006 0.000000
V 0.000000 5.374012 0.000000
F 0.000000 2.687006 2.687006
F -2.687006 2.687006 0.000000
A -2.687006 5.374012 2.687006


-29.140000	3b810
6

K 0.000000 0.000000 0.000000
L 2.687006 2.687006 0.000000
V 0.000000 5.374012 0.000000
F 0.000000 2.687006 -2.687006
F -2.687006 2.687006 0.000000
A -2.687006 5.374012 -2.687006


-29.120000	70910
6

K 0.000000 0.000000 0.000000
L 2.687006 2.687006 0.000000
V 0.000000 5.374012 0.000000
F 0.000000 2.687006 2.687006
F 2.687006 5.374012 2.687006
A 5.374012 2.687006 2.687006


-29.120000	70810
6

K 0.000000 0.000000 0.000000
L 2.687006 2.687006 0.000000
V 0.000000 5.374012 0.000000
F 0.000000 2.687006 -2.687006
F 2.687006 5.374012 -2.687006
A 5.374012 2.687006 -2.687006


-29.120000	35640
6

K 0.000000 0.000000 0.000000
L 2.687006 2.687006 0.000000
V 5.374012 2.687006 2.687006
F 2.687006 0.000000 2.687006
F 5.374012 0.000000 0.000000
A 5.374012 2.687006 -2.687006


-29.120000	40810
6

K 0.000000 0.000000 0.000000
L 2.687006 2.687006 0.000000
V 0.000000 5.374012 0.000000
F 0.000000 2.687006 -2.687006
F 2.687006 5.374012 -2.687006
A 5.374012 5.374012 0.000000


-29.120000	50910
6

K 0.000000 0.000000 0.000000
L 2.687006 2.687006 0.000000
V 0.000000 5.374012 0.000000
F 0.000000 2.687006 2.687006
F 2.687006 5.374012 2.687006
A 5.374012 5.374012 0.000000


-29.020000	26410
6

K 0.000000 0.000000 0.000000
L 2.687006 2.687006 0.000000
V 0.000000 5.374012 0.000000
F 2.687006 5.374012 2.687006
F 0.000000 2.687006 2.687006
A 0.000000 5.374012 5.374012


-29.020000	7b840
6

K 0.000000 0.000000 0.000000
L 2.687006 2.687006 0.000000
V 5.374012 2.687006 2.687006
F 5.374012 0.000000 0.000000
F 2.687006 0.000000 2.687006
A 5.374012 -2.687006 2.687006


-29.020000	80810
6

K 0.000000 0.000000 0.000000
L 2.687006 2.687006 0.000000
V 0.000000 5.374012 0.000000
F 0.000000 2.687006 -2.687006
F 2.687006 5.374012 -2.687006
A 2.687006 2.687006 -5.374012


-29.020000	36510
6

K 0.000000 0.000000 0.000000
L 2.687006 2.687006 0.000000
V 0.000000 5.374012 0.000000
F 2.687006 5.374012 -2.687006
F 0.000000 2.687006 -2.687006
A 0.000000 5.374012 -5.374012


-29.020000	90910
6

K 0.000000 0.000000 0.000000
L 2.687006 2.687006 0.000000
V 0.000000 5.374012 0.000000
F 0.000000 2.687006 2.687006
F 2.687006 5.374012 2.687006
A 2.687006 2.687006 5.374012


-29.020000	46410
6

K 0.000000 0.000000 0.000000
L 2.687006 2.687006 0.000000
V 0.000000 5.374012 0.000000
F 2.687006 5.374012 2.687006
F 0.000000 2.687006 2.687006
A 2.687006 2.687006 5.374012


-29.020000	a0810
6

K 0.000000 0.000000 0.000000
L 2.687006 2.687006 0.000000
V 0.000000 5.374012 0.000000
F 0.000000 2.687006 -2.687006
F 2.687006 5.374012 -2.687006
A 0.000000 5.374012 -5.374012


-29.020000	56510
6

K 0.000000 0.000000 0.000000
L 2.687006 2.687006 0.000000
V 0.000000 5.374012 0.000000
F 2.687006 5.374012 -2.687006
F 0.000000 2.687006 -2.687006
A 2.687006 2.687006 -5.374012


-29.020000	b0910
6

K 0.000000 0.000000 0.000000
L 2.687006 2.687006 0.000000
V 0.000000 5.374012 0.000000
F 0.000000 2.687006 2.687006
F 2.687006 5.374012 2.687006
A 0.000000 5.374012 5.374012


-29.020000	95640
6

K 0.000000 0.000000 0.000000
L 2.687006 2.687006 0.000000
V 5.374012 2.687006 2.687006
F 2.687006 0.000000 2.687006
F 5.374012 0.000000 0.000000
A 5.374012 -2.687006 2.687006


-28.690000	6b0a0
6

K 0.000000 0.000000 0.000000
L 2.687006 2.687006 0.000000
V 0.000000 2.687006 -2.687006
F 2.687006 5.374012 -2.687006
F 0.000000 5.374012 0.000000
A -2.687006 2.687006 0.000000


-28.370000	237a0
6

K 0.000000 0.000000 0.000000
L 2.687006 2.687006 0.000000
V 0.000000 2.687006 -2.687006
F 2.687006 0.000000 -2.687006
F 2.687006 2.687006 -5.374012
A 2.687006 5.374012 -2.687006


-28.370000	50ba0
6

K 0.000000 0.000000 0.000000
L 2.687006 2.687006 0.000000
V 0.000000 2.687006 -2.687006
F -2.687006 2.687006 0.000000
F 0.000000 5.374012 0.000000
A 2.687006 5.374012 -2.687006


-28.270000	362a0
6

K 0.000000 0.000000 0.000000
L 2.687006 2.687006 0.000000
V 0.000000 2.687006 -2.687006
F 0.000000 5.374012 0.000000
F -2.687006 2.687006 0.000000
A -2.687006 5.374012 -2.687006


-28.270000	a0ba0
6

K 0.000000 0.000000 0.000000
L 2.687006 2.687006 0.000000
V 0.000000 2.687006 -2.687006
F -2.687006 2.687006 0.000000
F 0.000000 5.374012 0.000000
A -2.687006 5.374012 -2.687006


