-24.970000	3498a0
7

G 0.000000 0.000000 0.000000
S 2.687006 2.687006 0.000000
N 0.000000 2.687006 -2.687006
Q 0.000000 0.000000 -5.374012
N 0.000000 -2.687006 -2.687006
N 2.687006 -2.687006 0.000000
F 2.687006 0.000000 -2.687006


-24.940000	2598a0
7

G 0.000000 0.000000 0.000000
S 2.687006 2.687006 0.000000
N 0.000000 2.687006 -2.687006
Q 0.000000 0.000000 -5.374012
N 0.000000 -2.687006 -2.687006
N 2.687006 -2.687006 -5.374012
F 2.687006 0.000000 -2.687006


-24.940000	0b78a0
7

G 0.000000 0.000000 0.000000
S 2.687006 2.687006 0.000000
N 0.000000 2.687006 -2.687006
Q 0.000000 0.000000 -5.374012
N 2.687006 -2.687006 -5.374012
N 0.000000 -2.687006 -2.687006
F 2.687006 0.000000 -2.687006


-24.910000	098b10
7

G 0.000000 0.000000 0.000000
S 2.687006 2.687006 0.000000
N 0.000000 5.374012 0.000000
Q -2.687006 5.374012 2.687006
N -2.687006 2.687006 0.000000
N -2.687006 0.000000 2.687006
F 0.000000 2.687006 2.687006


-24.910000	0965a0
7

G 0.000000 0.000000 0.000000
S 2.687006 2.687006 0.000000
N 0.000000 2.687006 -2.687006
Q 2.687006 2.687006 -5.374012
N 0.000000 0.000000 -5.374012
N 0.000000 -2.687006 -2.687006
F 2.687006 0.000000 -2.687006


-24.910000	089a10
7

G 0.000000 0.000000 0.000000
S 2.687006 2.687006 0.000000
N 0.000000 5.374012 0.000000
Q -2.687006 5.374012 -2.687006
N -2.687006 2.687006 0.000000
N -2.687006 0.000000 -2.687006
F 0.000000 2.687006 -2.687006


-24.780000	59ab40
7

G 0.000000 0.000000 0.000000
S 2.687006 2.687006 0.000000
N 5.374012 2.687006 2.687006
Q 2.687006 2.687006 5.374012
N 0.000000 2.687006 2.687006
N 0.000000 0.000000 5.374012
F 2.687006 0.000000 2.687006


-24.780000	b845a0
7

G 0.000000 0.000000 0.000000
S 2.687006 2.687006 0.000000
N 0.000000 2.687006 -2.687006
Q 2.687006 2.687006 -5.374012
N 5.374012 2.687006 -2.687006
N 5.374012 0.000000 -5.374012
F 2.687006 0.000000 -2.687006


-24.780000	6275a0
7

G 0.000000 0.000000 0.000000
S 2.687006 2.687006 0.000000
N 0.000000 2.687006 -2.687006
Q 2.687006 2.687006 -5.374012
N 5.374012 0.000000 -5.374012
N 5.374012 2.687006 -2.687006
F 2.687006 0.000000 -2.687006


-24.780000	736b40
7

G 0.000000 0.000000 0.000000
S 2.687006 2.687006 0.000000
N 5.374012 2.687006 2.687006
Q 2.687006 2.687006 5.374012
N 0.000000 0.000000 5.374012
N 0.000000 2.687006 2.687006
F 2.687006 0.000000 2.687006


-24.970000	3498a0
7

G 0.000000 0.000000 0.000000
S 2.687006 2.687006 0.000000
N 0.000000 2.687006 -2.687006
Q 0.000000 0.000000 -5.374012
N 0.000000 -2.687006 -2.687006
N 2.687006 -2.687006 0.000000
F 2.687006 0.000000 -2.687006


-24.940000	2598a0
7

G 0.000000 0.000000 0.000000
S 2.687006 2.687006 0.000000
N 0.000000 2.687006 -2.687006
Q 0.000000 0.000000 -5.374012
N 0.000000 -2.687006 -2.687006
N 2.687006 -2.687006 -5.374012
F 2.687006 0.000000 -2.687006


-24.940000	0b78a0
7

G 0.000000 0.000000 0.000000
S 2.687006 2.687006 0.000000
N 0.000000 2.687006 -2.687006
Q 0.000000 0.000000 -5.374012
N 2.687006 -2.687006 -5.374012
N 0.000000 -2.687006 -2.687006
F 2.687006 0.000000 -2.687006


-24.910000	098b10
7

G 0.000000 0.000000 0.000000
S 2.687006 2.687006 0.000000
N 0.000000 5.374012 0.000000
Q -2.687006 5.374012 2.687006
N -2.687006 2.687006 0.000000
N -2.687006 0.000000 2.687006
F 0.000000 2.687006 2.687006


-24.910000	0965a0
7

G 0.000000 0.000000 0.000000
S 2.687006 2.687006 0.000000
N 0.000000 2.687006 -2.687006
Q 2.687006 2.687006 -5.374012
N 0.000000 0.000000 -5.374012
N 0.000000 -2.687006 -2.687006
F 2.687006 0.000000 -2.687006


-24.910000	089a10
7

G 0.000000 0.000000 0.000000
S 2.687006 2.687006 0.000000
N 0.000000 5.374012 0.000000
Q -2.687006 5.374012 -2.687006
N -2.687006 2.687006 0.000000
N -2.687006 0.000000 -2.687006
F 0.000000 2.687006 -2.687006


-24.780000	59ab40
7

G 0.000000 0.000000 0.000000
S 2.687006 2.687006 0.000000
N 5.374012 2.687006 2.687006
Q 2.687006 2.687006 5.374012
N 0.000000 2.687006 2.687006
N 0.000000 0.000000 5.374012
F 2.687006 0.000000 2.687006


-24.780000	b845a0
7

G 0.000000 0.000000 0.000000
S 2.687006 2.687006 0.000000
N 0.000000 2.687006 -2.687006
Q 2.687006 2.687006 -5.374012
N 5.374012 2.687006 -2.687006
N 5.374012 0.000000 -5.374012
F 2.687006 0.000000 -2.687006


-24.780000	6275a0
7

G 0.000000 0.000000 0.000000
S 2.687006 2.687006 0.000000
N 0.000000 2.687006 -2.687006
Q 2.687006 2.687006 -5.374012
N 5.374012 0.000000 -5.374012
N 5.374012 2.687006 -2.687006
F 2.687006 0.000000 -2.687006


-24.780000	736b40
7

G 0.000000 0.000000 0.000000
S 2.687006 2.687006 0.000000
N 5.374012 2.687006 2.687006
Q 2.687006 2.687006 5.374012
N 0.000000 0.000000 5.374012
N 0.000000 2.687006 2.687006
F 2.687006 0.000000 2.687006


-24.750000	7a1940
7

G 0.000000 0.000000 0.000000
S 2.687006 2.687006 0.000000
N 5.374012 2.687006 2.687006
Q 5.374012 0.000000 5.374012
N 2.687006 2.687006 5.374012
N 0.000000 2.687006 2.687006
F 2.687006 0.000000 2.687006


-24.750000	6408a0
7

G 0.000000 0.000000 0.000000
S 2.687006 2.687006 0.000000
N 0.000000 2.687006 -2.687006
Q 0.000000 0.000000 -5.374012
N 2.687006 2.687006 -5.374012
N 5.374012 2.687006 -2.687006
F 2.687006 0.000000 -2.687006


-24.720000	0b6840
7

G 0.000000 0.000000 0.000000
S 2.687006 2.687006 0.000000
N 5.374012 2.687006 2.687006
Q 5.374012 0.000000 0.000000
N 2.687006 -2.687006 0.000000
N 0.000000 -2.687006 2.687006
F 2.687006 0.000000 2.687006


-24.690000	146840
7

G 0.000000 0.000000 0.000000
S 2.687006 2.687006 0.000000
N 5.374012 2.687006 2.687006
Q 5.374012 0.000000 0.000000
N 2.687006 -2.687006 0.000000
N 5.374012 -2.687006 2.687006
F 2.687006 0.000000 2.687006


-24.690000	2a9840
7

G 0.000000 0.000000 0.000000
S 2.687006 2.687006 0.000000
N 5.374012 2.687006 2.687006
Q 5.374012 0.000000 0.000000
N 5.374012 -2.687006 2.687006
N 2.687006 -2.687006 0.000000
F 2.687006 0.000000 2.687006


-24.650000	a945a0
7

G 0.000000 0.000000 0.000000
S 2.687006 2.687006 0.000000
N 0.000000 2.687006 -2.687006
Q 2.687006 2.687006 -5.374012
N 5.374012 2.687006 -2.687006
N 5.374012 0.000000 0.000000
F 2.687006 0.000000 -2.687006


-24.610000	07b8a0
7

G 0.000000 0.000000 0.000000
S 2.687006 2.687006 0.000000
N 0.000000 2.687006 -2.687006
Q 0.000000 0.000000 -5.374012
N -2.687006 0.000000 -2.687006
N 0.000000 -2.687006 -2.687006
F 2.687006 0.000000 -2.687006


-24.560000	198510
7

G 0.000000 0.000000 0.000000
S 2.687006 2.687006 0.000000
N 0.000000 5.374012 0.000000
Q 2.687006 5.374012 -2.687006
N 2.687006 2.687006 -5.374012
N 2.687006 0.000000 -2.687006
F 0.000000 2.687006 -2.687006


-24.560000	189410
7

G 0.000000 0.000000 0.000000
S 2.687006 2.687006 0.000000
N 0.000000 5.374012 0.000000
Q 2.687006 5.374012 2.687006
N 2.687006 2.687006 5.374012
N 2.687006 0.000000 2.687006
F 0.000000 2.687006 2.687006


-24.390000	0962a0
7

G 0.000000 0.000000 0.000000
S 2.687006 2.687006 0.000000
N 0.000000 2.687006 -2.687006
Q 0.000000 5.374012 0.000000
N -2.687006 2.687006 0.000000
N -2.687006 0.000000 2.687006
F 0.000000 2.687006 2.687006


-24.370000	7b0ba0
7

G 0.000000 0.000000 0.000000
S 2.687006 2.687006 0.000000
N 0.000000 2.687006 -2.687006
Q -2.687006 2.687006 0.000000
N 0.000000 5.374012 0.000000
N -2.687006 5.374012 2.687006
F 0.000000 2.687006 2.687006


-24.370000	952ba0
7

G 0.000000 0.000000 0.000000
S 2.687006 2.687006 0.000000
N 0.000000 2.687006 -2.687006
Q -2.687006 2.687006 0.000000
N -2.687006 5.374012 2.687006
N 0.000000 5.374012 0.000000
F 0.000000 2.687006 2.687006


-24.360000	48b2a0
7

G 0.000000 0.000000 0.000000
S 2.687006 2.687006 0.000000
N 0.000000 2.687006 -2.687006
Q 0.000000 5.374012 0.000000
N -2.687006 5.374012 2.687006
N -2.687006 2.687006 0.000000
F 0.000000 2.687006 2.687006


-24.360000	7262a0
7

G 0.000000 0.000000 0.000000
S 2.687006 2.687006 0.000000
N 0.000000 2.687006 -2.687006
Q 0.000000 5.374012 0.000000
N -2.687006 2.687006 0.000000
N -2.687006 5.374012 2.687006
F 0.000000 2.687006 2.687006


-24.290000	6725a0
7

G 0.000000 0.000000 0.000000
S 2.687006 2.687006 0.000000
N 0.000000 2.687006 -2.687006
Q 2.687006 2.687006 -5.374012
N 2.687006 5.374012 -2.687006
N 5.374012 2.687006 -2.687006
F 2.687006 0.000000 -2.687006


-24.290000	763b40
7

G 0.000000 0.000000 0.000000
S 2.687006 2.687006 0.000000
N 5.374012 2.687006 2.687006
Q 2.687006 2.687006 5.374012
N 2.687006 5.374012 2.687006
N 0.000000 2.687006 2.687006
F 2.687006 0.000000 2.687006


-24.260000	29a840
7

G 0.000000 0.000000 0.000000
S 2.687006 2.687006 0.000000
N 5.374012 2.687006 2.687006
Q 5.374012 0.000000 0.000000
N 2.687006 0.000000 -2.687006
N 2.687006 -2.687006 0.000000
F 2.687006 0.000000 2.687006


-24.240000	640ba0
7

G 0.000000 0.000000 0.000000
S 2.687006 2.687006 0.000000
N 0.000000 2.687006 -2.687006
Q -2.687006 2.687006 0.000000
N 0.000000 5.374012 0.000000
N 2.687006 5.374012 2.687006
F 0.000000 2.687006 2.687006


-24.180000	4376a0
7

G 0.000000 0.000000 0.000000
S 2.687006 2.687006 0.000000
N 0.000000 2.687006 -2.687006
Q -2.687006 0.000000 -2.687006
N 0.000000 -2.687006 -2.687006
N 0.000000 0.000000 -5.374012
F 2.687006 0.000000 -2.687006


-24.180000	0956a0
7

G 0.000000 0.000000 0.000000
S 2.687006 2.687006 0.000000
N 0.000000 2.687006 -2.687006
Q -2.687006 0.000000 -2.687006
N 0.000000 0.000000 -5.374012
N 0.000000 -2.687006 -2.687006
F 2.687006 0.000000 -2.687006


-24.170000	189140
7

G 0.000000 0.000000 0.000000
S 2.687006 2.687006 0.000000
N 5.374012 2.687006 2.687006
Q 2.687006 5.374012 2.687006
N 2.687006 2.687006 5.374012
N 2.687006 0.000000 2.687006
F 0.000000 2.687006 2.687006


-24.100000	3491a0
7

G 0.000000 0.000000 0.000000
S 2.687006 2.687006 0.000000
N 0.000000 2.687006 -2.687006
Q -2.687006 5.374012 -2.687006
N -2.687006 2.687006 0.000000
N 0.000000 2.687006 2.687006
F 0.000000 5.374012 0.000000


-24.090000	632640
7

G 0.000000 0.000000 0.000000
S 2.687006 2.687006 0.000000
N 5.374012 2.687006 2.687006
Q 2.687006 0.000000 2.687006
N 2.687006 2.687006 5.374012
N 2.687006 5.374012 2.687006
F 0.000000 2.687006 2.687006


-24.050000	372ba0
7

G 0.000000 0.000000 0.000000
S 2.687006 2.687006 0.000000
N 0.000000 2.687006 -2.687006
Q -2.687006 2.687006 0.000000
N -2.687006 5.374012 2.687006
N 0.000000 2.687006 2.687006
F 0.000000 5.374012 0.000000


-24.050000	a941a0
7

G 0.000000 0.000000 0.000000
S 2.687006 2.687006 0.000000
N 0.000000 2.687006 -2.687006
Q -2.687006 5.374012 -2.687006
N 0.000000 5.374012 0.000000
N 0.000000 2.687006 2.687006
F -2.687006 2.687006 0.000000


-24.050000	514ba0
7

G 0.000000 0.000000 0.000000
S 2.687006 2.687006 0.000000
N 0.000000 2.687006 -2.687006
Q -2.687006 2.687006 0.000000
N 0.000000 2.687006 2.687006
N -2.687006 5.374012 2.687006
F 0.000000 5.374012 0.000000


-24.020000	3692a0
7

G 0.000000 0.000000 0.000000
S 2.687006 2.687006 0.000000
N 0.000000 2.687006 -2.687006
Q 0.000000 5.374012 0.000000
N 0.000000 2.687006 2.687006
N -2.687006 0.000000 2.687006
F -2.687006 2.687006 0.000000


-23.990000	8192a0
7

G 0.000000 0.000000 0.000000
S 2.687006 2.687006 0.000000
N 0.000000 2.687006 -2.687006
Q 0.000000 5.374012 0.000000
N 0.000000 2.687006 2.687006
N -2.687006 5.374012 2.687006
F -2.687006 2.687006 0.000000


-23.990000	a7b2a0
7

G 0.000000 0.000000 0.000000
S 2.687006 2.687006 0.000000
N 0.000000 2.687006 -2.687006
Q 0.000000 5.374012 0.000000
N -2.687006 5.374012 2.687006
N 0.000000 2.687006 2.687006
F -2.687006 2.687006 0.000000


-23.960000	09b810
7

G 0.000000 0.000000 0.000000
S 2.687006 2.687006 0.000000
N 0.000000 5.374012 0.000000
Q 0.000000 2.687006 -2.687006
N -2.687006 2.687006 0.000000
N -2.687006 0.000000 2.687006
F 0.000000 2.687006 2.687006


-23.960000	08a910
7

G 0.000000 0.000000 0.000000
S 2.687006 2.687006 0.000000
N 0.000000 5.374012 0.000000
Q 0.000000 2.687006 2.687006
N -2.687006 2.687006 0.000000
N -2.687006 0.000000 -2.687006
F 0.000000 2.687006 -2.687006


-23.920000	a04ba0
7

G 0.000000 0.000000 0.000000
S 2.687006 2.687006 0.000000
N 0.000000 2.687006 -2.687006
Q -2.687006 2.687006 0.000000
N 0.000000 2.687006 2.687006
N 2.687006 5.374012 2.687006
F 0.000000 5.374012 0.000000


-23.900000	73a910
7

G 0.000000 0.000000 0.000000
S 2.687006 2.687006 0.000000
N 0.000000 5.374012 0.000000
Q 0.000000 2.687006 2.687006
N -2.687006 2.687006 0.000000
N -2.687006 5.374012 -2.687006
F 0.000000 2.687006 -2.687006


-23.900000	72b810
7

G 0.000000 0.000000 0.000000
S 2.687006 2.687006 0.000000
N 0.000000 5.374012 0.000000
Q 0.000000 2.687006 -2.687006
N -2.687006 2.687006 0.000000
N -2.687006 5.374012 2.687006
F 0.000000 2.687006 2.687006


-23.850000	7a9140
7

G 0.000000 0.000000 0.000000
S 2.687006 2.687006 0.000000
N 5.374012 2.687006 2.687006
Q 2.687006 5.374012 2.687006
N 2.687006 2.687006 5.374012
N 0.000000 2.687006 2.687006
F 2.687006 0.000000 2.687006


-23.850000	9a70a0
7

G 0.000000 0.000000 0.000000
S 2.687006 2.687006 0.000000
N 0.000000 2.687006 -2.687006
Q 2.687006 5.374012 -2.687006
N 5.374012 2.687006 -2.687006
N 2.687006 2.687006 -5.374012
F 2.687006 0.000000 -2.687006


-23.850000	6480a0
7

G 0.000000 0.000000 0.000000
S 2.687006 2.687006 0.000000
N 0.000000 2.687006 -2.687006
Q 2.687006 5.374012 -2.687006
N 2.687006 2.687006 -5.374012
N 5.374012 2.687006 -2.687006
F 2.687006 0.000000 -2.687006


-23.850000	846140
7

G 0.000000 0.000000 0.000000
S 2.687006 2.687006 0.000000
N 5.374012 2.687006 2.687006
Q 2.687006 5.374012 2.687006
N 0.000000 2.687006 2.687006
N 2.687006 2.687006 5.374012
F 2.687006 0.000000 2.687006


-23.830000	438640
7

G 0.000000 0.000000 0.000000
S 2.687006 2.687006 0.000000
N 5.374012 2.687006 2.687006
Q 2.687006 0.000000 2.687006
N 2.687006 -2.687006 0.000000
N 2.687006 0.000000 -2.687006
F 5.374012 0.000000 0.000000


-23.170000	2765a0
7

G 0.000000 0.000000 0.000000
S 2.687006 2.687006 0.000000
N 0.000000 2.687006 -2.687006
Q 2.687006 2.687006 -5.374012
N 0.000000 0.000000 -5.374012
N 2.687006 -2.687006 -5.374012
F 2.687006 0.000000 -2.687006


