-47.840000	307b8a0
8

Y 0.000000 0.000000 0.000000
Q 2.687006 2.687006 0.000000
F 0.000000 2.687006 -2.687006
W 0.000000 0.000000 -5.374012
K -2.687006 0.000000 -2.687006
N 0.000000 -2.687006 -2.687006
F 2.687006 0.000000 -2.687006
Q 2.687006 2.687006 -5.374012


-46.530000	05167a0
8

Y 0.000000 0.000000 0.000000
Q 2.687006 2.687006 0.000000
F 0.000000 2.687006 -2.687006
W 2.687006 0.000000 -2.687006
K 0.000000 -2.687006 -2.687006
N -2.687006 0.000000 -2.687006
F 0.000000 0.000000 -5.374012
Q 2.687006 2.687006 -5.374012


-46.200000	2b367a0
8

Y 0.000000 0.000000 0.000000
Q 2.687006 2.687006 0.000000
F 0.000000 2.687006 -2.687006
W 2.687006 0.000000 -2.687006
K 0.000000 -2.687006 -2.687006
N 0.000000 0.000000 -5.374012
F -2.687006 0.000000 -2.687006
Q -2.687006 2.687006 0.000000


-45.970000	219a7a0
8

Y 0.000000 0.000000 0.000000
Q 2.687006 2.687006 0.000000
F 0.000000 2.687006 -2.687006
W 2.687006 0.000000 -2.687006
K 0.000000 0.000000 -5.374012
N 0.000000 -2.687006 -2.687006
F -2.687006 0.000000 -2.687006
Q -2.687006 2.687006 0.000000


-45.960000	3a7b2a0
8

Y 0.000000 0.000000 0.000000
Q 2.687006 2.687006 0.000000
F 0.000000 2.687006 -2.687006
W 0.000000 5.374012 0.000000
K -2.687006 5.374012 2.687006
N 0.000000 2.687006 2.687006
F -2.687006 2.687006 0.000000
Q -2.687006 5.374012 -2.687006


-45.950000	a372ba0
8

Y 0.000000 0.000000 0.000000
Q 2.687006 2.687006 0.000000
F 0.000000 2.687006 -2.687006
W -2.687006 2.687006 0.000000
K -2.687006 5.374012 2.687006
N 0.000000 2.687006 2.687006
F 0.000000 5.374012 0.000000
Q -2.687006 5.374012 -2.687006


-45.930000	34376a0
8

Y 0.000000 0.000000 0.000000
Q 2.687006 2.687006 0.000000
F 0.000000 2.687006 -2.687006
W -2.687006 0.000000 -2.687006
K 0.000000 -2.687006 -2.687006
N 0.000000 0.000000 -5.374012
F 2.687006 0.000000 -2.687006
Q 2.687006 2.687006 -5.374012


-45.820000	8a7b2a0
8

Y 0.000000 0.000000 0.000000
Q 2.687006 2.687006 0.000000
F 0.000000 2.687006 -2.687006
W 0.000000 5.374012 0.000000
K -2.687006 5.374012 2.687006
N 0.000000 2.687006 2.687006
F -2.687006 2.687006 0.000000
Q -2.687006 0.000000 -2.687006


-45.480000	a6725a0
8

Y 0.000000 0.000000 0.000000
Q 2.687006 2.687006 0.000000
F 0.000000 2.687006 -2.687006
W 2.687006 2.687006 -5.374012
K 2.687006 5.374012 -2.687006
N 5.374012 2.687006 -2.687006
F 2.687006 0.000000 -2.687006
Q 0.000000 0.000000 -5.374012


-45.450000	807b8a0
8

Y 0.000000 0.000000 0.000000
Q 2.687006 2.687006 0.000000
F 0.000000 2.687006 -2.687006
W 0.000000 0.000000 -5.374012
K -2.687006 0.000000 -2.687006
N 0.000000 -2.687006 -2.687006
F 2.687006 0.000000 -2.687006
Q 2.687006 -2.687006 -5.374012


-45.380000	38192a0
8

Y 0.000000 0.000000 0.000000
Q 2.687006 2.687006 0.000000
F 0.000000 2.687006 -2.687006
W 0.000000 5.374012 0.000000
K 0.000000 2.687006 2.687006
N -2.687006 5.374012 2.687006
F -2.687006 2.687006 0.000000
Q -2.687006 5.374012 -2.687006


-45.370000	a514ba0
8

Y 0.000000 0.000000 0.000000
Q 2.687006 2.687006 0.000000
F 0.000000 2.687006 -2.687006
W -2.687006 2.687006 0.000000
K 0.000000 2.687006 2.687006
N -2.687006 5.374012 2.687006
F 0.000000 5.374012 0.000000
Q -2.687006 5.374012 -2.687006


-45.310000	907b8a0
8

Y 0.000000 0.000000 0.000000
Q 2.687006 2.687006 0.000000
F 0.000000 2.687006 -2.687006
W 0.000000 0.000000 -5.374012
K -2.687006 0.000000 -2.687006
N 0.000000 -2.687006 -2.687006
F 2.687006 0.000000 -2.687006
Q 2.687006 -2.687006 0.000000


-45.310000	64736a0
8

Y 0.000000 0.000000 0.000000
Q 2.687006 2.687006 0.000000
F 0.000000 2.687006 -2.687006
W -2.687006 0.000000 -2.687006
K -2.687006 2.687006 -5.374012
N 0.000000 0.000000 -5.374012
F 2.687006 0.000000 -2.687006
Q 0.000000 -2.687006 -2.687006


-45.280000	30956a0
8

Y 0.000000 0.000000 0.000000
Q 2.687006 2.687006 0.000000
F 0.000000 2.687006 -2.687006
W -2.687006 0.000000 -2.687006
K 0.000000 0.000000 -5.374012
N 0.000000 -2.687006 -2.687006
F 2.687006 0.000000 -2.687006
Q 2.687006 2.687006 -5.374012


-45.240000	88192a0
8

Y 0.000000 0.000000 0.000000
Q 2.687006 2.687006 0.000000
F 0.000000 2.687006 -2.687006
W 0.000000 5.374012 0.000000
K 0.000000 2.687006 2.687006
N -2.687006 5.374012 2.687006
F -2.687006 2.687006 0.000000
Q -2.687006 0.000000 -2.687006


-45.240000	30b78a0
8

Y 0.000000 0.000000 0.000000
Q 2.687006 2.687006 0.000000
F 0.000000 2.687006 -2.687006
W 0.000000 0.000000 -5.374012
K 2.687006 -2.687006 -5.374012
N 0.000000 -2.687006 -2.687006
F 2.687006 0.000000 -2.687006
Q 2.687006 2.687006 -5.374012


-45.190000	a309ba0
8

Y 0.000000 0.000000 0.000000
Q 2.687006 2.687006 0.000000
F 0.000000 2.687006 -2.687006
W -2.687006 2.687006 0.000000
K -2.687006 0.000000 2.687006
N 0.000000 2.687006 2.687006
F 0.000000 5.374012 0.000000
Q -2.687006 5.374012 -2.687006


-45.180000	69056a0
8

Y 0.000000 0.000000 0.000000
Q 2.687006 2.687006 0.000000
F 0.000000 2.687006 -2.687006
W -2.687006 0.000000 -2.687006
K 0.000000 0.000000 -5.374012
N 2.687006 2.687006 -5.374012
F 2.687006 0.000000 -2.687006
Q 0.000000 -2.687006 -2.687006


-45.130000	15167a0
8

Y 0.000000 0.000000 0.000000
Q 2.687006 2.687006 0.000000
F 0.000000 2.687006 -2.687006
W 2.687006 0.000000 -2.687006
K 0.000000 -2.687006 -2.687006
N -2.687006 0.000000 -2.687006
F 0.000000 0.000000 -5.374012
Q -2.687006 2.687006 -5.374012


-45.130000	1a076a0
8

Y 0.000000 0.000000 0.000000
Q 2.687006 2.687006 0.000000
F 0.000000 2.687006 -2.687006
W -2.687006 0.000000 -2.687006
K 0.000000 -2.687006 -2.687006
N 2.687006 0.000000 -2.687006
F 0.000000 0.000000 -5.374012
Q -2.687006 2.687006 -5.374012


-45.080000	32598a0
8

Y 0.000000 0.000000 0.000000
Q 2.687006 2.687006 0.000000
F 0.000000 2.687006 -2.687006
W 0.000000 0.000000 -5.374012
K 0.000000 -2.687006 -2.687006
N 2.687006 -2.687006 -5.374012
F 2.687006 0.000000 -2.687006
Q 2.687006 2.687006 -5.374012


-45.070000	33692a0
8

Y 0.000000 0.000000 0.000000
Q 2.687006 2.687006 0.000000
F 0.000000 2.687006 -2.687006
W 0.000000 5.374012 0.000000
K 0.000000 2.687006 2.687006
N -2.687006 0.000000 2.687006
F -2.687006 2.687006 0.000000
Q -2.687006 5.374012 -2.687006


-45.030000	31648a0
8

Y 0.000000 0.000000 0.000000
Q 2.687006 2.687006 0.000000
F 0.000000 2.687006 -2.687006
W 0.000000 0.000000 -5.374012
K 2.687006 0.000000 -2.687006
N 0.000000 -2.687006 -2.687006
F -2.687006 0.000000 -2.687006
Q -2.687006 2.687006 -5.374012


-44.940000	3b367a0
8

Y 0.000000 0.000000 0.000000
Q 2.687006 2.687006 0.000000
F 0.000000 2.687006 -2.687006
W 2.687006 0.000000 -2.687006
K 0.000000 -2.687006 -2.687006
N 0.000000 0.000000 -5.374012
F -2.687006 0.000000 -2.687006
Q -2.687006 2.687006 -5.374012


-44.930000	83692a0
8

Y 0.000000 0.000000 0.000000
Q 2.687006 2.687006 0.000000
F 0.000000 2.687006 -2.687006
W 0.000000 5.374012 0.000000
K 0.000000 2.687006 2.687006
N -2.687006 0.000000 2.687006
F -2.687006 2.687006 0.000000
Q -2.687006 0.000000 -2.687006


-44.890000	21648a0
8

Y 0.000000 0.000000 0.000000
Q 2.687006 2.687006 0.000000
F 0.000000 2.687006 -2.687006
W 0.000000 0.000000 -5.374012
K 2.687006 0.000000 -2.687006
N 0.000000 -2.687006 -2.687006
F -2.687006 0.000000 -2.687006
Q -2.687006 2.687006 0.000000


-44.820000	b3b87a0
8

Y 0.000000 0.000000 0.000000
Q 2.687006 2.687006 0.000000
F 0.000000 2.687006 -2.687006
W 2.687006 0.000000 -2.687006
K 2.687006 -2.687006 -5.374012
N 0.000000 -2.687006 -2.687006
F 0.000000 0.000000 -5.374012
Q -2.687006 0.000000 -2.687006


-44.770000	33498a0
8

Y 0.000000 0.000000 0.000000
Q 2.687006 2.687006 0.000000
F 0.000000 2.687006 -2.687006
W 0.000000 0.000000 -5.374012
K 0.000000 -2.687006 -2.687006
N 2.687006 -2.687006 0.000000
F 2.687006 0.000000 -2.687006
Q 2.687006 2.687006 -5.374012


-44.690000	a0596a0
8

Y 0.000000 0.000000 0.000000
Q 2.687006 2.687006 0.000000
F 0.000000 2.687006 -2.687006
W -2.687006 0.000000 -2.687006
K -2.687006 -2.687006 0.000000
N 0.000000 -2.687006 -2.687006
F 2.687006 0.000000 -2.687006
Q 0.000000 0.000000 -5.374012


-44.570000	90956a0
8

Y 0.000000 0.000000 0.000000
Q 2.687006 2.687006 0.000000
F 0.000000 2.687006 -2.687006
W -2.687006 0.000000 -2.687006
K 0.000000 0.000000 -5.374012
N 0.000000 -2.687006 -2.687006
F 2.687006 0.000000 -2.687006
Q 2.687006 -2.687006 0.000000


-44.560000	47ba7a0
8

Y 0.000000 0.000000 0.000000
Q 2.687006 2.687006 0.000000
F 0.000000 2.687006 -2.687006
W 2.687006 0.000000 -2.687006
K 0.000000 0.000000 -5.374012
N -2.687006 0.000000 -2.687006
F 0.000000 -2.687006 -2.687006
Q 2.687006 -2.687006 0.000000


-44.560000	a3476a0
8

Y 0.000000 0.000000 0.000000
Q 2.687006 2.687006 0.000000
F 0.000000 2.687006 -2.687006
W -2.687006 0.000000 -2.687006
K 0.000000 -2.687006 -2.687006
N 2.687006 -2.687006 0.000000
F 2.687006 0.000000 -2.687006
Q 0.000000 0.000000 -5.374012


-44.380000	5372ba0
8

Y 0.000000 0.000000 0.000000
Q 2.687006 2.687006 0.000000
F 0.000000 2.687006 -2.687006
W -2.687006 2.687006 0.000000
K -2.687006 5.374012 2.687006
N 0.000000 2.687006 2.687006
F 0.000000 5.374012 0.000000
Q 2.687006 5.374012 -2.687006


-44.380000	94376a0
8

Y 0.000000 0.000000 0.000000
Q 2.687006 2.687006 0.000000
F 0.000000 2.687006 -2.687006
W -2.687006 0.000000 -2.687006
K 0.000000 -2.687006 -2.687006
N 0.000000 0.000000 -5.374012
F 2.687006 0.000000 -2.687006
Q 2.687006 -2.687006 0.000000


-44.320000	7b637a0
8

Y 0.000000 0.000000 0.000000
Q 2.687006 2.687006 0.000000
F 0.000000 2.687006 -2.687006
W 2.687006 0.000000 -2.687006
K 2.687006 2.687006 -5.374012
N 0.000000 0.000000 -5.374012
F -2.687006 0.000000 -2.687006
Q 0.000000 -2.687006 -2.687006


-44.290000	8a941a0
8

Y 0.000000 0.000000 0.000000
Q 2.687006 2.687006 0.000000
F 0.000000 2.687006 -2.687006
W -2.687006 5.374012 -2.687006
K 0.000000 5.374012 0.000000
N 0.000000 2.687006 2.687006
F -2.687006 2.687006 0.000000
Q -2.687006 0.000000 -2.687006


-44.290000	319a7a0
8

Y 0.000000 0.000000 0.000000
Q 2.687006 2.687006 0.000000
F 0.000000 2.687006 -2.687006
W 2.687006 0.000000 -2.687006
K 0.000000 0.000000 -5.374012
N 0.000000 -2.687006 -2.687006
F -2.687006 0.000000 -2.687006
Q -2.687006 2.687006 -5.374012


-44.240000	b1567a0
8

Y 0.000000 0.000000 0.000000
Q 2.687006 2.687006 0.000000
F 0.000000 2.687006 -2.687006
W 2.687006 0.000000 -2.687006
K 0.000000 -2.687006 -2.687006
N 2.687006 -2.687006 -5.374012
F 0.000000 0.000000 -5.374012
Q -2.687006 0.000000 -2.687006


-44.210000	19187a0
8

Y 0.000000 0.000000 0.000000
Q 2.687006 2.687006 0.000000
F 0.000000 2.687006 -2.687006
W 2.687006 0.000000 -2.687006
K 2.687006 -2.687006 -5.374012
N 0.000000 0.000000 -5.374012
F 0.000000 -2.687006 -2.687006
Q -2.687006 0.000000 -2.687006


-44.210000	19637a0
8

Y 0.000000 0.000000 0.000000
Q 2.687006 2.687006 0.000000
F 0.000000 2.687006 -2.687006
W 2.687006 0.000000 -2.687006
K 2.687006 2.687006 -5.374012
N 0.000000 0.000000 -5.374012
F 0.000000 -2.687006 -2.687006
Q -2.687006 0.000000 -2.687006


-44.210000	6952ba0
8

Y 0.000000 0.000000 0.000000
Q 2.687006 2.687006 0.000000
F 0.000000 2.687006 -2.687006
W -2.687006 2.687006 0.000000
K -2.687006 5.374012 2.687006
N 0.000000 5.374012 0.000000
F 0.000000 2.687006 2.687006
Q -2.687006 0.000000 2.687006


-44.210000	6943ba0
8

Y 0.000000 0.000000 0.000000
Q 2.687006 2.687006 0.000000
F 0.000000 2.687006 -2.687006
W -2.687006 2.687006 0.000000
K -2.687006 5.374012 -2.687006
N 0.000000 5.374012 0.000000
F 0.000000 2.687006 2.687006
Q -2.687006 0.000000 2.687006


-44.190000	791a7a0
8

Y 0.000000 0.000000 0.000000
Q 2.687006 2.687006 0.000000
F 0.000000 2.687006 -2.687006
W 2.687006 0.000000 -2.687006
K 0.000000 0.000000 -5.374012
N -2.687006 2.687006 -5.374012
F -2.687006 0.000000 -2.687006
Q 0.000000 -2.687006 -2.687006


-44.190000	a6275a0
8

Y 0.000000 0.000000 0.000000
Q 2.687006 2.687006 0.000000
F 0.000000 2.687006 -2.687006
W 2.687006 2.687006 -5.374012
K 5.374012 0.000000 -5.374012
N 5.374012 2.687006 -2.687006
F 2.687006 0.000000 -2.687006
Q 0.000000 0.000000 -5.374012


-44.170000	68107a0
8

Y 0.000000 0.000000 0.000000
Q 2.687006 2.687006 0.000000
F 0.000000 2.687006 -2.687006
W 2.687006 0.000000 -2.687006
K 5.374012 2.687006 -2.687006
N 2.687006 5.374012 -2.687006
F 2.687006 2.687006 -5.374012
Q 0.000000 0.000000 -5.374012


-44.060000	b3a97a0
8

Y 0.000000 0.000000 0.000000
Q 2.687006 2.687006 0.000000
F 0.000000 2.687006 -2.687006
W 2.687006 0.000000 -2.687006
K 2.687006 -2.687006 0.000000
N 0.000000 -2.687006 -2.687006
F 0.000000 0.000000 -5.374012
Q -2.687006 0.000000 -2.687006


-44.010000	aa04ba0
8

Y 0.000000 0.000000 0.000000
Q 2.687006 2.687006 0.000000
F 0.000000 2.687006 -2.687006
W -2.687006 2.687006 0.000000
K 0.000000 2.687006 2.687006
N 2.687006 5.374012 2.687006
F 0.000000 5.374012 0.000000
Q -2.687006 5.374012 -2.687006


-43.890000	291a7a0
8

Y 0.000000 0.000000 0.000000
Q 2.687006 2.687006 0.000000
F 0.000000 2.687006 -2.687006
W 2.687006 0.000000 -2.687006
K 0.000000 0.000000 -5.374012
N -2.687006 2.687006 -5.374012
F -2.687006 0.000000 -2.687006
Q -2.687006 2.687006 0.000000


-43.890000	3a642a0
8

Y 0.000000 0.000000 0.000000
Q 2.687006 2.687006 0.000000
F 0.000000 2.687006 -2.687006
W 0.000000 5.374012 0.000000
K 2.687006 5.374012 2.687006
N 0.000000 2.687006 2.687006
F -2.687006 2.687006 0.000000
Q -2.687006 5.374012 -2.687006


