-26.700000	9276852a0
10

Q 0.000000 0.000000 0.000000
Y 2.687006 2.687006 0.000000
Q 0.000000 2.687006 -2.687006
F 0.000000 5.374012 0.000000
W 2.687006 5.374012 -2.687006
K 2.687006 2.687006 -5.374012
N 0.000000 0.000000 -5.374012
F 2.687006 -2.687006 -5.374012
Q 2.687006 0.000000 -2.687006
T 2.687006 -2.687006 0.000000


-26.700000	57b48a1a0
10

Q 0.000000 0.000000 0.000000
Y 2.687006 2.687006 0.000000
Q 0.000000 2.687006 -2.687006
F -2.687006 5.374012 -2.687006
W -5.374012 5.374012 -5.374012
K -5.374012 2.687006 -8.061017
N -2.687006 2.687006 -5.374012
F -5.374012 2.687006 -2.687006
Q -2.687006 0.000000 -2.687006
T 0.000000 0.000000 -5.374012


-26.700000	57b95a1a0
10

Q 0.000000 0.000000 0.000000
Y 2.687006 2.687006 0.000000
Q 0.000000 2.687006 -2.687006
F -2.687006 5.374012 -2.687006
W -5.374012 5.374012 -5.374012
K -2.687006 5.374012 -8.061017
N -2.687006 2.687006 -5.374012
F -5.374012 2.687006 -2.687006
Q -2.687006 0.000000 -2.687006
T 0.000000 0.000000 -5.374012


-26.700000	791b783a0
10

Q 0.000000 0.000000 0.000000
Y 2.687006 2.687006 0.000000
Q 0.000000 2.687006 -2.687006
F 0.000000 5.374012 -5.374012
W 0.000000 2.687006 -8.061017
K 2.687006 0.000000 -8.061017
N 0.000000 0.000000 -5.374012
F -2.687006 2.687006 -5.374012
Q -2.687006 0.000000 -2.687006
T 0.000000 -2.687006 -2.687006


-26.700000	b153b67a0
10

Q 0.000000 0.000000 0.000000
Y 2.687006 2.687006 0.000000
Q 0.000000 2.687006 -2.687006
F 2.687006 0.000000 -2.687006
W 0.000000 -2.687006 -2.687006
K -2.687006 -2.687006 0.000000
N -2.687006 0.000000 -2.687006
F 0.000000 0.000000 -5.374012
Q -2.687006 2.687006 -5.374012
T -5.374012 2.687006 -2.687006


-26.700000	57b6832a0
10

Q 0.000000 0.000000 0.000000
Y 2.687006 2.687006 0.000000
Q 0.000000 2.687006 -2.687006
F 0.000000 5.374012 0.000000
W 0.000000 8.061017 -2.687006
K 0.000000 5.374012 -5.374012
N -2.687006 2.687006 -5.374012
F -5.374012 2.687006 -2.687006
Q -2.687006 0.000000 -2.687006
T 0.000000 0.000000 -5.374012


-26.700000	0153b67a0
10

Q 0.000000 0.000000 0.000000
Y 2.687006 2.687006 0.000000
Q 0.000000 2.687006 -2.687006
F 2.687006 0.000000 -2.687006
W 0.000000 -2.687006 -2.687006
K -2.687006 -2.687006 0.000000
N -2.687006 0.000000 -2.687006
F 0.000000 0.000000 -5.374012
Q -2.687006 2.687006 -5.374012
T 0.000000 5.374012 -5.374012


-26.700000	67389b3a0
10

Q 0.000000 0.000000 0.000000
Y 2.687006 2.687006 0.000000
Q 0.000000 2.687006 -2.687006
F 0.000000 5.374012 -5.374012
W -2.687006 5.374012 -2.687006
K -2.687006 2.687006 0.000000
N -2.687006 0.000000 -2.687006
F -2.687006 2.687006 -5.374012
Q 0.000000 0.000000 -5.374012
T -2.687006 -2.687006 -5.374012


-26.700000	67386b0a0
10

Q 0.000000 0.000000 0.000000
Y 2.687006 2.687006 0.000000
Q 0.000000 2.687006 -2.687006
F 2.687006 5.374012 -2.687006
W 0.000000 5.374012 0.000000
K -2.687006 2.687006 0.000000
N -2.687006 0.000000 -2.687006
F -2.687006 2.687006 -5.374012
Q 0.000000 0.000000 -5.374012
T -2.687006 -2.687006 -5.374012


-26.700000	ab791a7a0
10

Q 0.000000 0.000000 0.000000
Y 2.687006 2.687006 0.000000
Q 0.000000 2.687006 -2.687006
F 2.687006 0.000000 -2.687006
W 0.000000 0.000000 -5.374012
K -2.687006 2.687006 -5.374012
N -2.687006 0.000000 -2.687006
F 0.000000 -2.687006 -2.687006
Q -2.687006 -2.687006 0.000000
T -5.374012 -2.687006 -2.687006


-26.700000	1189852a0
10

Q 0.000000 0.000000 0.000000
Y 2.687006 2.687006 0.000000
Q 0.000000 2.687006 -2.687006
F 0.000000 5.374012 0.000000
W 2.687006 5.374012 -2.687006
K 2.687006 2.687006 -5.374012
N 2.687006 0.000000 -2.687006
F 2.687006 -2.687006 -5.374012
Q 0.000000 0.000000 -5.374012
T -2.687006 2.687006 -5.374012


-26.700000	2153b67a0
10

Q 0.000000 0.000000 0.000000
Y 2.687006 2.687006 0.000000
Q 0.000000 2.687006 -2.687006
F 2.687006 0.000000 -2.687006
W 0.000000 -2.687006 -2.687006
K -2.687006 -2.687006 0.000000
N -2.687006 0.000000 -2.687006
F 0.000000 0.000000 -5.374012
Q -2.687006 2.687006 -5.374012
T -2.687006 5.374012 -2.687006


-26.700000	5468610a0
10

Q 0.000000 0.000000 0.000000
Y 2.687006 2.687006 0.000000
Q 0.000000 2.687006 -2.687006
F 2.687006 5.374012 -2.687006
W 0.000000 8.061017 -2.687006
K -2.687006 5.374012 -2.687006
N -2.687006 2.687006 -5.374012
F -5.374012 0.000000 -5.374012
Q -2.687006 0.000000 -2.687006
T 0.000000 0.000000 -5.374012


-26.700000	5466832a0
10

Q 0.000000 0.000000 0.000000
Y 2.687006 2.687006 0.000000
Q 0.000000 2.687006 -2.687006
F 0.000000 5.374012 0.000000
W 0.000000 8.061017 -2.687006
K 0.000000 5.374012 -5.374012
N -2.687006 2.687006 -5.374012
F -5.374012 0.000000 -5.374012
Q -2.687006 0.000000 -2.687006
T 0.000000 0.000000 -5.374012


-26.700000	1b791a7a0
10

Q 0.000000 0.000000 0.000000
Y 2.687006 2.687006 0.000000
Q 0.000000 2.687006 -2.687006
F 2.687006 0.000000 -2.687006
W 0.000000 0.000000 -5.374012
K -2.687006 2.687006 -5.374012
N -2.687006 0.000000 -2.687006
F 0.000000 -2.687006 -2.687006
Q -2.687006 -2.687006 0.000000
T -5.374012 0.000000 0.000000


-26.700000	9735961a0
10

Q 0.000000 0.000000 0.000000
Y 2.687006 2.687006 0.000000
Q 0.000000 2.687006 -2.687006
F -2.687006 5.374012 -2.687006
W -5.374012 2.687006 -2.687006
K -5.374012 0.000000 0.000000
N -2.687006 0.000000 -2.687006
F -2.687006 2.687006 -5.374012
Q 0.000000 0.000000 -5.374012
T 0.000000 -2.687006 -2.687006


-26.700000	2b791a7a0
10

Q 0.000000 0.000000 0.000000
Y 2.687006 2.687006 0.000000
Q 0.000000 2.687006 -2.687006
F 2.687006 0.000000 -2.687006
W 0.000000 0.000000 -5.374012
K -2.687006 2.687006 -5.374012
N -2.687006 0.000000 -2.687006
F 0.000000 -2.687006 -2.687006
Q -2.687006 -2.687006 0.000000
T -2.687006 0.000000 2.687006


-26.700000	2b791a5a0
10

Q 0.000000 0.000000 0.000000
Y 2.687006 2.687006 0.000000
Q 0.000000 2.687006 -2.687006
F 2.687006 2.687006 -5.374012
W 0.000000 2.687006 -8.061017
K -2.687006 5.374012 -8.061017
N -2.687006 2.687006 -5.374012
F 0.000000 0.000000 -5.374012
Q -2.687006 0.000000 -2.687006
T -2.687006 2.687006 0.000000


-26.700000	61586b0a0
10

Q 0.000000 0.000000 0.000000
Y 2.687006 2.687006 0.000000
Q 0.000000 2.687006 -2.687006
F 2.687006 5.374012 -2.687006
W 0.000000 5.374012 0.000000
K -2.687006 2.687006 0.000000
N -2.687006 0.000000 -2.687006
F 0.000000 0.000000 -5.374012
Q -2.687006 2.687006 -5.374012
T -5.374012 0.000000 -5.374012


-26.700000	291b783a0
10

Q 0.000000 0.000000 0.000000
Y 2.687006 2.687006 0.000000
Q 0.000000 2.687006 -2.687006
F 0.000000 5.374012 -5.374012
W 0.000000 2.687006 -8.061017
K 2.687006 0.000000 -8.061017
N 0.000000 0.000000 -5.374012
F -2.687006 2.687006 -5.374012
Q -2.687006 0.000000 -2.687006
T -2.687006 2.687006 0.000000


-26.700000	6153b67a0
10

Q 0.000000 0.000000 0.000000
Y 2.687006 2.687006 0.000000
Q 0.000000 2.687006 -2.687006
F 2.687006 0.000000 -2.687006
W 0.000000 -2.687006 -2.687006
K -2.687006 -2.687006 0.000000
N -2.687006 0.000000 -2.687006
F 0.000000 0.000000 -5.374012
Q -2.687006 2.687006 -5.374012
T -5.374012 0.000000 -5.374012


-26.700000	4b791a7a0
10

Q 0.000000 0.000000 0.000000
Y 2.687006 2.687006 0.000000
Q 0.000000 2.687006 -2.687006
F 2.687006 0.000000 -2.687006
W 0.000000 0.000000 -5.374012
K -2.687006 2.687006 -5.374012
N -2.687006 0.000000 -2.687006
F 0.000000 -2.687006 -2.687006
Q -2.687006 -2.687006 0.000000
T 0.000000 -2.687006 2.687006


-26.700000	49586b0a0
10

Q 0.000000 0.000000 0.000000
Y 2.687006 2.687006 0.000000
Q 0.000000 2.687006 -2.687006
F 2.687006 5.374012 -2.687006
W 0.000000 5.374012 0.000000
K -2.687006 2.687006 0.000000
N -2.687006 0.000000 -2.687006
F 0.000000 0.000000 -5.374012
Q 0.000000 -2.687006 -2.687006
T 2.687006 -2.687006 0.000000


-26.700000	45986b0a0
10

Q 0.000000 0.000000 0.000000
Y 2.687006 2.687006 0.000000
Q 0.000000 2.687006 -2.687006
F 2.687006 5.374012 -2.687006
W 0.000000 5.374012 0.000000
K -2.687006 2.687006 0.000000
N -2.687006 0.000000 -2.687006
F -2.687006 -2.687006 0.000000
Q 0.000000 -2.687006 -2.687006
T 2.687006 -2.687006 0.000000


-26.700000	ab786b0a0
10

Q 0.000000 0.000000 0.000000
Y 2.687006 2.687006 0.000000
Q 0.000000 2.687006 -2.687006
F 2.687006 5.374012 -2.687006
W 0.000000 5.374012 0.000000
K -2.687006 2.687006 0.000000
N -2.687006 0.000000 -2.687006
F 0.000000 -2.687006 -2.687006
Q -2.687006 -2.687006 0.000000
T -5.374012 -2.687006 -2.687006


-26.700000	a5986b0a0
10

Q 0.000000 0.000000 0.000000
Y 2.687006 2.687006 0.000000
Q 0.000000 2.687006 -2.687006
F 2.687006 5.374012 -2.687006
W 0.000000 5.374012 0.000000
K -2.687006 2.687006 0.000000
N -2.687006 0.000000 -2.687006
F -2.687006 -2.687006 0.000000
Q 0.000000 -2.687006 -2.687006
T -2.687006 -2.687006 -5.374012


-26.700000	4b786b0a0
10

Q 0.000000 0.000000 0.000000
Y 2.687006 2.687006 0.000000
Q 0.000000 2.687006 -2.687006
F 2.687006 5.374012 -2.687006
W 0.000000 5.374012 0.000000
K -2.687006 2.687006 0.000000
N -2.687006 0.000000 -2.687006
F 0.000000 -2.687006 -2.687006
Q -2.687006 -2.687006 0.000000
T 0.000000 -2.687006 2.687006
