-48.700000	052968340
10

Y 0.000000 0.000000 0.000000
Y 2.687006 2.687006 0.000000
D 5.374012 2.687006 2.687006
P 5.374012 5.374012 0.000000
E 5.374012 2.687006 -2.687006
T 2.687006 0.000000 -2.687006
G 2.687006 -2.687006 0.000000
T 2.687006 0.000000 2.687006
W 5.374012 0.000000 0.000000
Y 8.061017 2.687006 0.000000


-48.700000	019753610
10

Y 0.000000 0.000000 0.000000
Y 2.687006 2.687006 0.000000
D 0.000000 5.374012 0.000000
P -2.687006 2.687006 0.000000
E -2.687006 5.374012 -2.687006
T 0.000000 5.374012 -5.374012
G 2.687006 2.687006 -5.374012
T 2.687006 0.000000 -2.687006
W 0.000000 2.687006 -2.687006
Y 2.687006 5.374012 -2.687006


-48.700000	018742610
10

Y 0.000000 0.000000 0.000000
Y 2.687006 2.687006 0.000000
D 0.000000 5.374012 0.000000
P -2.687006 2.687006 0.000000
E -2.687006 5.374012 2.687006
T 0.000000 5.374012 5.374012
G 2.687006 2.687006 5.374012
T 2.687006 0.000000 2.687006
W 0.000000 2.687006 2.687006
Y 2.687006 5.374012 2.687006


-48.700000	0a04965a0
10

Y 0.000000 0.000000 0.000000
Y 2.687006 2.687006 0.000000
D 0.000000 2.687006 -2.687006
P 2.687006 2.687006 -5.374012
E 0.000000 0.000000 -5.374012
T 0.000000 -2.687006 -2.687006
G 2.687006 -2.687006 0.000000
T 5.374012 0.000000 0.000000
W 2.687006 0.000000 -2.687006
Y 5.374012 2.687006 -2.687006


-48.700000	0a04196a0
10

Y 0.000000 0.000000 0.000000
Y 2.687006 2.687006 0.000000
D 0.000000 2.687006 -2.687006
P -2.687006 0.000000 -2.687006
E -2.687006 -2.687006 0.000000
T -5.374012 0.000000 0.000000
G -2.687006 0.000000 2.687006
T 0.000000 2.687006 2.687006
W -2.687006 2.687006 0.000000
Y 0.000000 5.374012 0.000000


-48.700000	0a74621a0
10

Y 0.000000 0.000000 0.000000
Y 2.687006 2.687006 0.000000
D 0.000000 2.687006 -2.687006
P -2.687006 5.374012 -2.687006
E -2.687006 8.061017 0.000000
T -5.374012 5.374012 0.000000
G -2.687006 5.374012 2.687006
T 0.000000 2.687006 2.687006
W -2.687006 2.687006 0.000000
Y 0.000000 5.374012 0.000000


-48.700000	63790b1a0
10

Y 0.000000 0.000000 0.000000
Y 2.687006 2.687006 0.000000
D 0.000000 2.687006 -2.687006
P -2.687006 5.374012 -2.687006
E -5.374012 5.374012 0.000000
T -2.687006 8.061017 0.000000
G -2.687006 5.374012 2.687006
T 0.000000 2.687006 2.687006
W 0.000000 5.374012 0.000000
Y -2.687006 2.687006 0.000000


-48.700000	6369408a0
10

Y 0.000000 0.000000 0.000000
Y 2.687006 2.687006 0.000000
D 0.000000 2.687006 -2.687006
P 0.000000 0.000000 -5.374012
E 2.687006 2.687006 -5.374012
T 5.374012 2.687006 -2.687006
G 5.374012 0.000000 0.000000
T 2.687006 -2.687006 0.000000
W 2.687006 0.000000 -2.687006
Y 0.000000 -2.687006 -2.687006


-48.700000	6369140a0
10

Y 0.000000 0.000000 0.000000
Y 2.687006 2.687006 0.000000
D 0.000000 2.687006 -2.687006
P 2.687006 5.374012 -2.687006
E 5.374012 5.374012 0.000000
T 2.687006 8.061017 0.000000
G 2.687006 5.374012 2.687006
T 0.000000 2.687006 2.687006
W 0.000000 5.374012 0.000000
Y -2.687006 2.687006 0.000000
