-57.200000	a0b347910
10

Q 0.000000 0.000000 0.000000
Y 2.687006 2.687006 0.000000
Q 0.000000 5.374012 0.000000
F 0.000000 2.687006 2.687006
W 2.687006 0.000000 2.687006
K 5.374012 0.000000 5.374012
N 5.374012 2.687006 2.687006
F 2.687006 2.687006 5.374012
Q 5.374012 5.374012 5.374012
T 2.687006 5.374012 2.687006


-57.200000	b0a257810
10

Q 0.000000 0.000000 0.000000
Y 2.687006 2.687006 0.000000
Q 0.000000 5.374012 0.000000
F 0.000000 2.687006 -2.687006
W 2.687006 0.000000 -2.687006
K 5.374012 0.000000 -5.374012
N 5.374012 2.687006 -2.687006
F 2.687006 2.687006 -5.374012
Q 5.374012 5.374012 -5.374012
T 2.687006 5.374012 -2.687006


-57.200000	a7b840910
10

Q 0.000000 0.000000 0.000000
Y 2.687006 2.687006 0.000000
Q 0.000000 5.374012 0.000000
F 0.000000 2.687006 2.687006
W 2.687006 5.374012 2.687006
K 5.374012 5.374012 5.374012
N 5.374012 2.687006 2.687006
F 2.687006 2.687006 5.374012
Q 5.374012 0.000000 5.374012
T 2.687006 0.000000 2.687006


-57.200000	b7a950810
10

Q 0.000000 0.000000 0.000000
Y 2.687006 2.687006 0.000000
Q 0.000000 5.374012 0.000000
F 0.000000 2.687006 -2.687006
W 2.687006 5.374012 -2.687006
K 5.374012 5.374012 -5.374012
N 5.374012 2.687006 -2.687006
F 2.687006 2.687006 -5.374012
Q 5.374012 0.000000 -5.374012
T 2.687006 0.000000 -2.687006


-57.200000	812a97b00
10

Q 0.000000 0.000000 0.000000
Y 2.687006 2.687006 0.000000
Q 5.374012 5.374012 0.000000
F 2.687006 5.374012 2.687006
W 5.374012 2.687006 2.687006
K 5.374012 0.000000 5.374012
N 2.687006 0.000000 2.687006
F 2.687006 2.687006 5.374012
Q 0.000000 5.374012 5.374012
T 0.000000 2.687006 2.687006


-57.200000	802596b00
10

Q 0.000000 0.000000 0.000000
Y 2.687006 2.687006 0.000000
Q 5.374012 5.374012 0.000000
F 2.687006 5.374012 2.687006
W 0.000000 2.687006 2.687006
K 0.000000 0.000000 5.374012
N 2.687006 0.000000 2.687006
F 2.687006 2.687006 5.374012
Q 5.374012 5.374012 5.374012
T 5.374012 2.687006 2.687006


-57.200000	913b87a00
10

Q 0.000000 0.000000 0.000000
Y 2.687006 2.687006 0.000000
Q 5.374012 5.374012 0.000000
F 2.687006 5.374012 -2.687006
W 5.374012 2.687006 -2.687006
K 5.374012 0.000000 -5.374012
N 2.687006 0.000000 -2.687006
F 2.687006 2.687006 -5.374012
Q 0.000000 5.374012 -5.374012
T 0.000000 2.687006 -2.687006


-57.200000	903486a00
10

Q 0.000000 0.000000 0.000000
Y 2.687006 2.687006 0.000000
Q 5.374012 5.374012 0.000000
F 2.687006 5.374012 -2.687006
W 0.000000 2.687006 -2.687006
K 0.000000 0.000000 -5.374012
N 2.687006 0.000000 -2.687006
F 2.687006 2.687006 -5.374012
Q 5.374012 5.374012 -5.374012
T 5.374012 2.687006 -2.687006


-57.200000	250b76410
10

Q 0.000000 0.000000 0.000000
Y 2.687006 2.687006 0.000000
Q 0.000000 5.374012 0.000000
F 2.687006 5.374012 2.687006
W 0.000000 2.687006 2.687006
K 2.687006 0.000000 2.687006
N 0.000000 0.000000 5.374012
F 2.687006 2.687006 5.374012
Q 5.374012 2.687006 2.687006
T 5.374012 5.374012 5.374012


-57.200000	a043b6900
10

Q 0.000000 0.000000 0.000000
Y 2.687006 2.687006 0.000000
Q 5.374012 5.374012 0.000000
F 5.374012 2.687006 2.687006
W 2.687006 0.000000 2.687006
K 0.000000 0.000000 5.374012
N 0.000000 2.687006 2.687006
F 2.687006 2.687006 5.374012
Q 5.374012 5.374012 5.374012
T 2.687006 5.374012 2.687006


-57.200000	b052a6800
10

Q 0.000000 0.000000 0.000000
Y 2.687006 2.687006 0.000000
Q 5.374012 5.374012 0.000000
F 5.374012 2.687006 -2.687006
W 2.687006 0.000000 -2.687006
K 0.000000 0.000000 -5.374012
N 0.000000 2.687006 -2.687006
F 2.687006 2.687006 -5.374012
Q 5.374012 5.374012 -5.374012
T 2.687006 5.374012 -2.687006


-57.200000	340a76510
10

Q 0.000000 0.000000 0.000000
Y 2.687006 2.687006 0.000000
Q 0.000000 5.374012 0.000000
F 2.687006 5.374012 -2.687006
W 0.000000 2.687006 -2.687006
K 2.687006 0.000000 -2.687006
N 0.000000 0.000000 -5.374012
F 2.687006 2.687006 -5.374012
Q 5.374012 2.687006 -2.687006
T 5.374012 5.374012 -5.374012


-57.200000	52b3807a0
10

Q 0.000000 0.000000 0.000000
Y 2.687006 2.687006 0.000000
Q 0.000000 2.687006 -2.687006
F 2.687006 0.000000 -2.687006
W 5.374012 2.687006 -2.687006
K 5.374012 0.000000 -5.374012
N 5.374012 2.687006 -8.061017
F 2.687006 2.687006 -5.374012
Q 2.687006 5.374012 -2.687006
T 5.374012 5.374012 -5.374012


-57.200000	a748b1900
10

Q 0.000000 0.000000 0.000000
Y 2.687006 2.687006 0.000000
Q 5.374012 5.374012 0.000000
F 5.374012 2.687006 2.687006
W 2.687006 5.374012 2.687006
K 0.000000 5.374012 5.374012
N 0.000000 2.687006 2.687006
F 2.687006 2.687006 5.374012
Q 5.374012 0.000000 5.374012
T 2.687006 0.000000 2.687006


-57.200000	b759a1800
10

Q 0.000000 0.000000 0.000000
Y 2.687006 2.687006 0.000000
Q 5.374012 5.374012 0.000000
F 5.374012 2.687006 -2.687006
W 2.687006 5.374012 -2.687006
K 0.000000 5.374012 -5.374012
N 0.000000 2.687006 -2.687006
F 2.687006 2.687006 -5.374012
Q 5.374012 0.000000 -5.374012
T 2.687006 0.000000 -2.687006


-57.200000	7219847a0
10

Q 0.000000 0.000000 0.000000
Y 2.687006 2.687006 0.000000
Q 0.000000 2.687006 -2.687006
F 2.687006 0.000000 -2.687006
W 5.374012 0.000000 0.000000
K 5.374012 -2.687006 -2.687006
N 5.374012 -5.374012 0.000000
F 2.687006 -2.687006 0.000000
Q 2.687006 0.000000 2.687006
T 5.374012 -2.687006 2.687006
