-57.510000	b48014ba0
10

Q 0.000000 0.000000 0.000000
Y 2.687006 2.687006 0.000000
Q 0.000000 2.687006 -2.687006
F -2.687006 2.687006 0.000000
W 0.000000 2.687006 2.687006
K -2.687006 5.374012 2.687006
N 0.000000 8.061017 2.687006
F 0.000000 5.374012 0.000000
Q 2.687006 5.374012 2.687006
T 0.000000 5.374012 5.374012


-57.510000	6b1084910
10

Q 0.000000 0.000000 0.000000
Y 2.687006 2.687006 0.000000
Q 0.000000 5.374012 0.000000
F 0.000000 2.687006 2.687006
W 2.687006 2.687006 5.374012
K 2.687006 0.000000 2.687006
N 5.374012 2.687006 2.687006
F 2.687006 5.374012 2.687006
Q 0.000000 5.374012 5.374012
T -2.687006 2.687006 5.374012


-57.510000	6a1095810
10

Q 0.000000 0.000000 0.000000
Y 2.687006 2.687006 0.000000
Q 0.000000 5.374012 0.000000
F 0.000000 2.687006 -2.687006
W 2.687006 2.687006 -5.374012
K 2.687006 0.000000 -2.687006
N 5.374012 2.687006 -2.687006
F 2.687006 5.374012 -2.687006
Q 0.000000 5.374012 -5.374012
T -2.687006 2.687006 -5.374012


-57.510000	7b6734910
10

Q 0.000000 0.000000 0.000000
Y 2.687006 2.687006 0.000000
Q 0.000000 5.374012 0.000000
F 0.000000 2.687006 2.687006
W 2.687006 2.687006 5.374012
K 2.687006 5.374012 2.687006
N 5.374012 2.687006 2.687006
F 2.687006 0.000000 2.687006
Q 0.000000 0.000000 5.374012
T 2.687006 -2.687006 5.374012


-57.510000	7a6725810
10

Q 0.000000 0.000000 0.000000
Y 2.687006 2.687006 0.000000
Q 0.000000 5.374012 0.000000
F 0.000000 2.687006 -2.687006
W 2.687006 2.687006 -5.374012
K 2.687006 5.374012 -2.687006
N 5.374012 2.687006 -2.687006
F 2.687006 0.000000 -2.687006
Q 0.000000 0.000000 -5.374012
T 2.687006 -2.687006 -5.374012


-57.510000	0b1084910
10

Q 0.000000 0.000000 0.000000
Y 2.687006 2.687006 0.000000
Q 0.000000 5.374012 0.000000
F 0.000000 2.687006 2.687006
W 2.687006 2.687006 5.374012
K 2.687006 0.000000 2.687006
N 5.374012 2.687006 2.687006
F 2.687006 5.374012 2.687006
Q 0.000000 5.374012 5.374012
T 2.687006 8.061017 5.374012


-57.510000	1084b0ba0
10

Q 0.000000 0.000000 0.000000
Y 2.687006 2.687006 0.000000
Q 0.000000 2.687006 -2.687006
F -2.687006 2.687006 0.000000
W 0.000000 5.374012 0.000000
K -2.687006 5.374012 2.687006
N 0.000000 5.374012 5.374012
F 0.000000 2.687006 2.687006
Q 2.687006 5.374012 2.687006
T 0.000000 8.061017 2.687006


-57.510000	0a1095810
10

Q 0.000000 0.000000 0.000000
Y 2.687006 2.687006 0.000000
Q 0.000000 5.374012 0.000000
F 0.000000 2.687006 -2.687006
W 2.687006 2.687006 -5.374012
K 2.687006 0.000000 -2.687006
N 5.374012 2.687006 -2.687006
F 2.687006 5.374012 -2.687006
Q 0.000000 5.374012 -5.374012
T 2.687006 8.061017 -5.374012


-57.510000	1b6734910
10

Q 0.000000 0.000000 0.000000
Y 2.687006 2.687006 0.000000
Q 0.000000 5.374012 0.000000
F 0.000000 2.687006 2.687006
W 2.687006 2.687006 5.374012
K 2.687006 5.374012 2.687006
N 5.374012 2.687006 2.687006
F 2.687006 0.000000 2.687006
Q 0.000000 0.000000 5.374012
T -2.687006 2.687006 5.374012


-57.510000	1a6725810
10

Q 0.000000 0.000000 0.000000
Y 2.687006 2.687006 0.000000
Q 0.000000 5.374012 0.000000
F 0.000000 2.687006 -2.687006
W 2.687006 2.687006 -5.374012
K 2.687006 5.374012 -2.687006
N 5.374012 2.687006 -2.687006
F 2.687006 0.000000 -2.687006
Q 0.000000 0.000000 -5.374012
T -2.687006 2.687006 -5.374012


-57.510000	38a264840
10

Q 0.000000 0.000000 0.000000
Y 2.687006 2.687006 0.000000
Q 5.374012 2.687006 2.687006
F 5.374012 0.000000 0.000000
W 8.061017 0.000000 2.687006
K 5.374012 -2.687006 2.687006
N 5.374012 0.000000 5.374012
F 2.687006 0.000000 2.687006
Q 2.687006 -2.687006 0.000000
T 2.687006 0.000000 -2.687006


-57.510000	36a084640
10

Q 0.000000 0.000000 0.000000
Y 2.687006 2.687006 0.000000
Q 5.374012 2.687006 2.687006
F 2.687006 0.000000 2.687006
W 5.374012 0.000000 5.374012
K 5.374012 -2.687006 2.687006
N 8.061017 0.000000 2.687006
F 5.374012 0.000000 0.000000
Q 2.687006 -2.687006 0.000000
T 2.687006 0.000000 -2.687006


-57.510000	340a26640
10

Q 0.000000 0.000000 0.000000
Y 2.687006 2.687006 0.000000
Q 5.374012 2.687006 2.687006
F 2.687006 0.000000 2.687006
W 0.000000 -2.687006 2.687006
K 0.000000 0.000000 5.374012
N -2.687006 0.000000 2.687006
F 0.000000 2.687006 2.687006
Q 2.687006 2.687006 5.374012
T 2.687006 5.374012 2.687006
