2197, 2198, 2199, 1860, 2225, 1862, 1863, 1524, 1889, 1526, 1865, 1840, 1867, 1866, 2231, 2204, 2541, 2176, 2539, 2512
1832, 2197, 2198, 2199, 1860, 2225, 2200, 2227, 1888, 2253, 2226, 2591, 2254, 2279, 2278, 2615, 2588, 2587, 2560, 2897
2171, 1834, 2197, 2198, 2199, 1860, 2225, 2200, 2227, 1888, 1913, 1574, 1939, 1576, 1575, 1210, 1547, 1520, 1857, 1492
2510, 2537, 2172, 2197, 2198, 2199, 1860, 2223, 1886, 1887, 1524, 1525, 1186, 1551, 1526, 1865, 1838, 2175, 2148, 2487
2533, 2534, 2535, 2170, 2197, 2198, 2199, 1860, 2225, 1862, 2201, 2202, 2229, 2228, 2593, 2566, 2903, 2538, 2875, 2848
2144, 2169, 2170, 2171, 1834, 2197, 2198, 2199, 1860, 2225, 2224, 2249, 1912, 1911, 1572, 1909, 1882, 2221, 2194, 2531
2847, 2484, 2509, 2510, 2537, 2172, 2197, 2198, 2199, 1860, 1859, 1496, 1523, 1498, 1499, 1472, 1809, 1808, 2145, 2118
2506, 2871, 2508, 2533, 2534, 2535, 2172, 2197, 2198, 2199, 2174, 2513, 2176, 2539, 2540, 2877, 2850, 2849, 2822, 3159
1493, 1468, 1495, 1494, 1833, 1834, 1859, 1858, 2197, 2198, 2199, 2174, 2537, 2172, 2511, 2146, 2147, 1810, 1809, 1446
2584, 2585, 2560, 2559, 2222, 2223, 2196, 2195, 1858, 2197, 2198, 2199, 1834, 1859, 1522, 1887, 1888, 2251, 2250, 2615
1853, 1854, 2193, 1830, 1857, 1858, 2195, 1832, 1859, 1834, 2197, 2198, 2199, 1860, 1887, 1886, 2249, 2222, 2247, 2246
2096, 2121, 2120, 2485, 2148, 2173, 2146, 2511, 2174, 2537, 2172, 2197, 2198, 2199, 1862, 1861, 1496, 1833, 1470, 1469
3525, 3160, 3185, 3186, 3213, 2848, 2873, 2872, 2899, 2534, 2535, 2170, 2197, 2198, 2199, 2174, 2511, 2484, 2823, 2798
1134, 1499, 1160, 1159, 1132, 1497, 1158, 1495, 1494, 1859, 1522, 1885, 1858, 2197, 2198, 2199, 1862, 1863, 1500, 1527
3187, 2850, 2849, 2822, 2847, 2484, 2483, 2482, 2507, 2144, 2171, 1806, 2169, 2170, 2197, 2198, 2199, 2174, 2539, 2176
1448, 1811, 1472, 1497, 1470, 1835, 1496, 1495, 1494, 1521, 1522, 1885, 1520, 1857, 1858, 2197, 2198, 2199, 2174, 2539
1891, 1526, 1889, 1552, 1551, 1550, 1913, 1576, 1575, 1574, 1911, 1884, 1909, 1546, 1883, 1858, 2197, 2198, 2199, 2174
2846, 2873, 2508, 2845, 2506, 2533, 2168, 2531, 2192, 2193, 1830, 1855, 1854, 2219, 1882, 2221, 1858, 2197, 2198, 2199
