-27.350000	8a9b107a0
10

Q 0.000000 0.000000 0.000000
Y 2.687006 2.687006 0.000000
Q 0.000000 2.687006 -2.687006
F 2.687006 0.000000 -2.687006
W 5.374012 2.687006 -2.687006
K 2.687006 5.374012 -2.687006
N 0.000000 5.374012 0.000000
F 0.000000 2.687006 2.687006
Q -2.687006 2.687006 0.000000
T -2.687006 0.000000 -2.687006


-27.350000	8637921a0
10

Q 0.000000 0.000000 0.000000
Y 2.687006 2.687006 0.000000
Q 0.000000 2.687006 -2.687006
F -2.687006 5.374012 -2.687006
W -2.687006 8.061017 0.000000
K -2.687006 5.374012 2.687006
N 0.000000 2.687006 2.687006
F 0.000000 5.374012 0.000000
Q -2.687006 2.687006 0.000000
T -2.687006 0.000000 -2.687006


-27.350000	75186b0a0
10

Q 0.000000 0.000000 0.000000
Y 2.687006 2.687006 0.000000
Q 0.000000 2.687006 -2.687006
F 2.687006 5.374012 -2.687006
W 0.000000 5.374012 0.000000
K -2.687006 2.687006 0.000000
N -2.687006 0.000000 -2.687006
F -5.374012 2.687006 -2.687006
Q -2.687006 2.687006 -5.374012
T 0.000000 0.000000 -5.374012


-27.350000	9637921a0
10

Q 0.000000 0.000000 0.000000
Y 2.687006 2.687006 0.000000
Q 0.000000 2.687006 -2.687006
F -2.687006 5.374012 -2.687006
W -2.687006 8.061017 0.000000
K -2.687006 5.374012 2.687006
N 0.000000 2.687006 2.687006
F 0.000000 5.374012 0.000000
Q -2.687006 2.687006 0.000000
T -2.687006 0.000000 2.687006


-27.350000	3a9b107a0
10

Q 0.000000 0.000000 0.000000
Y 2.687006 2.687006 0.000000
Q 0.000000 2.687006 -2.687006
F 2.687006 0.000000 -2.687006
W 5.374012 2.687006 -2.687006
K 2.687006 5.374012 -2.687006
N 0.000000 5.374012 0.000000
F 0.000000 2.687006 2.687006
Q -2.687006 2.687006 0.000000
T -2.687006 5.374012 -2.687006


-27.350000	b488a92a0
10

Q 0.000000 0.000000 0.000000
Y 2.687006 2.687006 0.000000
Q 0.000000 2.687006 -2.687006
F 0.000000 5.374012 0.000000
W 0.000000 2.687006 2.687006
K -2.687006 2.687006 0.000000
N -2.687006 0.000000 -2.687006
F -2.687006 -2.687006 -5.374012
Q 0.000000 -2.687006 -2.687006
T -2.687006 -2.687006 0.000000


-27.350000	70a8a92a0
10

Q 0.000000 0.000000 0.000000
Y 2.687006 2.687006 0.000000
Q 0.000000 2.687006 -2.687006
F 0.000000 5.374012 0.000000
W 0.000000 2.687006 2.687006
K -2.687006 2.687006 0.000000
N -2.687006 0.000000 -2.687006
F -5.374012 0.000000 -5.374012
Q -2.687006 2.687006 -5.374012
T 0.000000 0.000000 -5.374012


-27.350000	6908921a0
10

Q 0.000000 0.000000 0.000000
Y 2.687006 2.687006 0.000000
Q 0.000000 2.687006 -2.687006
F -2.687006 5.374012 -2.687006
W -2.687006 8.061017 0.000000
K -2.687006 5.374012 2.687006
N -2.687006 2.687006 0.000000
F 0.000000 5.374012 0.000000
Q 0.000000 2.687006 2.687006
T -2.687006 0.000000 2.687006


-27.350000	57b86b0a0
10

Q 0.000000 0.000000 0.000000
Y 2.687006 2.687006 0.000000
Q 0.000000 2.687006 -2.687006
F 2.687006 5.374012 -2.687006
W 0.000000 5.374012 0.000000
K -2.687006 2.687006 0.000000
N -2.687006 0.000000 -2.687006
F -5.374012 0.000000 0.000000
Q -2.687006 -2.687006 0.000000
T 0.000000 -2.687006 -2.687006


-27.350000	23b6670a0
10

Q 0.000000 0.000000 0.000000
Y 2.687006 2.687006 0.000000
Q 0.000000 2.687006 -2.687006
F 2.687006 5.374012 -2.687006
W 5.374012 2.687006 -2.687006
K 2.687006 0.000000 -2.687006
N 0.000000 -2.687006 -2.687006
F -2.687006 -2.687006 0.000000
Q -2.687006 0.000000 -2.687006
T -2.687006 2.687006 0.000000


-27.350000	6729812a0
10

Q 0.000000 0.000000 0.000000
Y 2.687006 2.687006 0.000000
Q 0.000000 2.687006 -2.687006
F 0.000000 5.374012 0.000000
W -2.687006 8.061017 0.000000
K -2.687006 5.374012 -2.687006
N -2.687006 2.687006 0.000000
F -2.687006 5.374012 2.687006
Q 0.000000 2.687006 2.687006
T -2.687006 0.000000 2.687006


-27.350000	5468a92a0
10

Q 0.000000 0.000000 0.000000
Y 2.687006 2.687006 0.000000
Q 0.000000 2.687006 -2.687006
F 0.000000 5.374012 0.000000
W 0.000000 2.687006 2.687006
K -2.687006 2.687006 0.000000
N -2.687006 0.000000 -2.687006
F -5.374012 -2.687006 -2.687006
Q -2.687006 -2.687006 0.000000
T 0.000000 -2.687006 -2.687006


-27.350000	1088a92a0
10

Q 0.000000 0.000000 0.000000
Y 2.687006 2.687006 0.000000
Q 0.000000 2.687006 -2.687006
F 0.000000 5.374012 0.000000
W 0.000000 2.687006 2.687006
K -2.687006 2.687006 0.000000
N -2.687006 0.000000 -2.687006
F -2.687006 -2.687006 -5.374012
Q 0.000000 0.000000 -5.374012
T -2.687006 2.687006 -5.374012


-27.350000	2196a07a0
10

Q 0.000000 0.000000 0.000000
Y 2.687006 2.687006 0.000000
Q 0.000000 2.687006 -2.687006
F 2.687006 0.000000 -2.687006
W 5.374012 2.687006 -2.687006
K 2.687006 2.687006 -5.374012
N 0.000000 0.000000 -5.374012
F 0.000000 -2.687006 -2.687006
Q -2.687006 0.000000 -2.687006
T -2.687006 2.687006 0.000000


-27.350000	8631b47a0
10

Q 0.000000 0.000000 0.000000
Y 2.687006 2.687006 0.000000
Q 0.000000 2.687006 -2.687006
F 2.687006 0.000000 -2.687006
W 5.374012 0.000000 0.000000
K 2.687006 0.000000 2.687006
N 0.000000 2.687006 2.687006
F 0.000000 5.374012 0.000000
Q -2.687006 2.687006 0.000000
T -2.687006 0.000000 -2.687006


-27.350000	3196a07a0
10

Q 0.000000 0.000000 0.000000
Y 2.687006 2.687006 0.000000
Q 0.000000 2.687006 -2.687006
F 2.687006 0.000000 -2.687006
W 5.374012 2.687006 -2.687006
K 2.687006 2.687006 -5.374012
N 0.000000 0.000000 -5.374012
F 0.000000 -2.687006 -2.687006
Q -2.687006 0.000000 -2.687006
T -2.687006 2.687006 -5.374012


-27.350000	9631b47a0
10

Q 0.000000 0.000000 0.000000
Y 2.687006 2.687006 0.000000
Q 0.000000 2.687006 -2.687006
F 2.687006 0.000000 -2.687006
W 5.374012 0.000000 0.000000
K 2.687006 0.000000 2.687006
N 0.000000 2.687006 2.687006
F 0.000000 5.374012 0.000000
Q -2.687006 2.687006 0.000000
T -2.687006 0.000000 2.687006


-27.350000	291a670a0
10

Q 0.000000 0.000000 0.000000
Y 2.687006 2.687006 0.000000
Q 0.000000 2.687006 -2.687006
F 2.687006 5.374012 -2.687006
W 5.374012 2.687006 -2.687006
K 2.687006 0.000000 -2.687006
N 0.000000 0.000000 -5.374012
F -2.687006 2.687006 -5.374012
Q -2.687006 0.000000 -2.687006
T -2.687006 2.687006 0.000000


-27.350000	6909ba0a0
10

Q 0.000000 0.000000 0.000000
Y 2.687006 2.687006 0.000000
Q 0.000000 2.687006 -2.687006
F 2.687006 5.374012 -2.687006
W 0.000000 5.374012 -5.374012
K -2.687006 5.374012 -2.687006
N -2.687006 2.687006 0.000000
F 0.000000 5.374012 0.000000
Q 0.000000 2.687006 2.687006
T -2.687006 0.000000 2.687006


-27.350000	9b3a647a0
10

Q 0.000000 0.000000 0.000000
Y 2.687006 2.687006 0.000000
Q 0.000000 2.687006 -2.687006
F 2.687006 0.000000 -2.687006
W 5.374012 0.000000 0.000000
K 2.687006 -2.687006 0.000000
N 0.000000 -2.687006 -2.687006
F 0.000000 0.000000 -5.374012
Q -2.687006 0.000000 -2.687006
T -2.687006 -2.687006 0.000000


-27.350000	2b3a647a0
10

Q 0.000000 0.000000 0.000000
Y 2.687006 2.687006 0.000000
Q 0.000000 2.687006 -2.687006
F 2.687006 0.000000 -2.687006
W 5.374012 0.000000 0.000000
K 2.687006 -2.687006 0.000000
N 0.000000 -2.687006 -2.687006
F 0.000000 0.000000 -5.374012
Q -2.687006 0.000000 -2.687006
T -2.687006 2.687006 0.000000
