-47.880000	73496b0a0
10

Y 0.000000 0.000000 0.000000
Y 2.687006 2.687006 0.000000
D 0.000000 2.687006 -2.687006
P 2.687006 5.374012 -2.687006
E 0.000000 5.374012 0.000000
T -2.687006 2.687006 0.000000
G -2.687006 0.000000 2.687006
T 0.000000 0.000000 5.374012
W 0.000000 2.687006 2.687006
Y 2.687006 0.000000 2.687006


-47.880000	70a69b340
10

Y 0.000000 0.000000 0.000000
Y 2.687006 2.687006 0.000000
D 5.374012 2.687006 2.687006
P 5.374012 5.374012 0.000000
E 2.687006 5.374012 2.687006
T 2.687006 2.687006 5.374012
G 0.000000 0.000000 5.374012
T -2.687006 0.000000 2.687006
W 0.000000 2.687006 2.687006
Y 2.687006 0.000000 2.687006


-47.880000	3657642a0
10

Y 0.000000 0.000000 0.000000
Y 2.687006 2.687006 0.000000
D 0.000000 2.687006 -2.687006
P 0.000000 5.374012 0.000000
E 2.687006 5.374012 2.687006
T 0.000000 2.687006 2.687006
G 2.687006 0.000000 2.687006
T 5.374012 0.000000 0.000000
W 2.687006 -2.687006 0.000000
Y 2.687006 0.000000 -2.687006


-47.880000	7a94026a0
10

Y 0.000000 0.000000 0.000000
Y 2.687006 2.687006 0.000000
D 0.000000 2.687006 -2.687006
P -2.687006 0.000000 -2.687006
E -2.687006 2.687006 0.000000
T 0.000000 5.374012 0.000000
G 2.687006 5.374012 2.687006
T 2.687006 2.687006 5.374012
W 0.000000 2.687006 2.687006
Y 2.687006 0.000000 2.687006


-47.880000	648312640
10

Y 0.000000 0.000000 0.000000
Y 2.687006 2.687006 0.000000
D 5.374012 2.687006 2.687006
P 2.687006 0.000000 2.687006
E 2.687006 2.687006 5.374012
T 0.000000 5.374012 5.374012
G 0.000000 8.061017 2.687006
T 0.000000 5.374012 0.000000
W 2.687006 5.374012 2.687006
Y 0.000000 2.687006 2.687006


-47.880000	318b792a0
10

Y 0.000000 0.000000 0.000000
Y 2.687006 2.687006 0.000000
D 0.000000 2.687006 -2.687006
P 0.000000 5.374012 0.000000
E 0.000000 2.687006 2.687006
T 2.687006 0.000000 2.687006
G 0.000000 0.000000 5.374012
T 0.000000 -2.687006 2.687006
W -2.687006 0.000000 2.687006
Y -2.687006 2.687006 0.000000


-47.880000	746a31940
10

Y 0.000000 0.000000 0.000000
Y 2.687006 2.687006 0.000000
D 5.374012 2.687006 2.687006
P 5.374012 0.000000 5.374012
E 2.687006 2.687006 5.374012
T 2.687006 5.374012 2.687006
G 0.000000 5.374012 0.000000
T -2.687006 2.687006 0.000000
W 0.000000 2.687006 2.687006
Y 2.687006 0.000000 2.687006


-47.880000	38b9275a0
10

Y 0.000000 0.000000 0.000000
Y 2.687006 2.687006 0.000000
D 0.000000 2.687006 -2.687006
P 2.687006 2.687006 -5.374012
E 5.374012 0.000000 -5.374012
T 5.374012 2.687006 -2.687006
G 5.374012 0.000000 0.000000
T 2.687006 0.000000 2.687006
W 2.687006 -2.687006 0.000000
Y 2.687006 0.000000 -2.687006


-47.880000	38b9840a0
10

Y 0.000000 0.000000 0.000000
Y 2.687006 2.687006 0.000000
D 0.000000 2.687006 -2.687006
P 2.687006 5.374012 -2.687006
E 5.374012 5.374012 0.000000
T 5.374012 2.687006 -2.687006
G 5.374012 0.000000 0.000000
T 2.687006 0.000000 2.687006
W 2.687006 -2.687006 0.000000
Y 2.687006 0.000000 -2.687006


-47.880000	a15274ba0
10

Y 0.000000 0.000000 0.000000
Y 2.687006 2.687006 0.000000
D 0.000000 2.687006 -2.687006
P -2.687006 2.687006 0.000000
E 0.000000 2.687006 2.687006
T 2.687006 0.000000 2.687006
G 2.687006 2.687006 5.374012
T 5.374012 2.687006 2.687006
W 2.687006 5.374012 2.687006
Y 0.000000 5.374012 0.000000


-47.880000	365709ba0
10

Y 0.000000 0.000000 0.000000
Y 2.687006 2.687006 0.000000
D 0.000000 2.687006 -2.687006
P -2.687006 2.687006 0.000000
E -2.687006 0.000000 2.687006
T 0.000000 2.687006 2.687006
G 2.687006 0.000000 2.687006
T 5.374012 0.000000 0.000000
W 2.687006 -2.687006 0.000000
Y 2.687006 0.000000 -2.687006


-47.880000	251496800
10

Y 0.000000 0.000000 0.000000
Y 2.687006 2.687006 0.000000
D 5.374012 5.374012 0.000000
P 5.374012 2.687006 -2.687006
E 2.687006 0.000000 -2.687006
T 2.687006 -2.687006 0.000000
G 5.374012 -2.687006 2.687006
T 2.687006 0.000000 2.687006
W 5.374012 0.000000 0.000000
Y 5.374012 2.687006 2.687006


-47.880000	a08709ba0
10

Y 0.000000 0.000000 0.000000
Y 2.687006 2.687006 0.000000
D 0.000000 2.687006 -2.687006
P -2.687006 2.687006 0.000000
E -2.687006 0.000000 2.687006
T 0.000000 2.687006 2.687006
G 2.687006 0.000000 2.687006
T 2.687006 -2.687006 0.000000
W 5.374012 0.000000 0.000000
Y 2.687006 0.000000 -2.687006


-47.880000	a087642a0
10

Y 0.000000 0.000000 0.000000
Y 2.687006 2.687006 0.000000
D 0.000000 2.687006 -2.687006
P 0.000000 5.374012 0.000000
E 2.687006 5.374012 2.687006
T 0.000000 2.687006 2.687006
G 2.687006 0.000000 2.687006
T 2.687006 -2.687006 0.000000
W 5.374012 0.000000 0.000000
Y 2.687006 0.000000 -2.687006


-47.880000	237296800
10

Y 0.000000 0.000000 0.000000
Y 2.687006 2.687006 0.000000
D 5.374012 5.374012 0.000000
P 5.374012 2.687006 -2.687006
E 2.687006 0.000000 -2.687006
T 2.687006 -2.687006 0.000000
G 2.687006 0.000000 2.687006
T 5.374012 -2.687006 2.687006
W 5.374012 0.000000 0.000000
Y 5.374012 2.687006 2.687006


-47.880000	341586900
10

Y 0.000000 0.000000 0.000000
Y 2.687006 2.687006 0.000000
D 5.374012 5.374012 0.000000
P 5.374012 2.687006 2.687006
E 2.687006 0.000000 2.687006
T 2.687006 -2.687006 0.000000
G 5.374012 -2.687006 -2.687006
T 2.687006 0.000000 -2.687006
W 5.374012 0.000000 0.000000
Y 5.374012 2.687006 -2.687006


-47.880000	4514b6a00
10

Y 0.000000 0.000000 0.000000
Y 2.687006 2.687006 0.000000
D 5.374012 5.374012 0.000000
P 2.687006 5.374012 -2.687006
E 0.000000 2.687006 -2.687006
T -2.687006 2.687006 0.000000
G 0.000000 2.687006 2.687006
T -2.687006 5.374012 2.687006
W 0.000000 5.374012 0.000000
Y 2.687006 5.374012 2.687006


-47.880000	327386900
10

Y 0.000000 0.000000 0.000000
Y 2.687006 2.687006 0.000000
D 5.374012 5.374012 0.000000
P 5.374012 2.687006 2.687006
E 2.687006 0.000000 2.687006
T 2.687006 -2.687006 0.000000
G 2.687006 0.000000 -2.687006
T 5.374012 -2.687006 -2.687006
W 5.374012 0.000000 0.000000
Y 5.374012 2.687006 -2.687006


-47.880000	4372b6a00
10

Y 0.000000 0.000000 0.000000
Y 2.687006 2.687006 0.000000
D 5.374012 5.374012 0.000000
P 2.687006 5.374012 -2.687006
E 0.000000 2.687006 -2.687006
T -2.687006 2.687006 0.000000
G -2.687006 5.374012 2.687006
T 0.000000 2.687006 2.687006
W 0.000000 5.374012 0.000000
Y 2.687006 5.374012 2.687006


-47.880000	5415a6b00
10

Y 0.000000 0.000000 0.000000
Y 2.687006 2.687006 0.000000
D 5.374012 5.374012 0.000000
P 2.687006 5.374012 2.687006
E 0.000000 2.687006 2.687006
T -2.687006 2.687006 0.000000
G 0.000000 2.687006 -2.687006
T -2.687006 5.374012 -2.687006
W 0.000000 5.374012 0.000000
Y 2.687006 5.374012 -2.687006


-47.880000	5273a6b00
10

Y 0.000000 0.000000 0.000000
Y 2.687006 2.687006 0.000000
D 5.374012 5.374012 0.000000
P 2.687006 5.374012 2.687006
E 0.000000 2.687006 2.687006
T -2.687006 2.687006 0.000000
G -2.687006 5.374012 -2.687006
T 0.000000 2.687006 -2.687006
W 0.000000 5.374012 0.000000
Y 2.687006 5.374012 -2.687006


-47.880000	a524596a0
10

Y 0.000000 0.000000 0.000000
Y 2.687006 2.687006 0.000000
D 0.000000 2.687006 -2.687006
P -2.687006 0.000000 -2.687006
E -2.687006 -2.687006 0.000000
T 0.000000 -2.687006 -2.687006
G 2.687006 -2.687006 0.000000
T 2.687006 0.000000 2.687006
W 5.374012 0.000000 0.000000
Y 2.687006 0.000000 -2.687006


-47.880000	a524b78a0
10

Y 0.000000 0.000000 0.000000
Y 2.687006 2.687006 0.000000
D 0.000000 2.687006 -2.687006
P 0.000000 0.000000 -5.374012
E 2.687006 -2.687006 -5.374012
T 0.000000 -2.687006 -2.687006
G 2.687006 -2.687006 0.000000
T 2.687006 0.000000 2.687006
W 5.374012 0.000000 0.000000
Y 2.687006 0.000000 -2.687006
