-57.810000	631569140
10

Q 0.000000 0.000000 0.000000
Y 2.687006 2.687006 0.000000
Q 5.374012 2.687006 2.687006
F 2.687006 5.374012 2.687006
W 2.687006 2.687006 5.374012
K 0.000000 0.000000 5.374012
N 2.687006 0.000000 2.687006
F 0.000000 2.687006 2.687006
Q 0.000000 5.374012 0.000000
T -2.687006 2.687006 0.000000


-57.810000	096480810
10

Q 0.000000 0.000000 0.000000
Y 2.687006 2.687006 0.000000
Q 0.000000 5.374012 0.000000
F 0.000000 2.687006 -2.687006
W 2.687006 5.374012 -2.687006
K 2.687006 2.687006 -5.374012
N 5.374012 2.687006 -2.687006
F 2.687006 0.000000 -2.687006
Q 2.687006 -2.687006 0.000000
T 5.374012 0.000000 0.000000


-57.810000	731527910
10

Q 0.000000 0.000000 0.000000
Y 2.687006 2.687006 0.000000
Q 0.000000 5.374012 0.000000
F 0.000000 2.687006 2.687006
W 2.687006 0.000000 2.687006
K 2.687006 2.687006 5.374012
N 5.374012 2.687006 2.687006
F 2.687006 5.374012 2.687006
Q 2.687006 8.061017 0.000000
T 5.374012 5.374012 0.000000


-57.810000	086590910
10

Q 0.000000 0.000000 0.000000
Y 2.687006 2.687006 0.000000
Q 0.000000 5.374012 0.000000
F 0.000000 2.687006 2.687006
W 2.687006 5.374012 2.687006
K 2.687006 2.687006 5.374012
N 5.374012 2.687006 2.687006
F 2.687006 0.000000 2.687006
Q 2.687006 -2.687006 0.000000
T 5.374012 0.000000 0.000000


-57.810000	721437810
10

Q 0.000000 0.000000 0.000000
Y 2.687006 2.687006 0.000000
Q 0.000000 5.374012 0.000000
F 0.000000 2.687006 -2.687006
W 2.687006 0.000000 -2.687006
K 2.687006 2.687006 -5.374012
N 5.374012 2.687006 -2.687006
F 2.687006 5.374012 -2.687006
Q 2.687006 8.061017 0.000000
T 5.374012 5.374012 0.000000


-57.810000	437a12640
10

Q 0.000000 0.000000 0.000000
Y 2.687006 2.687006 0.000000
Q 5.374012 2.687006 2.687006
F 2.687006 0.000000 2.687006
W 2.687006 2.687006 5.374012
K 0.000000 5.374012 5.374012
N -2.687006 5.374012 2.687006
F 0.000000 2.687006 2.687006
Q 0.000000 5.374012 0.000000
T 2.687006 5.374012 2.687006


-57.810000	434158640
10

Q 0.000000 0.000000 0.000000
Y 2.687006 2.687006 0.000000
Q 5.374012 2.687006 2.687006
F 2.687006 0.000000 2.687006
W 2.687006 -2.687006 0.000000
K 5.374012 -2.687006 -2.687006
N 2.687006 0.000000 -2.687006
F 5.374012 0.000000 0.000000
Q 5.374012 2.687006 -2.687006
T 8.061017 2.687006 0.000000


-57.810000	636512640
10

Q 0.000000 0.000000 0.000000
Y 2.687006 2.687006 0.000000
Q 5.374012 2.687006 2.687006
F 2.687006 0.000000 2.687006
W 2.687006 2.687006 5.374012
K 0.000000 5.374012 5.374012
N 2.687006 5.374012 2.687006
F 0.000000 2.687006 2.687006
Q 0.000000 5.374012 0.000000
T -2.687006 2.687006 0.000000


-57.810000	63b058640
10

Q 0.000000 0.000000 0.000000
Y 2.687006 2.687006 0.000000
Q 5.374012 2.687006 2.687006
F 2.687006 0.000000 2.687006
W 2.687006 -2.687006 0.000000
K 5.374012 -2.687006 -2.687006
N 8.061017 0.000000 -2.687006
F 5.374012 0.000000 0.000000
Q 5.374012 2.687006 -2.687006
T 2.687006 0.000000 -2.687006
