-27.100000	b488ab0a0
10

Q 0.000000 0.000000 0.000000
Y 2.687006 2.687006 0.000000
Q 0.000000 2.687006 -2.687006
F 2.687006 5.374012 -2.687006
W 0.000000 5.374012 0.000000
K -2.687006 5.374012 -2.687006
N -2.687006 2.687006 -5.374012
F -2.687006 0.000000 -8.061017
Q 0.000000 0.000000 -5.374012
T -2.687006 0.000000 -2.687006


-27.100000	b486a52a0
10

Q 0.000000 0.000000 0.000000
Y 2.687006 2.687006 0.000000
Q 0.000000 2.687006 -2.687006
F 0.000000 5.374012 0.000000
W 2.687006 5.374012 -2.687006
K 0.000000 5.374012 -5.374012
N -2.687006 2.687006 -5.374012
F -2.687006 0.000000 -8.061017
Q 0.000000 0.000000 -5.374012
T -2.687006 0.000000 -2.687006


-27.100000	92a6852a0
10

Q 0.000000 0.000000 0.000000
Y 2.687006 2.687006 0.000000
Q 0.000000 2.687006 -2.687006
F 0.000000 5.374012 0.000000
W 2.687006 5.374012 -2.687006
K 2.687006 2.687006 -5.374012
N 0.000000 0.000000 -5.374012
F -2.687006 0.000000 -8.061017
Q -2.687006 2.687006 -5.374012
T -2.687006 0.000000 -2.687006


-27.100000	b958ab0a0
10

Q 0.000000 0.000000 0.000000
Y 2.687006 2.687006 0.000000
Q 0.000000 2.687006 -2.687006
F 2.687006 5.374012 -2.687006
W 0.000000 5.374012 0.000000
K -2.687006 5.374012 -2.687006
N -2.687006 2.687006 -5.374012
F 0.000000 2.687006 -8.061017
Q 0.000000 0.000000 -5.374012
T -2.687006 0.000000 -2.687006


-27.100000	1b76852a0
10

Q 0.000000 0.000000 0.000000
Y 2.687006 2.687006 0.000000
Q 0.000000 2.687006 -2.687006
F 0.000000 5.374012 0.000000
W 2.687006 5.374012 -2.687006
K 2.687006 2.687006 -5.374012
N 0.000000 0.000000 -5.374012
F 2.687006 -2.687006 -5.374012
Q 0.000000 -2.687006 -2.687006
T -2.687006 0.000000 -2.687006


-27.100000	1378692a0
10

Q 0.000000 0.000000 0.000000
Y 2.687006 2.687006 0.000000
Q 0.000000 2.687006 -2.687006
F 0.000000 5.374012 0.000000
W 0.000000 2.687006 2.687006
K -2.687006 0.000000 2.687006
N -2.687006 -2.687006 0.000000
F 0.000000 -5.374012 0.000000
Q 0.000000 -2.687006 -2.687006
T -2.687006 0.000000 -2.687006


-27.100000	7638bb0a0
10

Q 0.000000 0.000000 0.000000
Y 2.687006 2.687006 0.000000
Q 0.000000 2.687006 -2.687006
F 2.687006 5.374012 -2.687006
W 0.000000 5.374012 0.000000
K -2.687006 5.374012 2.687006
N -2.687006 2.687006 0.000000
F -2.687006 5.374012 -2.687006
Q -5.374012 2.687006 -2.687006
T -2.687006 0.000000 -2.687006


-27.100000	1088692a0
10

Q 0.000000 0.000000 0.000000
Y 2.687006 2.687006 0.000000
Q 0.000000 2.687006 -2.687006
F 0.000000 5.374012 0.000000
W 0.000000 2.687006 2.687006
K -2.687006 0.000000 2.687006
N -2.687006 -2.687006 0.000000
F -2.687006 -5.374012 -2.687006
Q 0.000000 -2.687006 -2.687006
T -2.687006 0.000000 -2.687006


-27.100000	9838bb0a0
10

Q 0.000000 0.000000 0.000000
Y 2.687006 2.687006 0.000000
Q 0.000000 2.687006 -2.687006
F 2.687006 5.374012 -2.687006
W 0.000000 5.374012 0.000000
K -2.687006 5.374012 2.687006
N -2.687006 2.687006 0.000000
F -2.687006 5.374012 -2.687006
Q -2.687006 2.687006 -5.374012
T -2.687006 0.000000 -2.687006


-27.100000	8a2369410
10

Q 0.000000 0.000000 0.000000
Y 2.687006 2.687006 0.000000
Q 0.000000 5.374012 0.000000
F 2.687006 5.374012 2.687006
W 2.687006 2.687006 5.374012
K 0.000000 0.000000 5.374012
N 0.000000 2.687006 2.687006
F 0.000000 5.374012 5.374012
Q -2.687006 5.374012 2.687006
T -2.687006 2.687006 0.000000


-27.100000	9b3268510
10

Q 0.000000 0.000000 0.000000
Y 2.687006 2.687006 0.000000
Q 0.000000 5.374012 0.000000
F 2.687006 5.374012 -2.687006
W 2.687006 2.687006 -5.374012
K 0.000000 0.000000 -5.374012
N 0.000000 2.687006 -2.687006
F 0.000000 5.374012 -5.374012
Q -2.687006 5.374012 -2.687006
T -2.687006 2.687006 0.000000


-27.100000	9638b20a0
10

Q 0.000000 0.000000 0.000000
Y 2.687006 2.687006 0.000000
Q 0.000000 2.687006 -2.687006
F 2.687006 5.374012 -2.687006
W 2.687006 8.061017 0.000000
K 0.000000 8.061017 2.687006
N 0.000000 5.374012 0.000000
F 0.000000 8.061017 -2.687006
Q -2.687006 5.374012 -2.687006
T -2.687006 2.687006 0.000000
