-48.460000	75149b810
10

Y 0.000000 0.000000 0.000000
Y 2.687006 2.687006 0.000000
D 0.000000 5.374012 0.000000
P 0.000000 2.687006 -2.687006
E -2.687006 2.687006 0.000000
T -2.687006 0.000000 2.687006
G 0.000000 0.000000 5.374012
T -2.687006 2.687006 5.374012
W 0.000000 2.687006 2.687006
Y 2.687006 0.000000 2.687006


-48.460000	74158a910
10

Y 0.000000 0.000000 0.000000
Y 2.687006 2.687006 0.000000
D 0.000000 5.374012 0.000000
P 0.000000 2.687006 2.687006
E -2.687006 2.687006 0.000000
T -2.687006 0.000000 -2.687006
G 0.000000 0.000000 -5.374012
T -2.687006 2.687006 -5.374012
W 0.000000 2.687006 -2.687006
Y 2.687006 0.000000 -2.687006


-48.460000	73729b810
10

Y 0.000000 0.000000 0.000000
Y 2.687006 2.687006 0.000000
D 0.000000 5.374012 0.000000
P 0.000000 2.687006 -2.687006
E -2.687006 2.687006 0.000000
T -2.687006 0.000000 2.687006
G -2.687006 2.687006 5.374012
T 0.000000 0.000000 5.374012
W 0.000000 2.687006 2.687006
Y 2.687006 0.000000 2.687006


-48.460000	72738a910
10

Y 0.000000 0.000000 0.000000
Y 2.687006 2.687006 0.000000
D 0.000000 5.374012 0.000000
P 0.000000 2.687006 2.687006
E -2.687006 2.687006 0.000000
T -2.687006 0.000000 -2.687006
G -2.687006 2.687006 -5.374012
T 0.000000 0.000000 -5.374012
W 0.000000 2.687006 -2.687006
Y 2.687006 0.000000 -2.687006


-48.460000	3802b77a0
10

Y 0.000000 0.000000 0.000000
Y 2.687006 2.687006 0.000000
D 0.000000 2.687006 -2.687006
P 2.687006 0.000000 -2.687006
E 5.374012 -2.687006 -2.687006
T 2.687006 -2.687006 0.000000
G 2.687006 0.000000 2.687006
T 5.374012 2.687006 2.687006
W 5.374012 0.000000 0.000000
Y 5.374012 2.687006 -2.687006


-48.460000	134869140
10

Y 0.000000 0.000000 0.000000
Y 2.687006 2.687006 0.000000
D 5.374012 2.687006 2.687006
P 2.687006 5.374012 2.687006
E 2.687006 2.687006 5.374012
T 0.000000 0.000000 5.374012
G 0.000000 -2.687006 2.687006
T 2.687006 -2.687006 5.374012
W 2.687006 0.000000 2.687006
Y 0.000000 2.687006 2.687006


-48.460000	10a769140
10

Y 0.000000 0.000000 0.000000
Y 2.687006 2.687006 0.000000
D 5.374012 2.687006 2.687006
P 2.687006 5.374012 2.687006
E 2.687006 2.687006 5.374012
T 0.000000 0.000000 5.374012
G 2.687006 -2.687006 5.374012
T 0.000000 -2.687006 2.687006
W 2.687006 0.000000 2.687006
Y 0.000000 2.687006 2.687006


-48.460000	a56b277a0
10

Y 0.000000 0.000000 0.000000
Y 2.687006 2.687006 0.000000
D 0.000000 2.687006 -2.687006
P 2.687006 0.000000 -2.687006
E 5.374012 -2.687006 -2.687006
T 5.374012 0.000000 0.000000
G 2.687006 0.000000 2.687006
T 0.000000 -2.687006 2.687006
W 2.687006 -2.687006 0.000000
Y 0.000000 -2.687006 -2.687006
