-49.060000	369502ba0
10

Y 0.000000 0.000000 0.000000
Y 2.687006 2.687006 0.000000
D 0.000000 2.687006 -2.687006
P -2.687006 2.687006 0.000000
E -2.687006 5.374012 2.687006
T 0.000000 8.061017 2.687006
G 2.687006 8.061017 0.000000
T 2.687006 5.374012 2.687006
W 0.000000 2.687006 2.687006
Y 0.000000 5.374012 0.000000


-49.060000	a0486b2a0
10

Y 0.000000 0.000000 0.000000
Y 2.687006 2.687006 0.000000
D 0.000000 2.687006 -2.687006
P 0.000000 5.374012 0.000000
E -2.687006 5.374012 2.687006
T -5.374012 2.687006 2.687006
G -5.374012 0.000000 0.000000
T -2.687006 0.000000 2.687006
W 0.000000 2.687006 2.687006
Y -2.687006 2.687006 0.000000


-49.060000	a0a6945a0
10

Y 0.000000 0.000000 0.000000
Y 2.687006 2.687006 0.000000
D 0.000000 2.687006 -2.687006
P 2.687006 2.687006 -5.374012
E 5.374012 2.687006 -2.687006
T 5.374012 0.000000 0.000000
G 2.687006 -2.687006 0.000000
T 0.000000 -2.687006 -2.687006
W 2.687006 0.000000 -2.687006
Y 0.000000 0.000000 -5.374012


-49.060000	9a57462a0
10

Y 0.000000 0.000000 0.000000
Y 2.687006 2.687006 0.000000
D 0.000000 2.687006 -2.687006
P 0.000000 5.374012 0.000000
E -2.687006 2.687006 0.000000
T 0.000000 2.687006 2.687006
G 2.687006 0.000000 2.687006
T 5.374012 0.000000 0.000000
W 2.687006 0.000000 -2.687006
Y 2.687006 -2.687006 0.000000


-49.060000	438790ba0
10

Y 0.000000 0.000000 0.000000
Y 2.687006 2.687006 0.000000
D 0.000000 2.687006 -2.687006
P -2.687006 2.687006 0.000000
E 0.000000 5.374012 0.000000
T 0.000000 2.687006 2.687006
G 2.687006 0.000000 2.687006
T 2.687006 -2.687006 0.000000
W 2.687006 0.000000 -2.687006
Y 5.374012 0.000000 0.000000


-49.060000	4387462a0
10

Y 0.000000 0.000000 0.000000
Y 2.687006 2.687006 0.000000
D 0.000000 2.687006 -2.687006
P 0.000000 5.374012 0.000000
E -2.687006 2.687006 0.000000
T 0.000000 2.687006 2.687006
G 2.687006 0.000000 2.687006
T 2.687006 -2.687006 0.000000
W 2.687006 0.000000 -2.687006
Y 5.374012 0.000000 0.000000


-49.060000	a1b8742a0
10

Y 0.000000 0.000000 0.000000
Y 2.687006 2.687006 0.000000
D 0.000000 2.687006 -2.687006
P 0.000000 5.374012 0.000000
E 2.687006 5.374012 2.687006
T 5.374012 2.687006 2.687006
G 5.374012 0.000000 0.000000
T 2.687006 0.000000 2.687006
W 0.000000 2.687006 2.687006
Y -2.687006 2.687006 0.000000


-49.060000	3630498a0
10

Y 0.000000 0.000000 0.000000
Y 2.687006 2.687006 0.000000
D 0.000000 2.687006 -2.687006
P 0.000000 0.000000 -5.374012
E 0.000000 -2.687006 -2.687006
T 2.687006 -2.687006 0.000000
G 5.374012 0.000000 0.000000
T 5.374012 2.687006 -2.687006
W 2.687006 0.000000 -2.687006
Y 2.687006 2.687006 -5.374012


-49.060000	312579ba0
10

Y 0.000000 0.000000 0.000000
Y 2.687006 2.687006 0.000000
D 0.000000 2.687006 -2.687006
P -2.687006 2.687006 0.000000
E -2.687006 0.000000 2.687006
T 0.000000 -2.687006 2.687006
G 2.687006 -2.687006 0.000000
T 2.687006 0.000000 2.687006
W 0.000000 2.687006 2.687006
Y 0.000000 5.374012 0.000000


-49.060000	5296a7340
10

Y 0.000000 0.000000 0.000000
Y 2.687006 2.687006 0.000000
D 5.374012 2.687006 2.687006
P 5.374012 5.374012 0.000000
E 8.061017 2.687006 0.000000
T 5.374012 2.687006 -2.687006
G 2.687006 0.000000 -2.687006
T 2.687006 -2.687006 0.000000
W 2.687006 0.000000 2.687006
Y 5.374012 0.000000 0.000000


-49.060000	9a5790ba0
10

Y 0.000000 0.000000 0.000000
Y 2.687006 2.687006 0.000000
D 0.000000 2.687006 -2.687006
P -2.687006 2.687006 0.000000
E 0.000000 5.374012 0.000000
T 0.000000 2.687006 2.687006
G 2.687006 0.000000 2.687006
T 5.374012 0.000000 0.000000
W 2.687006 0.000000 -2.687006
Y 2.687006 -2.687006 0.000000


-49.060000	529681540
10

Y 0.000000 0.000000 0.000000
Y 2.687006 2.687006 0.000000
D 5.374012 2.687006 2.687006
P 8.061017 2.687006 0.000000
E 5.374012 5.374012 0.000000
T 5.374012 2.687006 -2.687006
G 2.687006 0.000000 -2.687006
T 2.687006 -2.687006 0.000000
W 2.687006 0.000000 2.687006
Y 5.374012 0.000000 0.000000
