-14.290000	37a0
5

G 0.000000 0.000000 0.000000
N 2.687006 2.687006 0.000000
L 0.000000 2.687006 -2.687006
V 2.687006 0.000000 -2.687006
S 2.687006 2.687006 -5.374012


-14.290000	a7a0
5

G 0.000000 0.000000 0.000000
N 2.687006 2.687006 0.000000
L 0.000000 2.687006 -2.687006
V 2.687006 0.000000 -2.687006
S 0.000000 0.000000 -5.374012


-13.280000	26a0
5

G 0.000000 0.000000 0.000000
N 2.687006 2.687006 0.000000
L 0.000000 2.687006 -2.687006
V -2.687006 0.000000 -2.687006
S -2.687006 2.687006 0.000000


-13.280000	8ba0
5

G 0.000000 0.000000 0.000000
N 2.687006 2.687006 0.000000
L 0.000000 2.687006 -2.687006
V -2.687006 2.687006 0.000000
S -2.687006 0.000000 -2.687006


-13.040000	0ba0
5

G 0.000000 0.000000 0.000000
N 2.687006 2.687006 0.000000
L 0.000000 2.687006 -2.687006
V -2.687006 2.687006 0.000000
S 0.000000 5.374012 0.000000


-12.730000	62a0
5

G 0.000000 0.000000 0.000000
N 2.687006 2.687006 0.000000
L 0.000000 2.687006 -2.687006
V 0.000000 5.374012 0.000000
S -2.687006 2.687006 0.000000


-12.490000	b0a0
5

G 0.000000 0.000000 0.000000
N 2.687006 2.687006 0.000000
L 0.000000 2.687006 -2.687006
V 2.687006 5.374012 -2.687006
S 0.000000 5.374012 0.000000


-12.490000	52a0
5

G 0.000000 0.000000 0.000000
N 2.687006 2.687006 0.000000
L 0.000000 2.687006 -2.687006
V 0.000000 5.374012 0.000000
S 2.687006 5.374012 -2.687006


-12.190000	67a0
5

G 0.000000 0.000000 0.000000
N 2.687006 2.687006 0.000000
L 0.000000 2.687006 -2.687006
V 2.687006 0.000000 -2.687006
S 0.000000 -2.687006 -2.687006


-12.190000	97a0
5

G 0.000000 0.000000 0.000000
N 2.687006 2.687006 0.000000
L 0.000000 2.687006 -2.687006
V 2.687006 0.000000 -2.687006
S 2.687006 -2.687006 0.000000


-11.950000	47a0
5

G 0.000000 0.000000 0.000000
N 2.687006 2.687006 0.000000
L 0.000000 2.687006 -2.687006
V 2.687006 0.000000 -2.687006
S 5.374012 0.000000 0.000000


-11.950000	a910
5

G 0.000000 0.000000 0.000000
N 2.687006 2.687006 0.000000
L 0.000000 5.374012 0.000000
V 0.000000 2.687006 2.687006
S -2.687006 2.687006 0.000000


-11.950000	b810
5

G 0.000000 0.000000 0.000000
N 2.687006 2.687006 0.000000
L 0.000000 5.374012 0.000000
V 0.000000 2.687006 -2.687006
S -2.687006 2.687006 0.000000


-11.950000	07a0
5

G 0.000000 0.000000 0.000000
N 2.687006 2.687006 0.000000
L 0.000000 2.687006 -2.687006
V 2.687006 0.000000 -2.687006
S 5.374012 2.687006 -2.687006


-11.710000	5640
5

G 0.000000 0.000000 0.000000
N 2.687006 2.687006 0.000000
L 5.374012 2.687006 2.687006
V 2.687006 0.000000 2.687006
S 5.374012 0.000000 0.000000


-11.710000	0910
5

G 0.000000 0.000000 0.000000
N 2.687006 2.687006 0.000000
L 0.000000 5.374012 0.000000
V 0.000000 2.687006 2.687006
S 2.687006 5.374012 2.687006


-11.710000	0810
5

G 0.000000 0.000000 0.000000
N 2.687006 2.687006 0.000000
L 0.000000 5.374012 0.000000
V 0.000000 2.687006 -2.687006
S 2.687006 5.374012 -2.687006


-11.480000	48a0
5

G 0.000000 0.000000 0.000000
N 2.687006 2.687006 0.000000
L 0.000000 2.687006 -2.687006
V 0.000000 0.000000 -5.374012
S 2.687006 0.000000 -2.687006


-11.480000	95a0
5

G 0.000000 0.000000 0.000000
N 2.687006 2.687006 0.000000
L 0.000000 2.687006 -2.687006
V 2.687006 2.687006 -5.374012
S 2.687006 0.000000 -2.687006


-11.460000	36a0
5

G 0.000000 0.000000 0.000000
N 2.687006 2.687006 0.000000
L 0.000000 2.687006 -2.687006
V -2.687006 0.000000 -2.687006
S -2.687006 2.687006 -5.374012


-11.460000	56a0
5

G 0.000000 0.000000 0.000000
N 2.687006 2.687006 0.000000
L 0.000000 2.687006 -2.687006
V -2.687006 0.000000 -2.687006
S 0.000000 0.000000 -5.374012


-11.460000	3ba0
5

G 0.000000 0.000000 0.000000
N 2.687006 2.687006 0.000000
L 0.000000 2.687006 -2.687006
V -2.687006 2.687006 0.000000
S -2.687006 5.374012 -2.687006


-10.940000	4ba0
5

G 0.000000 0.000000 0.000000
N 2.687006 2.687006 0.000000
L 0.000000 2.687006 -2.687006
V -2.687006 2.687006 0.000000
S 0.000000 2.687006 2.687006


-10.910000	80a0
5

G 0.000000 0.000000 0.000000
N 2.687006 2.687006 0.000000
L 0.000000 2.687006 -2.687006
V 2.687006 5.374012 -2.687006
S 2.687006 2.687006 -5.374012


-10.910000	a2a0
5

G 0.000000 0.000000 0.000000
N 2.687006 2.687006 0.000000
L 0.000000 2.687006 -2.687006
V 0.000000 5.374012 0.000000
S -2.687006 5.374012 -2.687006


-10.910000	a0a0
5

G 0.000000 0.000000 0.000000
N 2.687006 2.687006 0.000000
L 0.000000 2.687006 -2.687006
V 2.687006 5.374012 -2.687006
S 0.000000 5.374012 -5.374012


-10.700000	4610
5

G 0.000000 0.000000 0.000000
N 2.687006 2.687006 0.000000
L 0.000000 5.374012 0.000000
V -2.687006 2.687006 0.000000
S 0.000000 2.687006 2.687006


-10.700000	5610
5

G 0.000000 0.000000 0.000000
N 2.687006 2.687006 0.000000
L 0.000000 5.374012 0.000000
V -2.687006 2.687006 0.000000
S 0.000000 2.687006 -2.687006


-10.390000	92a0
5

G 0.000000 0.000000 0.000000
N 2.687006 2.687006 0.000000
L 0.000000 2.687006 -2.687006
V 0.000000 5.374012 0.000000
S 0.000000 2.687006 2.687006


-10.370000	57a0
5

G 0.000000 0.000000 0.000000
N 2.687006 2.687006 0.000000
L 0.000000 2.687006 -2.687006
V 2.687006 0.000000 -2.687006
S 5.374012 0.000000 -5.374012


-10.370000	77a0
5

G 0.000000 0.000000 0.000000
N 2.687006 2.687006 0.000000
L 0.000000 2.687006 -2.687006
V 2.687006 0.000000 -2.687006
S 5.374012 -2.687006 -2.687006


-10.370000	87a0
5

G 0.000000 0.000000 0.000000
N 2.687006 2.687006 0.000000
L 0.000000 2.687006 -2.687006
V 2.687006 0.000000 -2.687006
S 2.687006 -2.687006 -5.374012


-10.150000	6510
5

G 0.000000 0.000000 0.000000
N 2.687006 2.687006 0.000000
L 0.000000 5.374012 0.000000
V 2.687006 5.374012 -2.687006
S 0.000000 2.687006 -2.687006


-10.150000	6410
5

G 0.000000 0.000000 0.000000
N 2.687006 2.687006 0.000000
L 0.000000 5.374012 0.000000
V 2.687006 5.374012 2.687006
S 0.000000 2.687006 2.687006


-10.150000	b840
5

G 0.000000 0.000000 0.000000
N 2.687006 2.687006 0.000000
L 5.374012 2.687006 2.687006
V 5.374012 0.000000 0.000000
S 2.687006 0.000000 2.687006


-10.130000	2640
5

G 0.000000 0.000000 0.000000
N 2.687006 2.687006 0.000000
L 5.374012 2.687006 2.687006
V 2.687006 0.000000 2.687006
S 2.687006 2.687006 5.374012


-10.130000	4640
5

G 0.000000 0.000000 0.000000
N 2.687006 2.687006 0.000000
L 5.374012 2.687006 2.687006
V 2.687006 0.000000 2.687006
S 5.374012 0.000000 5.374012


-10.130000	1910
5

G 0.000000 0.000000 0.000000
N 2.687006 2.687006 0.000000
L 0.000000 5.374012 0.000000
V 0.000000 2.687006 2.687006
S -2.687006 5.374012 2.687006


-10.130000	1810
5

G 0.000000 0.000000 0.000000
N 2.687006 2.687006 0.000000
L 0.000000 5.374012 0.000000
V 0.000000 2.687006 -2.687006
S -2.687006 5.374012 -2.687006


-9.900000	91a0
5

G 0.000000 0.000000 0.000000
N 2.687006 2.687006 0.000000
L 0.000000 2.687006 -2.687006
V -2.687006 5.374012 -2.687006
S -2.687006 2.687006 0.000000


-9.900000	9aa0
5

G 0.000000 0.000000 0.000000
N 2.687006 2.687006 0.000000
L 0.000000 2.687006 -2.687006
V -2.687006 2.687006 -5.374012
S -2.687006 0.000000 -2.687006


-9.900000	b8a0
5

G 0.000000 0.000000 0.000000
N 2.687006 2.687006 0.000000
L 0.000000 2.687006 -2.687006
V 0.000000 0.000000 -5.374012
S -2.687006 0.000000 -2.687006


-9.660000	25a0
5

G 0.000000 0.000000 0.000000
N 2.687006 2.687006 0.000000
L 0.000000 2.687006 -2.687006
V 2.687006 2.687006 -5.374012
S 2.687006 5.374012 -2.687006


-9.660000	43a0
5

G 0.000000 0.000000 0.000000
N 2.687006 2.687006 0.000000
L 0.000000 2.687006 -2.687006
V 0.000000 5.374012 -5.374012
S 2.687006 5.374012 -2.687006


-9.660000	41a0
5

G 0.000000 0.000000 0.000000
N 2.687006 2.687006 0.000000
L 0.000000 2.687006 -2.687006
V -2.687006 5.374012 -2.687006
S 0.000000 5.374012 0.000000


-9.610000	1640
5

G 0.000000 0.000000 0.000000
N 2.687006 2.687006 0.000000
L 5.374012 2.687006 2.687006
V 2.687006 0.000000 2.687006
S 0.000000 2.687006 2.687006


-9.610000	7910
5

G 0.000000 0.000000 0.000000
N 2.687006 2.687006 0.000000
L 0.000000 5.374012 0.000000
V 0.000000 2.687006 2.687006
S 2.687006 0.000000 2.687006


-9.610000	7810
5

G 0.000000 0.000000 0.000000
N 2.687006 2.687006 0.000000
L 0.000000 5.374012 0.000000
V 0.000000 2.687006 -2.687006
S 2.687006 0.000000 -2.687006


-9.360000	9ba0
5

G 0.000000 0.000000 0.000000
N 2.687006 2.687006 0.000000
L 0.000000 2.687006 -2.687006
V -2.687006 2.687006 0.000000
S -2.687006 0.000000 2.687006


-9.360000	76a0
5

G 0.000000 0.000000 0.000000
N 2.687006 2.687006 0.000000
L 0.000000 2.687006 -2.687006
V -2.687006 0.000000 -2.687006
S 0.000000 -2.687006 -2.687006


-9.360000	96a0
5

G 0.000000 0.000000 0.000000
N 2.687006 2.687006 0.000000
L 0.000000 2.687006 -2.687006
V -2.687006 0.000000 -2.687006
S -2.687006 -2.687006 0.000000


-8.570000	70a0
5

G 0.000000 0.000000 0.000000
N 2.687006 2.687006 0.000000
L 0.000000 2.687006 -2.687006
V 2.687006 5.374012 -2.687006
S 5.374012 2.687006 -2.687006


-8.570000	42a0
5

G 0.000000 0.000000 0.000000
N 2.687006 2.687006 0.000000
L 0.000000 2.687006 -2.687006
V 0.000000 5.374012 0.000000
S 2.687006 5.374012 2.687006


-8.570000	40a0
5

G 0.000000 0.000000 0.000000
N 2.687006 2.687006 0.000000
L 0.000000 2.687006 -2.687006
V 2.687006 5.374012 -2.687006
S 5.374012 5.374012 0.000000


-8.330000	7b00
5

G 0.000000 0.000000 0.000000
N 2.687006 2.687006 0.000000
L 5.374012 5.374012 0.000000
V 2.687006 5.374012 2.687006
S 5.374012 2.687006 2.687006


-8.330000	b340
5

G 0.000000 0.000000 0.000000
N 2.687006 2.687006 0.000000
L 5.374012 2.687006 2.687006
V 5.374012 5.374012 0.000000
S 2.687006 5.374012 2.687006


-8.330000	7a00
5

G 0.000000 0.000000 0.000000
N 2.687006 2.687006 0.000000
L 5.374012 5.374012 0.000000
V 2.687006 5.374012 -2.687006
S 5.374012 2.687006 -2.687006


-8.330000	1900
5

G 0.000000 0.000000 0.000000
N 2.687006 2.687006 0.000000
L 5.374012 5.374012 0.000000
V 5.374012 2.687006 2.687006
S 2.687006 5.374012 2.687006


-8.330000	5140
5

G 0.000000 0.000000 0.000000
N 2.687006 2.687006 0.000000
L 5.374012 2.687006 2.687006
V 2.687006 5.374012 2.687006
S 5.374012 5.374012 0.000000


-8.330000	1800
5

G 0.000000 0.000000 0.000000
N 2.687006 2.687006 0.000000
L 5.374012 5.374012 0.000000
V 5.374012 2.687006 -2.687006
S 2.687006 5.374012 -2.687006


-8.080000	81a0
5

G 0.000000 0.000000 0.000000
N 2.687006 2.687006 0.000000
L 0.000000 2.687006 -2.687006
V -2.687006 5.374012 -2.687006
S -2.687006 2.687006 -5.374012


-8.080000	15a0
5

G 0.000000 0.000000 0.000000
N 2.687006 2.687006 0.000000
L 0.000000 2.687006 -2.687006
V 2.687006 2.687006 -5.374012
S 0.000000 5.374012 -5.374012


-8.080000	b3a0
5

G 0.000000 0.000000 0.000000
N 2.687006 2.687006 0.000000
L 0.000000 2.687006 -2.687006
V 0.000000 5.374012 -5.374012
S -2.687006 5.374012 -2.687006


-8.080000	7aa0
5

G 0.000000 0.000000 0.000000
N 2.687006 2.687006 0.000000
L 0.000000 2.687006 -2.687006
V -2.687006 2.687006 -5.374012
S 0.000000 0.000000 -5.374012


-8.080000	65a0
5

G 0.000000 0.000000 0.000000
N 2.687006 2.687006 0.000000
L 0.000000 2.687006 -2.687006
V 2.687006 2.687006 -5.374012
S 0.000000 0.000000 -5.374012


-8.080000	0aa0
5

G 0.000000 0.000000 0.000000
N 2.687006 2.687006 0.000000
L 0.000000 2.687006 -2.687006
V -2.687006 2.687006 -5.374012
S 0.000000 5.374012 -5.374012


-8.080000	63a0
5

G 0.000000 0.000000 0.000000
N 2.687006 2.687006 0.000000
L 0.000000 2.687006 -2.687006
V 0.000000 5.374012 -5.374012
S -2.687006 2.687006 -5.374012


-8.080000	08a0
5

G 0.000000 0.000000 0.000000
N 2.687006 2.687006 0.000000
L 0.000000 2.687006 -2.687006
V 0.000000 0.000000 -5.374012
S 2.687006 2.687006 -5.374012


-8.080000	2aa0
5

G 0.000000 0.000000 0.000000
N 2.687006 2.687006 0.000000
L 0.000000 2.687006 -2.687006
V -2.687006 2.687006 -5.374012
S -2.687006 5.374012 -2.687006


-8.080000	51a0
5

G 0.000000 0.000000 0.000000
N 2.687006 2.687006 0.000000
L 0.000000 2.687006 -2.687006
V -2.687006 5.374012 -2.687006
S 0.000000 5.374012 -5.374012


-8.080000	73a0
5

G 0.000000 0.000000 0.000000
N 2.687006 2.687006 0.000000
L 0.000000 2.687006 -2.687006
V 0.000000 5.374012 -5.374012
S 2.687006 2.687006 -5.374012


-8.080000	18a0
5

G 0.000000 0.000000 0.000000
N 2.687006 2.687006 0.000000
L 0.000000 2.687006 -2.687006
V 0.000000 0.000000 -5.374012
S -2.687006 2.687006 -5.374012


-8.030000	6910
5

G 0.000000 0.000000 0.000000
N 2.687006 2.687006 0.000000
L 0.000000 5.374012 0.000000
V 0.000000 2.687006 2.687006
S -2.687006 0.000000 2.687006


-8.030000	6810
5

G 0.000000 0.000000 0.000000
N 2.687006 2.687006 0.000000
L 0.000000 5.374012 0.000000
V 0.000000 2.687006 -2.687006
S -2.687006 0.000000 -2.687006


-8.030000	6640
5

G 0.000000 0.000000 0.000000
N 2.687006 2.687006 0.000000
L 5.374012 2.687006 2.687006
V 2.687006 0.000000 2.687006
S 0.000000 -2.687006 2.687006


-8.030000	8640
5

G 0.000000 0.000000 0.000000
N 2.687006 2.687006 0.000000
L 5.374012 2.687006 2.687006
V 2.687006 0.000000 2.687006
S 2.687006 -2.687006 0.000000


-7.540000	16a0
5

G 0.000000 0.000000 0.000000
N 2.687006 2.687006 0.000000
L 0.000000 2.687006 -2.687006
V -2.687006 0.000000 -2.687006
S -5.374012 2.687006 -2.687006


-7.540000	6ba0
5

G 0.000000 0.000000 0.000000
N 2.687006 2.687006 0.000000
L 0.000000 2.687006 -2.687006
V -2.687006 2.687006 0.000000
S -5.374012 0.000000 0.000000


-7.540000	aba0
5

G 0.000000 0.000000 0.000000
N 2.687006 2.687006 0.000000
L 0.000000 2.687006 -2.687006
V -2.687006 2.687006 0.000000
S -5.374012 2.687006 -2.687006


-7.540000	66a0
5

G 0.000000 0.000000 0.000000
N 2.687006 2.687006 0.000000
L 0.000000 2.687006 -2.687006
V -2.687006 0.000000 -2.687006
S -5.374012 -2.687006 -2.687006


-7.540000	bba0
5

G 0.000000 0.000000 0.000000
N 2.687006 2.687006 0.000000
L 0.000000 2.687006 -2.687006
V -2.687006 2.687006 0.000000
S -5.374012 2.687006 2.687006


-7.540000	86a0
5

G 0.000000 0.000000 0.000000
N 2.687006 2.687006 0.000000
L 0.000000 2.687006 -2.687006
V -2.687006 0.000000 -2.687006
S -2.687006 -2.687006 -5.374012


-7.540000	1ba0
5

G 0.000000 0.000000 0.000000
N 2.687006 2.687006 0.000000
L 0.000000 2.687006 -2.687006
V -2.687006 2.687006 0.000000
S -5.374012 5.374012 0.000000


-7.540000	2ba0
5

G 0.000000 0.000000 0.000000
N 2.687006 2.687006 0.000000
L 0.000000 2.687006 -2.687006
V -2.687006 2.687006 0.000000
S -2.687006 5.374012 2.687006


-7.540000	a6a0
5

G 0.000000 0.000000 0.000000
N 2.687006 2.687006 0.000000
L 0.000000 2.687006 -2.687006
V -2.687006 0.000000 -2.687006
S -5.374012 0.000000 -5.374012


-7.540000	b6a0
5

G 0.000000 0.000000 0.000000
N 2.687006 2.687006 0.000000
L 0.000000 2.687006 -2.687006
V -2.687006 0.000000 -2.687006
S -5.374012 0.000000 0.000000


-7.320000	7b10
5

G 0.000000 0.000000 0.000000
N 2.687006 2.687006 0.000000
L 0.000000 5.374012 0.000000
V -2.687006 5.374012 2.687006
S 0.000000 2.687006 2.687006


-7.320000	8b40
5

G 0.000000 0.000000 0.000000
N 2.687006 2.687006 0.000000
L 5.374012 2.687006 2.687006
V 2.687006 2.687006 5.374012
S 2.687006 0.000000 2.687006


-7.320000	7a10
5

G 0.000000 0.000000 0.000000
N 2.687006 2.687006 0.000000
L 0.000000 5.374012 0.000000
V -2.687006 5.374012 -2.687006
S 0.000000 2.687006 -2.687006


-7.320000	a940
5

G 0.000000 0.000000 0.000000
N 2.687006 2.687006 0.000000
L 5.374012 2.687006 2.687006
V 5.374012 0.000000 5.374012
S 2.687006 0.000000 2.687006


-7.300000	2610
5

G 0.000000 0.000000 0.000000
N 2.687006 2.687006 0.000000
L 0.000000 5.374012 0.000000
V -2.687006 2.687006 0.000000
S -2.687006 5.374012 2.687006


-7.300000	3610
5

G 0.000000 0.000000 0.000000
N 2.687006 2.687006 0.000000
L 0.000000 5.374012 0.000000
V -2.687006 2.687006 0.000000
S -2.687006 5.374012 -2.687006


-6.990000	b2a0
5

G 0.000000 0.000000 0.000000
N 2.687006 2.687006 0.000000
L 0.000000 2.687006 -2.687006
V 0.000000 5.374012 0.000000
S -2.687006 5.374012 2.687006


-6.990000	02a0
5

G 0.000000 0.000000 0.000000
N 2.687006 2.687006 0.000000
L 0.000000 2.687006 -2.687006
V 0.000000 5.374012 0.000000
S 2.687006 8.061017 0.000000


-6.990000	12a0
5

G 0.000000 0.000000 0.000000
N 2.687006 2.687006 0.000000
L 0.000000 2.687006 -2.687006
V 0.000000 5.374012 0.000000
S -2.687006 8.061017 0.000000


-6.990000	00a0
5

G 0.000000 0.000000 0.000000
N 2.687006 2.687006 0.000000
L 0.000000 2.687006 -2.687006
V 2.687006 5.374012 -2.687006
S 5.374012 8.061017 -2.687006


-6.990000	22a0
5

G 0.000000 0.000000 0.000000
N 2.687006 2.687006 0.000000
L 0.000000 2.687006 -2.687006
V 0.000000 5.374012 0.000000
S 0.000000 8.061017 2.687006


-6.990000	10a0
5

G 0.000000 0.000000 0.000000
N 2.687006 2.687006 0.000000
L 0.000000 2.687006 -2.687006
V 2.687006 5.374012 -2.687006
S 0.000000 8.061017 -2.687006


-6.990000	32a0
5

G 0.000000 0.000000 0.000000
N 2.687006 2.687006 0.000000
L 0.000000 2.687006 -2.687006
V 0.000000 5.374012 0.000000
S 0.000000 8.061017 -2.687006


-6.990000	20a0
5

G 0.000000 0.000000 0.000000
N 2.687006 2.687006 0.000000
L 0.000000 2.687006 -2.687006
V 2.687006 5.374012 -2.687006
S 2.687006 8.061017 0.000000


-6.990000	30a0
5

G 0.000000 0.000000 0.000000
N 2.687006 2.687006 0.000000
L 0.000000 2.687006 -2.687006
V 2.687006 5.374012 -2.687006
S 2.687006 8.061017 -5.374012


-6.990000	50a0
5

G 0.000000 0.000000 0.000000
N 2.687006 2.687006 0.000000
L 0.000000 2.687006 -2.687006
V 2.687006 5.374012 -2.687006
S 5.374012 5.374012 -5.374012


-6.750000	4800
5

G 0.000000 0.000000 0.000000
N 2.687006 2.687006 0.000000
L 5.374012 5.374012 0.000000
V 5.374012 2.687006 -2.687006
S 8.061017 2.687006 0.000000


-6.750000	5900
5

G 0.000000 0.000000 0.000000
N 2.687006 2.687006 0.000000
L 5.374012 5.374012 0.000000
V 5.374012 2.687006 2.687006
S 8.061017 2.687006 0.000000


-6.750000	9140
5

G 0.000000 0.000000 0.000000
N 2.687006 2.687006 0.000000
L 5.374012 2.687006 2.687006
V 2.687006 5.374012 2.687006
S 2.687006 2.687006 5.374012


-6.750000	1510
5

G 0.000000 0.000000 0.000000
N 2.687006 2.687006 0.000000
L 0.000000 5.374012 0.000000
V 2.687006 5.374012 -2.687006
S 0.000000 8.061017 -2.687006


-6.750000	4840
5

G 0.000000 0.000000 0.000000
N 2.687006 2.687006 0.000000
L 5.374012 2.687006 2.687006
V 5.374012 0.000000 0.000000
S 8.061017 0.000000 2.687006


-6.750000	1410
5

G 0.000000 0.000000 0.000000
N 2.687006 2.687006 0.000000
L 0.000000 5.374012 0.000000
V 2.687006 5.374012 2.687006
S 0.000000 8.061017 2.687006


-6.750000	2510
5

G 0.000000 0.000000 0.000000
N 2.687006 2.687006 0.000000
L 0.000000 5.374012 0.000000
V 2.687006 5.374012 -2.687006
S 2.687006 8.061017 0.000000


-6.750000	3410
5

G 0.000000 0.000000 0.000000
N 2.687006 2.687006 0.000000
L 0.000000 5.374012 0.000000
V 2.687006 5.374012 2.687006
S 2.687006 8.061017 0.000000


-6.750000	0b00
5

G 0.000000 0.000000 0.000000
N 2.687006 2.687006 0.000000
L 5.374012 5.374012 0.000000
V 2.687006 5.374012 2.687006
S 5.374012 8.061017 2.687006


-6.750000	4340
5

G 0.000000 0.000000 0.000000
N 2.687006 2.687006 0.000000
L 5.374012 2.687006 2.687006
V 5.374012 5.374012 0.000000
S 8.061017 5.374012 2.687006


-6.750000	0a00
5

G 0.000000 0.000000 0.000000
N 2.687006 2.687006 0.000000
L 5.374012 5.374012 0.000000
V 2.687006 5.374012 -2.687006
S 5.374012 8.061017 -2.687006


-6.750000	0900
5

G 0.000000 0.000000 0.000000
N 2.687006 2.687006 0.000000
L 5.374012 5.374012 0.000000
V 5.374012 2.687006 2.687006
S 8.061017 5.374012 2.687006


-6.750000	4140
5

G 0.000000 0.000000 0.000000
N 2.687006 2.687006 0.000000
L 5.374012 2.687006 2.687006
V 2.687006 5.374012 2.687006
S 5.374012 5.374012 5.374012


-6.750000	0800
5

G 0.000000 0.000000 0.000000
N 2.687006 2.687006 0.000000
L 5.374012 5.374012 0.000000
V 5.374012 2.687006 -2.687006
S 8.061017 5.374012 -2.687006


-6.750000	2a00
5

G 0.000000 0.000000 0.000000
N 2.687006 2.687006 0.000000
L 5.374012 5.374012 0.000000
V 2.687006 5.374012 -2.687006
S 2.687006 8.061017 0.000000


-6.750000	3b00
5

G 0.000000 0.000000 0.000000
N 2.687006 2.687006 0.000000
L 5.374012 5.374012 0.000000
V 2.687006 5.374012 2.687006
S 2.687006 8.061017 0.000000


-6.750000	7340
5

G 0.000000 0.000000 0.000000
N 2.687006 2.687006 0.000000
L 5.374012 2.687006 2.687006
V 5.374012 5.374012 0.000000
S 8.061017 2.687006 0.000000


-6.750000	0840
5

G 0.000000 0.000000 0.000000
N 2.687006 2.687006 0.000000
L 5.374012 2.687006 2.687006
V 5.374012 0.000000 0.000000
S 8.061017 2.687006 0.000000


-6.230000	6b00
5

G 0.000000 0.000000 0.000000
N 2.687006 2.687006 0.000000
L 5.374012 5.374012 0.000000
V 2.687006 5.374012 2.687006
S 0.000000 2.687006 2.687006


-6.230000	6a00
5

G 0.000000 0.000000 0.000000
N 2.687006 2.687006 0.000000
L 5.374012 5.374012 0.000000
V 2.687006 5.374012 -2.687006
S 0.000000 2.687006 -2.687006


-6.230000	6900
5

G 0.000000 0.000000 0.000000
N 2.687006 2.687006 0.000000
L 5.374012 5.374012 0.000000
V 5.374012 2.687006 2.687006
S 2.687006 0.000000 2.687006


-6.230000	6800
5

G 0.000000 0.000000 0.000000
N 2.687006 2.687006 0.000000
L 5.374012 5.374012 0.000000
V 5.374012 2.687006 -2.687006
S 2.687006 0.000000 -2.687006


-6.230000	a840
5

G 0.000000 0.000000 0.000000
N 2.687006 2.687006 0.000000
L 5.374012 2.687006 2.687006
V 5.374012 0.000000 0.000000
S 2.687006 0.000000 -2.687006


-6.230000	6140
5

G 0.000000 0.000000 0.000000
N 2.687006 2.687006 0.000000
L 5.374012 2.687006 2.687006
V 2.687006 5.374012 2.687006
S 0.000000 2.687006 2.687006


-6.210000	3810
5

G 0.000000 0.000000 0.000000
N 2.687006 2.687006 0.000000
L 0.000000 5.374012 0.000000
V 0.000000 2.687006 -2.687006
S 0.000000 5.374012 -5.374012


-6.210000	4910
5

G 0.000000 0.000000 0.000000
N 2.687006 2.687006 0.000000
L 0.000000 5.374012 0.000000
V 0.000000 2.687006 2.687006
S 2.687006 2.687006 5.374012


-6.210000	5810
5

G 0.000000 0.000000 0.000000
N 2.687006 2.687006 0.000000
L 0.000000 5.374012 0.000000
V 0.000000 2.687006 -2.687006
S 2.687006 2.687006 -5.374012


-6.210000	8810
5

G 0.000000 0.000000 0.000000
N 2.687006 2.687006 0.000000
L 0.000000 5.374012 0.000000
V 0.000000 2.687006 -2.687006
S 0.000000 0.000000 -5.374012


-6.210000	9910
5

G 0.000000 0.000000 0.000000
N 2.687006 2.687006 0.000000
L 0.000000 5.374012 0.000000
V 0.000000 2.687006 2.687006
S 0.000000 0.000000 5.374012


-6.210000	7640
5

G 0.000000 0.000000 0.000000
N 2.687006 2.687006 0.000000
L 5.374012 2.687006 2.687006
V 2.687006 0.000000 2.687006
S 5.374012 -2.687006 2.687006


-6.210000	a810
5

G 0.000000 0.000000 0.000000
N 2.687006 2.687006 0.000000
L 0.000000 5.374012 0.000000
V 0.000000 2.687006 -2.687006
S -2.687006 2.687006 -5.374012


-6.210000	b910
5

G 0.000000 0.000000 0.000000
N 2.687006 2.687006 0.000000
L 0.000000 5.374012 0.000000
V 0.000000 2.687006 2.687006
S -2.687006 2.687006 5.374012


-6.210000	9640
5

G 0.000000 0.000000 0.000000
N 2.687006 2.687006 0.000000
L 5.374012 2.687006 2.687006
V 2.687006 0.000000 2.687006
S 2.687006 -2.687006 5.374012


-6.210000	2910
5

G 0.000000 0.000000 0.000000
N 2.687006 2.687006 0.000000
L 0.000000 5.374012 0.000000
V 0.000000 2.687006 2.687006
S 0.000000 5.374012 5.374012


-6.210000	b640
5

G 0.000000 0.000000 0.000000
N 2.687006 2.687006 0.000000
L 5.374012 2.687006 2.687006
V 2.687006 0.000000 2.687006
S 0.000000 0.000000 5.374012


-5.980000	98a0
5

G 0.000000 0.000000 0.000000
N 2.687006 2.687006 0.000000
L 0.000000 2.687006 -2.687006
V 0.000000 0.000000 -5.374012
S 0.000000 -2.687006 -2.687006


-5.740000	8b10
5

G 0.000000 0.000000 0.000000
N 2.687006 2.687006 0.000000
L 0.000000 5.374012 0.000000
V -2.687006 5.374012 2.687006
S -2.687006 2.687006 0.000000


-5.740000	45a0
5

G 0.000000 0.000000 0.000000
N 2.687006 2.687006 0.000000
L 0.000000 2.687006 -2.687006
V 2.687006 2.687006 -5.374012
S 5.374012 2.687006 -2.687006


-5.740000	9a10
5

G 0.000000 0.000000 0.000000
N 2.687006 2.687006 0.000000
L 0.000000 5.374012 0.000000
V -2.687006 5.374012 -2.687006
S -2.687006 2.687006 0.000000


-5.500000	8100
5

G 0.000000 0.000000 0.000000
N 2.687006 2.687006 0.000000
L 5.374012 5.374012 0.000000
V 2.687006 8.061017 0.000000
S 2.687006 5.374012 -2.687006


-5.500000	a240
5

G 0.000000 0.000000 0.000000
N 2.687006 2.687006 0.000000
L 5.374012 2.687006 2.687006
V 5.374012 5.374012 5.374012
S 2.687006 5.374012 2.687006


-5.500000	8010
5

G 0.000000 0.000000 0.000000
N 2.687006 2.687006 0.000000
L 0.000000 5.374012 0.000000
V 2.687006 8.061017 0.000000
S 2.687006 5.374012 -2.687006


-5.500000	9100
5

G 0.000000 0.000000 0.000000
N 2.687006 2.687006 0.000000
L 5.374012 5.374012 0.000000
V 2.687006 8.061017 0.000000
S 2.687006 5.374012 2.687006


-5.500000	1540
5

G 0.000000 0.000000 0.000000
N 2.687006 2.687006 0.000000
L 5.374012 2.687006 2.687006
V 8.061017 2.687006 0.000000
S 5.374012 5.374012 0.000000


-5.500000	9010
5

G 0.000000 0.000000 0.000000
N 2.687006 2.687006 0.000000
L 0.000000 5.374012 0.000000
V 2.687006 8.061017 0.000000
S 2.687006 5.374012 2.687006


-5.500000	a040
5

G 0.000000 0.000000 0.000000
N 2.687006 2.687006 0.000000
L 5.374012 2.687006 2.687006
V 8.061017 5.374012 2.687006
S 5.374012 5.374012 0.000000


-5.500000	6540
5

G 0.000000 0.000000 0.000000
N 2.687006 2.687006 0.000000
L 5.374012 2.687006 2.687006
V 8.061017 2.687006 0.000000
S 5.374012 0.000000 0.000000


-5.500000	6500
5

G 0.000000 0.000000 0.000000
N 2.687006 2.687006 0.000000
L 5.374012 5.374012 0.000000
V 8.061017 5.374012 -2.687006
S 5.374012 2.687006 -2.687006


-5.500000	6400
5

G 0.000000 0.000000 0.000000
N 2.687006 2.687006 0.000000
L 5.374012 5.374012 0.000000
V 8.061017 5.374012 2.687006
S 5.374012 2.687006 2.687006


-5.500000	a700
5

G 0.000000 0.000000 0.000000
N 2.687006 2.687006 0.000000
L 5.374012 5.374012 0.000000
V 8.061017 2.687006 0.000000
S 5.374012 2.687006 -2.687006


-5.500000	6300
5

G 0.000000 0.000000 0.000000
N 2.687006 2.687006 0.000000
L 5.374012 5.374012 0.000000
V 5.374012 8.061017 -2.687006
S 2.687006 5.374012 -2.687006


-5.500000	a740
5

G 0.000000 0.000000 0.000000
N 2.687006 2.687006 0.000000
L 5.374012 2.687006 2.687006
V 8.061017 0.000000 2.687006
S 5.374012 0.000000 0.000000


-5.500000	b700
5

G 0.000000 0.000000 0.000000
N 2.687006 2.687006 0.000000
L 5.374012 5.374012 0.000000
V 8.061017 2.687006 0.000000
S 5.374012 2.687006 2.687006


-5.500000	3b40
5

G 0.000000 0.000000 0.000000
N 2.687006 2.687006 0.000000
L 5.374012 2.687006 2.687006
V 2.687006 2.687006 5.374012
S 2.687006 5.374012 2.687006


-5.500000	6200
5

G 0.000000 0.000000 0.000000
N 2.687006 2.687006 0.000000
L 5.374012 5.374012 0.000000
V 5.374012 8.061017 2.687006
S 2.687006 5.374012 2.687006


-5.500000	7310
5

G 0.000000 0.000000 0.000000
N 2.687006 2.687006 0.000000
L 0.000000 5.374012 0.000000
V 0.000000 8.061017 -2.687006
S 2.687006 5.374012 -2.687006


-5.500000	7210
5

G 0.000000 0.000000 0.000000
N 2.687006 2.687006 0.000000
L 0.000000 5.374012 0.000000
V 0.000000 8.061017 2.687006
S 2.687006 5.374012 2.687006


-5.200000	8610
5

G 0.000000 0.000000 0.000000
N 2.687006 2.687006 0.000000
L 0.000000 5.374012 0.000000
V -2.687006 2.687006 0.000000
S -2.687006 0.000000 -2.687006


-5.200000	9610
5

G 0.000000 0.000000 0.000000
N 2.687006 2.687006 0.000000
L 0.000000 5.374012 0.000000
V -2.687006 2.687006 0.000000
S -2.687006 0.000000 2.687006


-4.650000	6840
5

G 0.000000 0.000000 0.000000
N 2.687006 2.687006 0.000000
L 5.374012 2.687006 2.687006
V 5.374012 0.000000 0.000000
S 2.687006 -2.687006 0.000000


-4.410000	a340
5

G 0.000000 0.000000 0.000000
N 2.687006 2.687006 0.000000
L 5.374012 2.687006 2.687006
V 5.374012 5.374012 0.000000
S 2.687006 5.374012 -2.687006


-4.410000	3840
5

G 0.000000 0.000000 0.000000
N 2.687006 2.687006 0.000000
L 5.374012 2.687006 2.687006
V 5.374012 0.000000 0.000000
S 5.374012 2.687006 -2.687006


-4.410000	a140
5

G 0.000000 0.000000 0.000000
N 2.687006 2.687006 0.000000
L 5.374012 2.687006 2.687006
V 2.687006 5.374012 2.687006
S 0.000000 5.374012 0.000000


-4.410000	8900
5

G 0.000000 0.000000 0.000000
N 2.687006 2.687006 0.000000
L 5.374012 5.374012 0.000000
V 5.374012 2.687006 2.687006
S 5.374012 0.000000 0.000000


-4.410000	ab00
5

G 0.000000 0.000000 0.000000
N 2.687006 2.687006 0.000000
L 5.374012 5.374012 0.000000
V 2.687006 5.374012 2.687006
S 0.000000 5.374012 0.000000


-4.410000	4510
5

G 0.000000 0.000000 0.000000
N 2.687006 2.687006 0.000000
L 0.000000 5.374012 0.000000
V 2.687006 5.374012 -2.687006
S 5.374012 5.374012 0.000000


-4.410000	9800
5

G 0.000000 0.000000 0.000000
N 2.687006 2.687006 0.000000
L 5.374012 5.374012 0.000000
V 5.374012 2.687006 -2.687006
S 5.374012 0.000000 0.000000


-4.410000	ba00
5

G 0.000000 0.000000 0.000000
N 2.687006 2.687006 0.000000
L 5.374012 5.374012 0.000000
V 2.687006 5.374012 -2.687006
S 0.000000 5.374012 0.000000


-4.410000	5410
5

G 0.000000 0.000000 0.000000
N 2.687006 2.687006 0.000000
L 0.000000 5.374012 0.000000
V 2.687006 5.374012 2.687006
S 5.374012 5.374012 0.000000


-4.410000	7510
5

G 0.000000 0.000000 0.000000
N 2.687006 2.687006 0.000000
L 0.000000 5.374012 0.000000
V 2.687006 5.374012 -2.687006
S 5.374012 2.687006 -2.687006


-4.410000	7410
5

G 0.000000 0.000000 0.000000
N 2.687006 2.687006 0.000000
L 0.000000 5.374012 0.000000
V 2.687006 5.374012 2.687006
S 5.374012 2.687006 2.687006


-4.410000	8340
5

G 0.000000 0.000000 0.000000
N 2.687006 2.687006 0.000000
L 5.374012 2.687006 2.687006
V 5.374012 5.374012 0.000000
S 5.374012 2.687006 -2.687006


-4.160000	05a0
5

G 0.000000 0.000000 0.000000
N 2.687006 2.687006 0.000000
L 0.000000 2.687006 -2.687006
V 2.687006 2.687006 -5.374012
S 5.374012 5.374012 -5.374012


-4.160000	38a0
5

G 0.000000 0.000000 0.000000
N 2.687006 2.687006 0.000000
L 0.000000 2.687006 -2.687006
V 0.000000 0.000000 -5.374012
S 0.000000 2.687006 -8.061017


-4.160000	5aa0
5

G 0.000000 0.000000 0.000000
N 2.687006 2.687006 0.000000
L 0.000000 2.687006 -2.687006
V -2.687006 2.687006 -5.374012
S 0.000000 2.687006 -8.061017


-4.160000	a3a0
5

G 0.000000 0.000000 0.000000
N 2.687006 2.687006 0.000000
L 0.000000 2.687006 -2.687006
V 0.000000 5.374012 -5.374012
S -2.687006 5.374012 -8.061017


-4.160000	6aa0
5

G 0.000000 0.000000 0.000000
N 2.687006 2.687006 0.000000
L 0.000000 2.687006 -2.687006
V -2.687006 2.687006 -5.374012
S -5.374012 0.000000 -5.374012


-4.160000	58a0
5

G 0.000000 0.000000 0.000000
N 2.687006 2.687006 0.000000
L 0.000000 2.687006 -2.687006
V 0.000000 0.000000 -5.374012
S 2.687006 0.000000 -8.061017


-4.160000	a1a0
5

G 0.000000 0.000000 0.000000
N 2.687006 2.687006 0.000000
L 0.000000 2.687006 -2.687006
V -2.687006 5.374012 -2.687006
S -5.374012 5.374012 -5.374012


-4.160000	03a0
5

G 0.000000 0.000000 0.000000
N 2.687006 2.687006 0.000000
L 0.000000 2.687006 -2.687006
V 0.000000 5.374012 -5.374012
S 2.687006 8.061017 -5.374012


-4.160000	35a0
5

G 0.000000 0.000000 0.000000
N 2.687006 2.687006 0.000000
L 0.000000 2.687006 -2.687006
V 2.687006 2.687006 -5.374012
S 2.687006 5.374012 -8.061017


-4.160000	68a0
5

G 0.000000 0.000000 0.000000
N 2.687006 2.687006 0.000000
L 0.000000 2.687006 -2.687006
V 0.000000 0.000000 -5.374012
S -2.687006 -2.687006 -5.374012


-4.160000	8aa0
5

G 0.000000 0.000000 0.000000
N 2.687006 2.687006 0.000000
L 0.000000 2.687006 -2.687006
V -2.687006 2.687006 -5.374012
S -2.687006 0.000000 -8.061017


-4.160000	b1a0
5

G 0.000000 0.000000 0.000000
N 2.687006 2.687006 0.000000
L 0.000000 2.687006 -2.687006
V -2.687006 5.374012 -2.687006
S -5.374012 5.374012 0.000000


-4.160000	13a0
5

G 0.000000 0.000000 0.000000
N 2.687006 2.687006 0.000000
L 0.000000 2.687006 -2.687006
V 0.000000 5.374012 -5.374012
S -2.687006 8.061017 -5.374012


-4.160000	78a0
5

G 0.000000 0.000000 0.000000
N 2.687006 2.687006 0.000000
L 0.000000 2.687006 -2.687006
V 0.000000 0.000000 -5.374012
S 2.687006 -2.687006 -5.374012


-4.160000	01a0
5

G 0.000000 0.000000 0.000000
N 2.687006 2.687006 0.000000
L 0.000000 2.687006 -2.687006
V -2.687006 5.374012 -2.687006
S 0.000000 8.061017 -2.687006


-4.160000	23a0
5

G 0.000000 0.000000 0.000000
N 2.687006 2.687006 0.000000
L 0.000000 2.687006 -2.687006
V 0.000000 5.374012 -5.374012
S 0.000000 8.061017 -2.687006


-4.160000	55a0
5

G 0.000000 0.000000 0.000000
N 2.687006 2.687006 0.000000
L 0.000000 2.687006 -2.687006
V 2.687006 2.687006 -5.374012
S 5.374012 2.687006 -8.061017


-4.160000	88a0
5

G 0.000000 0.000000 0.000000
N 2.687006 2.687006 0.000000
L 0.000000 2.687006 -2.687006
V 0.000000 0.000000 -5.374012
S 0.000000 -2.687006 -8.061017


-4.160000	aaa0
5

G 0.000000 0.000000 0.000000
N 2.687006 2.687006 0.000000
L 0.000000 2.687006 -2.687006
V -2.687006 2.687006 -5.374012
S -5.374012 2.687006 -8.061017


-4.160000	11a0
5

G 0.000000 0.000000 0.000000
N 2.687006 2.687006 0.000000
L 0.000000 2.687006 -2.687006
V -2.687006 5.374012 -2.687006
S -5.374012 8.061017 -2.687006


-4.160000	33a0
5

G 0.000000 0.000000 0.000000
N 2.687006 2.687006 0.000000
L 0.000000 2.687006 -2.687006
V 0.000000 5.374012 -5.374012
S 0.000000 8.061017 -8.061017


-4.160000	baa0
5

G 0.000000 0.000000 0.000000
N 2.687006 2.687006 0.000000
L 0.000000 2.687006 -2.687006
V -2.687006 2.687006 -5.374012
S -5.374012 2.687006 -2.687006


-4.160000	21a0
5

G 0.000000 0.000000 0.000000
N 2.687006 2.687006 0.000000
L 0.000000 2.687006 -2.687006
V -2.687006 5.374012 -2.687006
S -2.687006 8.061017 0.000000


-4.160000	75a0
5

G 0.000000 0.000000 0.000000
N 2.687006 2.687006 0.000000
L 0.000000 2.687006 -2.687006
V 2.687006 2.687006 -5.374012
S 5.374012 0.000000 -5.374012


-4.160000	a8a0
5

G 0.000000 0.000000 0.000000
N 2.687006 2.687006 0.000000
L 0.000000 2.687006 -2.687006
V 0.000000 0.000000 -5.374012
S -2.687006 0.000000 -8.061017


-4.160000	31a0
5

G 0.000000 0.000000 0.000000
N 2.687006 2.687006 0.000000
L 0.000000 2.687006 -2.687006
V -2.687006 5.374012 -2.687006
S -2.687006 8.061017 -5.374012


-4.160000	53a0
5

G 0.000000 0.000000 0.000000
N 2.687006 2.687006 0.000000
L 0.000000 2.687006 -2.687006
V 0.000000 5.374012 -5.374012
S 2.687006 5.374012 -8.061017


-4.160000	85a0
5

G 0.000000 0.000000 0.000000
N 2.687006 2.687006 0.000000
L 0.000000 2.687006 -2.687006
V 2.687006 2.687006 -5.374012
S 2.687006 0.000000 -8.061017


-4.160000	1aa0
5

G 0.000000 0.000000 0.000000
N 2.687006 2.687006 0.000000
L 0.000000 2.687006 -2.687006
V -2.687006 2.687006 -5.374012
S -5.374012 5.374012 -5.374012


-4.160000	a5a0
5

G 0.000000 0.000000 0.000000
N 2.687006 2.687006 0.000000
L 0.000000 2.687006 -2.687006
V 2.687006 2.687006 -5.374012
S 0.000000 2.687006 -8.061017


-4.160000	3aa0
5

G 0.000000 0.000000 0.000000
N 2.687006 2.687006 0.000000
L 0.000000 2.687006 -2.687006
V -2.687006 2.687006 -5.374012
S -2.687006 5.374012 -8.061017


-4.160000	61a0
5

G 0.000000 0.000000 0.000000
N 2.687006 2.687006 0.000000
L 0.000000 2.687006 -2.687006
V -2.687006 5.374012 -2.687006
S -5.374012 2.687006 -2.687006


-4.160000	83a0
5

G 0.000000 0.000000 0.000000
N 2.687006 2.687006 0.000000
L 0.000000 2.687006 -2.687006
V 0.000000 5.374012 -5.374012
S 0.000000 2.687006 -8.061017


-3.920000	2700
5

G 0.000000 0.000000 0.000000
N 2.687006 2.687006 0.000000
L 5.374012 5.374012 0.000000
V 8.061017 2.687006 0.000000
S 8.061017 5.374012 2.687006


-3.920000	8110
5

G 0.000000 0.000000 0.000000
N 2.687006 2.687006 0.000000
L 0.000000 5.374012 0.000000
V -2.687006 8.061017 0.000000
S -2.687006 5.374012 -2.687006


-3.920000	2740
5

G 0.000000 0.000000 0.000000
N 2.687006 2.687006 0.000000
L 5.374012 2.687006 2.687006
V 8.061017 0.000000 2.687006
S 8.061017 2.687006 5.374012


-3.920000	3700
5

G 0.000000 0.000000 0.000000
N 2.687006 2.687006 0.000000
L 5.374012 5.374012 0.000000
V 8.061017 2.687006 0.000000
S 8.061017 5.374012 -2.687006


-3.920000	7b40
5

G 0.000000 0.000000 0.000000
N 2.687006 2.687006 0.000000
L 5.374012 2.687006 2.687006
V 2.687006 2.687006 5.374012
S 5.374012 0.000000 5.374012


-3.920000	8040
5

G 0.000000 0.000000 0.000000
N 2.687006 2.687006 0.000000
L 5.374012 2.687006 2.687006
V 8.061017 5.374012 2.687006
S 8.061017 2.687006 0.000000


-3.920000	8000
5

G 0.000000 0.000000 0.000000
N 2.687006 2.687006 0.000000
L 5.374012 5.374012 0.000000
V 8.061017 8.061017 0.000000
S 8.061017 5.374012 -2.687006


-3.920000	9110
5

G 0.000000 0.000000 0.000000
N 2.687006 2.687006 0.000000
L 0.000000 5.374012 0.000000
V -2.687006 8.061017 0.000000
S -2.687006 5.374012 2.687006


-3.920000	a210
5

G 0.000000 0.000000 0.000000
N 2.687006 2.687006 0.000000
L 0.000000 5.374012 0.000000
V 0.000000 8.061017 2.687006
S -2.687006 8.061017 0.000000


-3.920000	a200
5

G 0.000000 0.000000 0.000000
N 2.687006 2.687006 0.000000
L 5.374012 5.374012 0.000000
V 5.374012 8.061017 2.687006
S 2.687006 8.061017 0.000000


-3.920000	b310
5

G 0.000000 0.000000 0.000000
N 2.687006 2.687006 0.000000
L 0.000000 5.374012 0.000000
V 0.000000 8.061017 -2.687006
S -2.687006 8.061017 0.000000


-3.920000	b300
5

G 0.000000 0.000000 0.000000
N 2.687006 2.687006 0.000000
L 5.374012 5.374012 0.000000
V 5.374012 8.061017 -2.687006
S 2.687006 8.061017 0.000000


-3.920000	3740
5

G 0.000000 0.000000 0.000000
N 2.687006 2.687006 0.000000
L 5.374012 2.687006 2.687006
V 8.061017 0.000000 2.687006
S 8.061017 2.687006 0.000000


-3.920000	1500
5

G 0.000000 0.000000 0.000000
N 2.687006 2.687006 0.000000
L 5.374012 5.374012 0.000000
V 8.061017 5.374012 -2.687006
S 5.374012 8.061017 -2.687006


-3.920000	5940
5

G 0.000000 0.000000 0.000000
N 2.687006 2.687006 0.000000
L 5.374012 2.687006 2.687006
V 5.374012 0.000000 5.374012
S 8.061017 0.000000 2.687006


-3.920000	9040
5

G 0.000000 0.000000 0.000000
N 2.687006 2.687006 0.000000
L 5.374012 2.687006 2.687006
V 8.061017 5.374012 2.687006
S 8.061017 2.687006 5.374012


-3.920000	9000
5

G 0.000000 0.000000 0.000000
N 2.687006 2.687006 0.000000
L 5.374012 5.374012 0.000000
V 8.061017 8.061017 0.000000
S 8.061017 5.374012 2.687006


-3.920000	1440
5

G 0.000000 0.000000 0.000000
N 2.687006 2.687006 0.000000
L 5.374012 2.687006 2.687006
V 8.061017 2.687006 5.374012
S 5.374012 5.374012 5.374012


-3.920000	2540
5

G 0.000000 0.000000 0.000000
N 2.687006 2.687006 0.000000
L 5.374012 2.687006 2.687006
V 8.061017 2.687006 0.000000
S 8.061017 5.374012 2.687006


-3.920000	1400
5

G 0.000000 0.000000 0.000000
N 2.687006 2.687006 0.000000
L 5.374012 5.374012 0.000000
V 8.061017 5.374012 2.687006
S 5.374012 8.061017 2.687006


-3.920000	2500
5

G 0.000000 0.000000 0.000000
N 2.687006 2.687006 0.000000
L 5.374012 5.374012 0.000000
V 8.061017 5.374012 -2.687006
S 8.061017 8.061017 0.000000


-3.920000	a010
5

G 0.000000 0.000000 0.000000
N 2.687006 2.687006 0.000000
L 0.000000 5.374012 0.000000
V 2.687006 8.061017 0.000000
S 0.000000 8.061017 -2.687006


-3.920000	a000
5

G 0.000000 0.000000 0.000000
N 2.687006 2.687006 0.000000
L 5.374012 5.374012 0.000000
V 8.061017 8.061017 0.000000
S 5.374012 8.061017 -2.687006


-3.920000	b040
5

G 0.000000 0.000000 0.000000
N 2.687006 2.687006 0.000000
L 5.374012 2.687006 2.687006
V 8.061017 5.374012 2.687006
S 5.374012 5.374012 5.374012


-3.920000	b010
5

G 0.000000 0.000000 0.000000
N 2.687006 2.687006 0.000000
L 0.000000 5.374012 0.000000
V 2.687006 8.061017 0.000000
S 0.000000 8.061017 2.687006


-3.920000	b000
5

G 0.000000 0.000000 0.000000
N 2.687006 2.687006 0.000000
L 5.374012 5.374012 0.000000
V 8.061017 8.061017 0.000000
S 5.374012 8.061017 2.687006


-3.920000	3440
5

G 0.000000 0.000000 0.000000
N 2.687006 2.687006 0.000000
L 5.374012 2.687006 2.687006
V 8.061017 2.687006 5.374012
S 8.061017 5.374012 2.687006


-3.920000	3400
5

G 0.000000 0.000000 0.000000
N 2.687006 2.687006 0.000000
L 5.374012 5.374012 0.000000
V 8.061017 5.374012 2.687006
S 8.061017 8.061017 0.000000


-3.920000	0b40
5

G 0.000000 0.000000 0.000000
N 2.687006 2.687006 0.000000
L 5.374012 2.687006 2.687006
V 2.687006 2.687006 5.374012
S 5.374012 5.374012 5.374012


-3.920000	0b10
5

G 0.000000 0.000000 0.000000
N 2.687006 2.687006 0.000000
L 0.000000 5.374012 0.000000
V -2.687006 5.374012 2.687006
S 0.000000 8.061017 2.687006


-3.920000	4310
5

G 0.000000 0.000000 0.000000
N 2.687006 2.687006 0.000000
L 0.000000 5.374012 0.000000
V 0.000000 8.061017 -2.687006
S 2.687006 8.061017 0.000000


-3.920000	4300
5

G 0.000000 0.000000 0.000000
N 2.687006 2.687006 0.000000
L 5.374012 5.374012 0.000000
V 5.374012 8.061017 -2.687006
S 8.061017 8.061017 0.000000


-3.920000	0a10
5

G 0.000000 0.000000 0.000000
N 2.687006 2.687006 0.000000
L 0.000000 5.374012 0.000000
V -2.687006 5.374012 -2.687006
S 0.000000 8.061017 -2.687006


-3.920000	6440
5

G 0.000000 0.000000 0.000000
N 2.687006 2.687006 0.000000
L 5.374012 2.687006 2.687006
V 8.061017 2.687006 5.374012
S 5.374012 0.000000 5.374012


-3.920000	5240
5

G 0.000000 0.000000 0.000000
N 2.687006 2.687006 0.000000
L 5.374012 2.687006 2.687006
V 5.374012 5.374012 5.374012
S 8.061017 5.374012 2.687006


-3.920000	4110
5

G 0.000000 0.000000 0.000000
N 2.687006 2.687006 0.000000
L 0.000000 5.374012 0.000000
V -2.687006 8.061017 0.000000
S 0.000000 8.061017 2.687006


-3.920000	4100
5

G 0.000000 0.000000 0.000000
N 2.687006 2.687006 0.000000
L 5.374012 5.374012 0.000000
V 2.687006 8.061017 0.000000
S 5.374012 8.061017 2.687006


-3.920000	5210
5

G 0.000000 0.000000 0.000000
N 2.687006 2.687006 0.000000
L 0.000000 5.374012 0.000000
V 0.000000 8.061017 2.687006
S 2.687006 8.061017 0.000000


-3.920000	5200
5

G 0.000000 0.000000 0.000000
N 2.687006 2.687006 0.000000
L 5.374012 5.374012 0.000000
V 5.374012 8.061017 2.687006
S 8.061017 8.061017 0.000000


-3.920000	6310
5

G 0.000000 0.000000 0.000000
N 2.687006 2.687006 0.000000
L 0.000000 5.374012 0.000000
V 0.000000 8.061017 -2.687006
S -2.687006 5.374012 -2.687006


-3.920000	0940
5

G 0.000000 0.000000 0.000000
N 2.687006 2.687006 0.000000
L 5.374012 2.687006 2.687006
V 5.374012 0.000000 5.374012
S 8.061017 2.687006 5.374012


-3.920000	2a10
5

G 0.000000 0.000000 0.000000
N 2.687006 2.687006 0.000000
L 0.000000 5.374012 0.000000
V -2.687006 5.374012 -2.687006
S -2.687006 8.061017 0.000000


-3.920000	3b10
5

G 0.000000 0.000000 0.000000
N 2.687006 2.687006 0.000000
L 0.000000 5.374012 0.000000
V -2.687006 5.374012 2.687006
S -2.687006 8.061017 0.000000


-3.920000	6240
5

G 0.000000 0.000000 0.000000
N 2.687006 2.687006 0.000000
L 5.374012 2.687006 2.687006
V 5.374012 5.374012 5.374012
S 2.687006 2.687006 5.374012


-3.920000	5110
5

G 0.000000 0.000000 0.000000
N 2.687006 2.687006 0.000000
L 0.000000 5.374012 0.000000
V -2.687006 8.061017 0.000000
S 0.000000 8.061017 -2.687006


-3.920000	8440
5

G 0.000000 0.000000 0.000000
N 2.687006 2.687006 0.000000
L 5.374012 2.687006 2.687006
V 8.061017 2.687006 5.374012
S 8.061017 0.000000 2.687006


-3.920000	5100
5

G 0.000000 0.000000 0.000000
N 2.687006 2.687006 0.000000
L 5.374012 5.374012 0.000000
V 2.687006 8.061017 0.000000
S 5.374012 8.061017 -2.687006


-3.920000	6210
5

G 0.000000 0.000000 0.000000
N 2.687006 2.687006 0.000000
L 0.000000 5.374012 0.000000
V 0.000000 8.061017 2.687006
S -2.687006 5.374012 2.687006


-3.920000	9540
5

G 0.000000 0.000000 0.000000
N 2.687006 2.687006 0.000000
L 5.374012 2.687006 2.687006
V 8.061017 2.687006 0.000000
S 8.061017 0.000000 2.687006


-3.920000	7300
5

G 0.000000 0.000000 0.000000
N 2.687006 2.687006 0.000000
L 5.374012 5.374012 0.000000
V 5.374012 8.061017 -2.687006
S 8.061017 5.374012 -2.687006


-3.920000	b740
5

G 0.000000 0.000000 0.000000
N 2.687006 2.687006 0.000000
L 5.374012 2.687006 2.687006
V 8.061017 0.000000 2.687006
S 5.374012 0.000000 5.374012


-3.920000	8400
5

G 0.000000 0.000000 0.000000
N 2.687006 2.687006 0.000000
L 5.374012 5.374012 0.000000
V 8.061017 5.374012 2.687006
S 8.061017 2.687006 0.000000


-3.920000	9500
5

G 0.000000 0.000000 0.000000
N 2.687006 2.687006 0.000000
L 5.374012 5.374012 0.000000
V 8.061017 5.374012 -2.687006
S 8.061017 2.687006 0.000000


-3.920000	1940
5

G 0.000000 0.000000 0.000000
N 2.687006 2.687006 0.000000
L 5.374012 2.687006 2.687006
V 5.374012 0.000000 5.374012
S 2.687006 2.687006 5.374012


-3.920000	7240
5

G 0.000000 0.000000 0.000000
N 2.687006 2.687006 0.000000
L 5.374012 2.687006 2.687006
V 5.374012 5.374012 5.374012
S 8.061017 2.687006 5.374012


-3.920000	7200
5

G 0.000000 0.000000 0.000000
N 2.687006 2.687006 0.000000
L 5.374012 5.374012 0.000000
V 5.374012 8.061017 2.687006
S 8.061017 5.374012 2.687006


-3.400000	ab40
5

G 0.000000 0.000000 0.000000
N 2.687006 2.687006 0.000000
L 5.374012 2.687006 2.687006
V 2.687006 2.687006 5.374012
S 0.000000 2.687006 2.687006


-3.380000	1610
5

G 0.000000 0.000000 0.000000
N 2.687006 2.687006 0.000000
L 0.000000 5.374012 0.000000
V -2.687006 2.687006 0.000000
S -5.374012 5.374012 0.000000


-3.380000	6610
5

G 0.000000 0.000000 0.000000
N 2.687006 2.687006 0.000000
L 0.000000 5.374012 0.000000
V -2.687006 2.687006 0.000000
S -5.374012 0.000000 0.000000


-3.380000	a610
5

G 0.000000 0.000000 0.000000
N 2.687006 2.687006 0.000000
L 0.000000 5.374012 0.000000
V -2.687006 2.687006 0.000000
S -5.374012 2.687006 -2.687006


-3.380000	b610
5

G 0.000000 0.000000 0.000000
N 2.687006 2.687006 0.000000
L 0.000000 5.374012 0.000000
V -2.687006 2.687006 0.000000
S -5.374012 2.687006 2.687006


-2.830000	3800
5

G 0.000000 0.000000 0.000000
N 2.687006 2.687006 0.000000
L 5.374012 5.374012 0.000000
V 5.374012 2.687006 -2.687006
S 5.374012 5.374012 -5.374012


-2.830000	4900
5

G 0.000000 0.000000 0.000000
N 2.687006 2.687006 0.000000
L 5.374012 5.374012 0.000000
V 5.374012 2.687006 2.687006
S 8.061017 2.687006 5.374012


-2.830000	5a00
5

G 0.000000 0.000000 0.000000
N 2.687006 2.687006 0.000000
L 5.374012 5.374012 0.000000
V 2.687006 5.374012 -2.687006
S 5.374012 5.374012 -5.374012


-2.830000	b410
5

G 0.000000 0.000000 0.000000
N 2.687006 2.687006 0.000000
L 0.000000 5.374012 0.000000
V 2.687006 5.374012 2.687006
S 0.000000 5.374012 5.374012


-2.830000	0510
5

G 0.000000 0.000000 0.000000
N 2.687006 2.687006 0.000000
L 0.000000 5.374012 0.000000
V 2.687006 5.374012 -2.687006
S 5.374012 8.061017 -2.687006


-2.830000	0410
5

G 0.000000 0.000000 0.000000
N 2.687006 2.687006 0.000000
L 0.000000 5.374012 0.000000
V 2.687006 5.374012 2.687006
S 5.374012 8.061017 2.687006


-2.830000	5800
5

G 0.000000 0.000000 0.000000
N 2.687006 2.687006 0.000000
L 5.374012 5.374012 0.000000
V 5.374012 2.687006 -2.687006
S 8.061017 2.687006 -5.374012


-2.830000	0340
5

G 0.000000 0.000000 0.000000
N 2.687006 2.687006 0.000000
L 5.374012 2.687006 2.687006
V 5.374012 5.374012 0.000000
S 8.061017 8.061017 0.000000


-2.830000	5840
5

G 0.000000 0.000000 0.000000
N 2.687006 2.687006 0.000000
L 5.374012 2.687006 2.687006
V 5.374012 0.000000 0.000000
S 8.061017 0.000000 -2.687006


-2.830000	7900
5

G 0.000000 0.000000 0.000000
N 2.687006 2.687006 0.000000
L 5.374012 5.374012 0.000000
V 5.374012 2.687006 2.687006
S 8.061017 0.000000 2.687006


-2.830000	b140
5

G 0.000000 0.000000 0.000000
N 2.687006 2.687006 0.000000
L 5.374012 2.687006 2.687006
V 2.687006 5.374012 2.687006
S 0.000000 5.374012 5.374012


-2.830000	8a00
5

G 0.000000 0.000000 0.000000
N 2.687006 2.687006 0.000000
L 5.374012 5.374012 0.000000
V 2.687006 5.374012 -2.687006
S 2.687006 2.687006 -5.374012


-2.830000	9b00
5

G 0.000000 0.000000 0.000000
N 2.687006 2.687006 0.000000
L 5.374012 5.374012 0.000000
V 2.687006 5.374012 2.687006
S 2.687006 2.687006 5.374012


-2.830000	1340
5

G 0.000000 0.000000 0.000000
N 2.687006 2.687006 0.000000
L 5.374012 2.687006 2.687006
V 5.374012 5.374012 0.000000
S 2.687006 8.061017 0.000000


-2.830000	2410
5

G 0.000000 0.000000 0.000000
N 2.687006 2.687006 0.000000
L 0.000000 5.374012 0.000000
V 2.687006 5.374012 2.687006
S 2.687006 8.061017 5.374012


-2.830000	3510
5

G 0.000000 0.000000 0.000000
N 2.687006 2.687006 0.000000
L 0.000000 5.374012 0.000000
V 2.687006 5.374012 -2.687006
S 2.687006 8.061017 -5.374012


-2.830000	7800
5

G 0.000000 0.000000 0.000000
N 2.687006 2.687006 0.000000
L 5.374012 5.374012 0.000000
V 5.374012 2.687006 -2.687006
S 8.061017 0.000000 -2.687006


-2.830000	0140
5

G 0.000000 0.000000 0.000000
N 2.687006 2.687006 0.000000
L 5.374012 2.687006 2.687006
V 2.687006 5.374012 2.687006
S 5.374012 8.061017 2.687006


-2.830000	2340
5

G 0.000000 0.000000 0.000000
N 2.687006 2.687006 0.000000
L 5.374012 2.687006 2.687006
V 5.374012 5.374012 0.000000
S 5.374012 8.061017 2.687006


-2.830000	7840
5

G 0.000000 0.000000 0.000000
N 2.687006 2.687006 0.000000
L 5.374012 2.687006 2.687006
V 5.374012 0.000000 0.000000
S 8.061017 -2.687006 0.000000


-2.830000	8800
5

G 0.000000 0.000000 0.000000
N 2.687006 2.687006 0.000000
L 5.374012 5.374012 0.000000
V 5.374012 2.687006 -2.687006
S 5.374012 0.000000 -5.374012


-2.830000	9900
5

G 0.000000 0.000000 0.000000
N 2.687006 2.687006 0.000000
L 5.374012 5.374012 0.000000
V 5.374012 2.687006 2.687006
S 5.374012 0.000000 5.374012


-2.830000	1140
5

G 0.000000 0.000000 0.000000
N 2.687006 2.687006 0.000000
L 5.374012 2.687006 2.687006
V 2.687006 5.374012 2.687006
S 0.000000 8.061017 2.687006


-2.830000	aa00
5

G 0.000000 0.000000 0.000000
N 2.687006 2.687006 0.000000
L 5.374012 5.374012 0.000000
V 2.687006 5.374012 -2.687006
S 0.000000 5.374012 -5.374012


-2.830000	bb00
5

G 0.000000 0.000000 0.000000
N 2.687006 2.687006 0.000000
L 5.374012 5.374012 0.000000
V 2.687006 5.374012 2.687006
S 0.000000 5.374012 5.374012


-2.830000	3340
5

G 0.000000 0.000000 0.000000
N 2.687006 2.687006 0.000000
L 5.374012 2.687006 2.687006
V 5.374012 5.374012 0.000000
S 5.374012 8.061017 -2.687006


-2.830000	4410
5

G 0.000000 0.000000 0.000000
N 2.687006 2.687006 0.000000
L 0.000000 5.374012 0.000000
V 2.687006 5.374012 2.687006
S 5.374012 5.374012 5.374012


-2.830000	5510
5

G 0.000000 0.000000 0.000000
N 2.687006 2.687006 0.000000
L 0.000000 5.374012 0.000000
V 2.687006 5.374012 -2.687006
S 5.374012 5.374012 -5.374012


-2.830000	8840
5

G 0.000000 0.000000 0.000000
N 2.687006 2.687006 0.000000
L 5.374012 2.687006 2.687006
V 5.374012 0.000000 0.000000
S 5.374012 -2.687006 -2.687006


-2.830000	2140
5

G 0.000000 0.000000 0.000000
N 2.687006 2.687006 0.000000
L 5.374012 2.687006 2.687006
V 2.687006 5.374012 2.687006
S 2.687006 8.061017 5.374012


-2.830000	9840
5

G 0.000000 0.000000 0.000000
N 2.687006 2.687006 0.000000
L 5.374012 2.687006 2.687006
V 5.374012 0.000000 0.000000
S 5.374012 -2.687006 2.687006


-2.830000	a800
5

G 0.000000 0.000000 0.000000
N 2.687006 2.687006 0.000000
L 5.374012 5.374012 0.000000
V 5.374012 2.687006 -2.687006
S 2.687006 2.687006 -5.374012


-2.830000	b900
5

G 0.000000 0.000000 0.000000
N 2.687006 2.687006 0.000000
L 5.374012 5.374012 0.000000
V 5.374012 2.687006 2.687006
S 2.687006 2.687006 5.374012


-2.830000	3140
5

G 0.000000 0.000000 0.000000
N 2.687006 2.687006 0.000000
L 5.374012 2.687006 2.687006
V 2.687006 5.374012 2.687006
S 2.687006 8.061017 0.000000


-2.830000	1b00
5

G 0.000000 0.000000 0.000000
N 2.687006 2.687006 0.000000
L 5.374012 5.374012 0.000000
V 2.687006 5.374012 2.687006
S 0.000000 8.061017 2.687006


-2.830000	5340
5

G 0.000000 0.000000 0.000000
N 2.687006 2.687006 0.000000
L 5.374012 2.687006 2.687006
V 5.374012 5.374012 0.000000
S 8.061017 5.374012 -2.687006


-2.830000	1a00
5

G 0.000000 0.000000 0.000000
N 2.687006 2.687006 0.000000
L 5.374012 5.374012 0.000000
V 2.687006 5.374012 -2.687006
S 0.000000 8.061017 -2.687006


-2.830000	2b00
5

G 0.000000 0.000000 0.000000
N 2.687006 2.687006 0.000000
L 5.374012 5.374012 0.000000
V 2.687006 5.374012 2.687006
S 2.687006 8.061017 5.374012


-2.830000	8510
5

G 0.000000 0.000000 0.000000
N 2.687006 2.687006 0.000000
L 0.000000 5.374012 0.000000
V 2.687006 5.374012 -2.687006
S 2.687006 2.687006 -5.374012


-2.830000	2900
5

G 0.000000 0.000000 0.000000
N 2.687006 2.687006 0.000000
L 5.374012 5.374012 0.000000
V 5.374012 2.687006 2.687006
S 5.374012 5.374012 5.374012


-2.830000	3a00
5

G 0.000000 0.000000 0.000000
N 2.687006 2.687006 0.000000
L 5.374012 5.374012 0.000000
V 2.687006 5.374012 -2.687006
S 2.687006 8.061017 -5.374012


-2.830000	4b00
5

G 0.000000 0.000000 0.000000
N 2.687006 2.687006 0.000000
L 5.374012 5.374012 0.000000
V 2.687006 5.374012 2.687006
S 5.374012 5.374012 5.374012


-2.830000	9410
5

G 0.000000 0.000000 0.000000
N 2.687006 2.687006 0.000000
L 0.000000 5.374012 0.000000
V 2.687006 5.374012 2.687006
S 2.687006 2.687006 5.374012


-2.830000	a510
5

G 0.000000 0.000000 0.000000
N 2.687006 2.687006 0.000000
L 0.000000 5.374012 0.000000
V 2.687006 5.374012 -2.687006
S 0.000000 5.374012 -5.374012


-1.580000	7010
5

G 0.000000 0.000000 0.000000
N 2.687006 2.687006 0.000000
L 0.000000 5.374012 0.000000
V 2.687006 8.061017 0.000000
S 5.374012 5.374012 0.000000


-1.580000	6700
5

G 0.000000 0.000000 0.000000
N 2.687006 2.687006 0.000000
L 5.374012 5.374012 0.000000
V 8.061017 2.687006 0.000000
S 5.374012 0.000000 0.000000


-1.580000	6100
5

G 0.000000 0.000000 0.000000
N 2.687006 2.687006 0.000000
L 5.374012 5.374012 0.000000
V 2.687006 8.061017 0.000000
S 0.000000 5.374012 0.000000


-1.580000	a540
5

G 0.000000 0.000000 0.000000
N 2.687006 2.687006 0.000000
L 5.374012 2.687006 2.687006
V 8.061017 2.687006 0.000000
S 5.374012 2.687006 -2.687006


0.000000	6b40
5

G 0.000000 0.000000 0.000000
N 2.687006 2.687006 0.000000
L 5.374012 2.687006 2.687006
V 2.687006 2.687006 5.374012
S 0.000000 0.000000 5.374012


0.000000	7040
5

G 0.000000 0.000000 0.000000
N 2.687006 2.687006 0.000000
L 5.374012 2.687006 2.687006
V 8.061017 5.374012 2.687006
S 10.748023 2.687006 2.687006


0.000000	5a10
5

G 0.000000 0.000000 0.000000
N 2.687006 2.687006 0.000000
L 0.000000 5.374012 0.000000
V -2.687006 5.374012 -2.687006
S 0.000000 5.374012 -5.374012


0.000000	6b10
5

G 0.000000 0.000000 0.000000
N 2.687006 2.687006 0.000000
L 0.000000 5.374012 0.000000
V -2.687006 5.374012 2.687006
S -5.374012 2.687006 2.687006


0.000000	9240
5

G 0.000000 0.000000 0.000000
N 2.687006 2.687006 0.000000
L 5.374012 2.687006 2.687006
V 5.374012 5.374012 5.374012
S 5.374012 2.687006 8.061017


0.000000	7000
5

G 0.000000 0.000000 0.000000
N 2.687006 2.687006 0.000000
L 5.374012 5.374012 0.000000
V 8.061017 8.061017 0.000000
S 10.748023 5.374012 0.000000


0.000000	b440
5

G 0.000000 0.000000 0.000000
N 2.687006 2.687006 0.000000
L 5.374012 2.687006 2.687006
V 8.061017 2.687006 5.374012
S 5.374012 2.687006 8.061017


0.000000	9210
5

G 0.000000 0.000000 0.000000
N 2.687006 2.687006 0.000000
L 0.000000 5.374012 0.000000
V 0.000000 8.061017 2.687006
S 0.000000 5.374012 5.374012


0.000000	0540
5

G 0.000000 0.000000 0.000000
N 2.687006 2.687006 0.000000
L 5.374012 2.687006 2.687006
V 8.061017 2.687006 0.000000
S 10.748023 5.374012 0.000000


0.000000	9200
5

G 0.000000 0.000000 0.000000
N 2.687006 2.687006 0.000000
L 5.374012 5.374012 0.000000
V 5.374012 8.061017 2.687006
S 5.374012 5.374012 5.374012


0.000000	a310
5

G 0.000000 0.000000 0.000000
N 2.687006 2.687006 0.000000
L 0.000000 5.374012 0.000000
V 0.000000 8.061017 -2.687006
S -2.687006 8.061017 -5.374012


0.000000	a300
5

G 0.000000 0.000000 0.000000
N 2.687006 2.687006 0.000000
L 5.374012 5.374012 0.000000
V 5.374012 8.061017 -2.687006
S 2.687006 8.061017 -5.374012


0.000000	b400
5

G 0.000000 0.000000 0.000000
N 2.687006 2.687006 0.000000
L 5.374012 5.374012 0.000000
V 8.061017 5.374012 2.687006
S 5.374012 5.374012 5.374012


0.000000	0500
5

G 0.000000 0.000000 0.000000
N 2.687006 2.687006 0.000000
L 5.374012 5.374012 0.000000
V 8.061017 5.374012 -2.687006
S 10.748023 8.061017 -2.687006


0.000000	4940
5

G 0.000000 0.000000 0.000000
N 2.687006 2.687006 0.000000
L 5.374012 2.687006 2.687006
V 5.374012 0.000000 5.374012
S 8.061017 0.000000 8.061017


0.000000	6a10
5

G 0.000000 0.000000 0.000000
N 2.687006 2.687006 0.000000
L 0.000000 5.374012 0.000000
V -2.687006 5.374012 -2.687006
S -5.374012 2.687006 -2.687006


0.000000	0440
5

G 0.000000 0.000000 0.000000
N 2.687006 2.687006 0.000000
L 5.374012 2.687006 2.687006
V 8.061017 2.687006 5.374012
S 10.748023 5.374012 5.374012


0.000000	0400
5

G 0.000000 0.000000 0.000000
N 2.687006 2.687006 0.000000
L 5.374012 5.374012 0.000000
V 8.061017 5.374012 2.687006
S 10.748023 8.061017 2.687006


0.000000	4700
5

G 0.000000 0.000000 0.000000
N 2.687006 2.687006 0.000000
L 5.374012 5.374012 0.000000
V 8.061017 2.687006 0.000000
S 10.748023 2.687006 2.687006


0.000000	b240
5

G 0.000000 0.000000 0.000000
N 2.687006 2.687006 0.000000
L 5.374012 2.687006 2.687006
V 5.374012 5.374012 5.374012
S 2.687006 5.374012 8.061017


0.000000	a110
5

G 0.000000 0.000000 0.000000
N 2.687006 2.687006 0.000000
L 0.000000 5.374012 0.000000
V -2.687006 8.061017 0.000000
S -5.374012 8.061017 -2.687006


0.000000	a100
5

G 0.000000 0.000000 0.000000
N 2.687006 2.687006 0.000000
L 5.374012 5.374012 0.000000
V 2.687006 8.061017 0.000000
S 0.000000 8.061017 -2.687006


0.000000	b210
5

G 0.000000 0.000000 0.000000
N 2.687006 2.687006 0.000000
L 0.000000 5.374012 0.000000
V 0.000000 8.061017 2.687006
S -2.687006 8.061017 5.374012


0.000000	b200
5

G 0.000000 0.000000 0.000000
N 2.687006 2.687006 0.000000
L 5.374012 5.374012 0.000000
V 5.374012 8.061017 2.687006
S 2.687006 8.061017 5.374012


0.000000	0310
5

G 0.000000 0.000000 0.000000
N 2.687006 2.687006 0.000000
L 0.000000 5.374012 0.000000
V 0.000000 8.061017 -2.687006
S 2.687006 10.748023 -2.687006


0.000000	0300
5

G 0.000000 0.000000 0.000000
N 2.687006 2.687006 0.000000
L 5.374012 5.374012 0.000000
V 5.374012 8.061017 -2.687006
S 8.061017 10.748023 -2.687006


0.000000	4740
5

G 0.000000 0.000000 0.000000
N 2.687006 2.687006 0.000000
L 5.374012 2.687006 2.687006
V 8.061017 0.000000 2.687006
S 10.748023 0.000000 5.374012


0.000000	6940
5

G 0.000000 0.000000 0.000000
N 2.687006 2.687006 0.000000
L 5.374012 2.687006 2.687006
V 5.374012 0.000000 5.374012
S 2.687006 -2.687006 5.374012


0.000000	5700
5

G 0.000000 0.000000 0.000000
N 2.687006 2.687006 0.000000
L 5.374012 5.374012 0.000000
V 8.061017 2.687006 0.000000
S 10.748023 2.687006 -2.687006


0.000000	9b40
5

G 0.000000 0.000000 0.000000
N 2.687006 2.687006 0.000000
L 5.374012 2.687006 2.687006
V 2.687006 2.687006 5.374012
S 2.687006 0.000000 8.061017


0.000000	8a10
5

G 0.000000 0.000000 0.000000
N 2.687006 2.687006 0.000000
L 0.000000 5.374012 0.000000
V -2.687006 5.374012 -2.687006
S -2.687006 2.687006 -5.374012


0.000000	9b10
5

G 0.000000 0.000000 0.000000
N 2.687006 2.687006 0.000000
L 0.000000 5.374012 0.000000
V -2.687006 5.374012 2.687006
S -2.687006 2.687006 5.374012


0.000000	0240
5

G 0.000000 0.000000 0.000000
N 2.687006 2.687006 0.000000
L 5.374012 2.687006 2.687006
V 5.374012 5.374012 5.374012
S 8.061017 8.061017 5.374012


0.000000	b110
5

G 0.000000 0.000000 0.000000
N 2.687006 2.687006 0.000000
L 0.000000 5.374012 0.000000
V -2.687006 8.061017 0.000000
S -5.374012 8.061017 2.687006


0.000000	2440
5

G 0.000000 0.000000 0.000000
N 2.687006 2.687006 0.000000
L 5.374012 2.687006 2.687006
V 8.061017 2.687006 5.374012
S 8.061017 5.374012 8.061017


0.000000	b100
5

G 0.000000 0.000000 0.000000
N 2.687006 2.687006 0.000000
L 5.374012 5.374012 0.000000
V 2.687006 8.061017 0.000000
S 0.000000 8.061017 2.687006


0.000000	0210
5

G 0.000000 0.000000 0.000000
N 2.687006 2.687006 0.000000
L 0.000000 5.374012 0.000000
V 0.000000 8.061017 2.687006
S 2.687006 10.748023 2.687006


0.000000	3540
5

G 0.000000 0.000000 0.000000
N 2.687006 2.687006 0.000000
L 5.374012 2.687006 2.687006
V 8.061017 2.687006 0.000000
S 8.061017 5.374012 -2.687006


0.000000	0200
5

G 0.000000 0.000000 0.000000
N 2.687006 2.687006 0.000000
L 5.374012 5.374012 0.000000
V 5.374012 8.061017 2.687006
S 8.061017 10.748023 2.687006


0.000000	1310
5

G 0.000000 0.000000 0.000000
N 2.687006 2.687006 0.000000
L 0.000000 5.374012 0.000000
V 0.000000 8.061017 -2.687006
S -2.687006 10.748023 -2.687006


0.000000	1300
5

G 0.000000 0.000000 0.000000
N 2.687006 2.687006 0.000000
L 5.374012 5.374012 0.000000
V 5.374012 8.061017 -2.687006
S 2.687006 10.748023 -2.687006


0.000000	5740
5

G 0.000000 0.000000 0.000000
N 2.687006 2.687006 0.000000
L 5.374012 2.687006 2.687006
V 8.061017 0.000000 2.687006
S 10.748023 0.000000 0.000000


0.000000	2400
5

G 0.000000 0.000000 0.000000
N 2.687006 2.687006 0.000000
L 5.374012 5.374012 0.000000
V 8.061017 5.374012 2.687006
S 8.061017 8.061017 5.374012


0.000000	3500
5

G 0.000000 0.000000 0.000000
N 2.687006 2.687006 0.000000
L 5.374012 5.374012 0.000000
V 8.061017 5.374012 -2.687006
S 8.061017 8.061017 -5.374012


0.000000	7940
5

G 0.000000 0.000000 0.000000
N 2.687006 2.687006 0.000000
L 5.374012 2.687006 2.687006
V 5.374012 0.000000 5.374012
S 8.061017 -2.687006 5.374012


0.000000	ab10
5

G 0.000000 0.000000 0.000000
N 2.687006 2.687006 0.000000
L 0.000000 5.374012 0.000000
V -2.687006 5.374012 2.687006
S -5.374012 5.374012 0.000000


0.000000	1240
5

G 0.000000 0.000000 0.000000
N 2.687006 2.687006 0.000000
L 5.374012 2.687006 2.687006
V 5.374012 5.374012 5.374012
S 2.687006 8.061017 5.374012


0.000000	0110
5

G 0.000000 0.000000 0.000000
N 2.687006 2.687006 0.000000
L 0.000000 5.374012 0.000000
V -2.687006 8.061017 0.000000
S 0.000000 10.748023 0.000000


0.000000	0100
5

G 0.000000 0.000000 0.000000
N 2.687006 2.687006 0.000000
L 5.374012 5.374012 0.000000
V 2.687006 8.061017 0.000000
S 5.374012 10.748023 0.000000


0.000000	1210
5

G 0.000000 0.000000 0.000000
N 2.687006 2.687006 0.000000
L 0.000000 5.374012 0.000000
V 0.000000 8.061017 2.687006
S -2.687006 10.748023 2.687006


0.000000	4540
5

G 0.000000 0.000000 0.000000
N 2.687006 2.687006 0.000000
L 5.374012 2.687006 2.687006
V 8.061017 2.687006 0.000000
S 10.748023 2.687006 2.687006


0.000000	1200
5

G 0.000000 0.000000 0.000000
N 2.687006 2.687006 0.000000
L 5.374012 5.374012 0.000000
V 5.374012 8.061017 2.687006
S 2.687006 10.748023 2.687006


0.000000	2310
5

G 0.000000 0.000000 0.000000
N 2.687006 2.687006 0.000000
L 0.000000 5.374012 0.000000
V 0.000000 8.061017 -2.687006
S 0.000000 10.748023 0.000000


0.000000	2300
5

G 0.000000 0.000000 0.000000
N 2.687006 2.687006 0.000000
L 5.374012 5.374012 0.000000
V 5.374012 8.061017 -2.687006
S 5.374012 10.748023 0.000000


0.000000	6740
5

G 0.000000 0.000000 0.000000
N 2.687006 2.687006 0.000000
L 5.374012 2.687006 2.687006
V 8.061017 0.000000 2.687006
S 5.374012 -2.687006 2.687006


0.000000	4500
5

G 0.000000 0.000000 0.000000
N 2.687006 2.687006 0.000000
L 5.374012 5.374012 0.000000
V 8.061017 5.374012 -2.687006
S 10.748023 5.374012 0.000000


0.000000	8940
5

G 0.000000 0.000000 0.000000
N 2.687006 2.687006 0.000000
L 5.374012 2.687006 2.687006
V 5.374012 0.000000 5.374012
S 5.374012 -2.687006 2.687006


0.000000	7700
5

G 0.000000 0.000000 0.000000
N 2.687006 2.687006 0.000000
L 5.374012 5.374012 0.000000
V 8.061017 2.687006 0.000000
S 10.748023 0.000000 0.000000


0.000000	bb40
5

G 0.000000 0.000000 0.000000
N 2.687006 2.687006 0.000000
L 5.374012 2.687006 2.687006
V 2.687006 2.687006 5.374012
S 0.000000 2.687006 8.061017


0.000000	0040
5

G 0.000000 0.000000 0.000000
N 2.687006 2.687006 0.000000
L 5.374012 2.687006 2.687006
V 8.061017 5.374012 2.687006
S 10.748023 8.061017 2.687006


0.000000	aa10
5

G 0.000000 0.000000 0.000000
N 2.687006 2.687006 0.000000
L 0.000000 5.374012 0.000000
V -2.687006 5.374012 -2.687006
S -5.374012 5.374012 -5.374012


0.000000	bb10
5

G 0.000000 0.000000 0.000000
N 2.687006 2.687006 0.000000
L 0.000000 5.374012 0.000000
V -2.687006 5.374012 2.687006
S -5.374012 5.374012 5.374012


0.000000	2240
5

G 0.000000 0.000000 0.000000
N 2.687006 2.687006 0.000000
L 5.374012 2.687006 2.687006
V 5.374012 5.374012 5.374012
S 5.374012 8.061017 8.061017


0.000000	0010
5

G 0.000000 0.000000 0.000000
N 2.687006 2.687006 0.000000
L 0.000000 5.374012 0.000000
V 2.687006 8.061017 0.000000
S 5.374012 10.748023 0.000000


0.000000	0000
5

G 0.000000 0.000000 0.000000
N 2.687006 2.687006 0.000000
L 5.374012 5.374012 0.000000
V 8.061017 8.061017 0.000000
S 10.748023 10.748023 0.000000


0.000000	1110
5

G 0.000000 0.000000 0.000000
N 2.687006 2.687006 0.000000
L 0.000000 5.374012 0.000000
V -2.687006 8.061017 0.000000
S -5.374012 10.748023 0.000000


0.000000	4440
5

G 0.000000 0.000000 0.000000
N 2.687006 2.687006 0.000000
L 5.374012 2.687006 2.687006
V 8.061017 2.687006 5.374012
S 10.748023 2.687006 8.061017


0.000000	1100
5

G 0.000000 0.000000 0.000000
N 2.687006 2.687006 0.000000
L 5.374012 5.374012 0.000000
V 2.687006 8.061017 0.000000
S 0.000000 10.748023 0.000000


0.000000	2210
5

G 0.000000 0.000000 0.000000
N 2.687006 2.687006 0.000000
L 0.000000 5.374012 0.000000
V 0.000000 8.061017 2.687006
S 0.000000 10.748023 5.374012


0.000000	5540
5

G 0.000000 0.000000 0.000000
N 2.687006 2.687006 0.000000
L 5.374012 2.687006 2.687006
V 8.061017 2.687006 0.000000
S 10.748023 2.687006 -2.687006


0.000000	2200
5

G 0.000000 0.000000 0.000000
N 2.687006 2.687006 0.000000
L 5.374012 5.374012 0.000000
V 5.374012 8.061017 2.687006
S 5.374012 10.748023 5.374012


0.000000	3310
5

G 0.000000 0.000000 0.000000
N 2.687006 2.687006 0.000000
L 0.000000 5.374012 0.000000
V 0.000000 8.061017 -2.687006
S 0.000000 10.748023 -5.374012


0.000000	3300
5

G 0.000000 0.000000 0.000000
N 2.687006 2.687006 0.000000
L 5.374012 5.374012 0.000000
V 5.374012 8.061017 -2.687006
S 5.374012 10.748023 -5.374012


0.000000	7740
5

G 0.000000 0.000000 0.000000
N 2.687006 2.687006 0.000000
L 5.374012 2.687006 2.687006
V 8.061017 0.000000 2.687006
S 10.748023 -2.687006 2.687006


0.000000	4400
5

G 0.000000 0.000000 0.000000
N 2.687006 2.687006 0.000000
L 5.374012 5.374012 0.000000
V 8.061017 5.374012 2.687006
S 10.748023 5.374012 5.374012


0.000000	5500
5

G 0.000000 0.000000 0.000000
N 2.687006 2.687006 0.000000
L 5.374012 5.374012 0.000000
V 8.061017 5.374012 -2.687006
S 10.748023 5.374012 -5.374012


0.000000	9940
5

G 0.000000 0.000000 0.000000
N 2.687006 2.687006 0.000000
L 5.374012 2.687006 2.687006
V 5.374012 0.000000 5.374012
S 5.374012 -2.687006 8.061017


0.000000	8700
5

G 0.000000 0.000000 0.000000
N 2.687006 2.687006 0.000000
L 5.374012 5.374012 0.000000
V 8.061017 2.687006 0.000000
S 8.061017 0.000000 -2.687006


0.000000	1040
5

G 0.000000 0.000000 0.000000
N 2.687006 2.687006 0.000000
L 5.374012 2.687006 2.687006
V 8.061017 5.374012 2.687006
S 5.374012 8.061017 2.687006


0.000000	ba10
5

G 0.000000 0.000000 0.000000
N 2.687006 2.687006 0.000000
L 0.000000 5.374012 0.000000
V -2.687006 5.374012 -2.687006
S -5.374012 5.374012 0.000000


0.000000	3240
5

G 0.000000 0.000000 0.000000
N 2.687006 2.687006 0.000000
L 5.374012 2.687006 2.687006
V 5.374012 5.374012 5.374012
S 5.374012 8.061017 2.687006


0.000000	1010
5

G 0.000000 0.000000 0.000000
N 2.687006 2.687006 0.000000
L 0.000000 5.374012 0.000000
V 2.687006 8.061017 0.000000
S 0.000000 10.748023 0.000000


0.000000	1000
5

G 0.000000 0.000000 0.000000
N 2.687006 2.687006 0.000000
L 5.374012 5.374012 0.000000
V 8.061017 8.061017 0.000000
S 5.374012 10.748023 0.000000


0.000000	2110
5

G 0.000000 0.000000 0.000000
N 2.687006 2.687006 0.000000
L 0.000000 5.374012 0.000000
V -2.687006 8.061017 0.000000
S -2.687006 10.748023 2.687006


0.000000	5440
5

G 0.000000 0.000000 0.000000
N 2.687006 2.687006 0.000000
L 5.374012 2.687006 2.687006
V 8.061017 2.687006 5.374012
S 10.748023 2.687006 2.687006


0.000000	2100
5

G 0.000000 0.000000 0.000000
N 2.687006 2.687006 0.000000
L 5.374012 5.374012 0.000000
V 2.687006 8.061017 0.000000
S 2.687006 10.748023 2.687006


0.000000	3210
5

G 0.000000 0.000000 0.000000
N 2.687006 2.687006 0.000000
L 0.000000 5.374012 0.000000
V 0.000000 8.061017 2.687006
S 0.000000 10.748023 0.000000


0.000000	3200
5

G 0.000000 0.000000 0.000000
N 2.687006 2.687006 0.000000
L 5.374012 5.374012 0.000000
V 5.374012 8.061017 2.687006
S 5.374012 10.748023 0.000000


0.000000	8740
5

G 0.000000 0.000000 0.000000
N 2.687006 2.687006 0.000000
L 5.374012 2.687006 2.687006
V 8.061017 0.000000 2.687006
S 8.061017 -2.687006 0.000000


0.000000	5400
5

G 0.000000 0.000000 0.000000
N 2.687006 2.687006 0.000000
L 5.374012 5.374012 0.000000
V 8.061017 5.374012 2.687006
S 10.748023 5.374012 0.000000


0.000000	9700
5

G 0.000000 0.000000 0.000000
N 2.687006 2.687006 0.000000
L 5.374012 5.374012 0.000000
V 8.061017 2.687006 0.000000
S 8.061017 0.000000 2.687006


0.000000	1b40
5

G 0.000000 0.000000 0.000000
N 2.687006 2.687006 0.000000
L 5.374012 2.687006 2.687006
V 2.687006 2.687006 5.374012
S 0.000000 5.374012 5.374012


0.000000	2040
5

G 0.000000 0.000000 0.000000
N 2.687006 2.687006 0.000000
L 5.374012 2.687006 2.687006
V 8.061017 5.374012 2.687006
S 8.061017 8.061017 5.374012


0.000000	1b10
5

G 0.000000 0.000000 0.000000
N 2.687006 2.687006 0.000000
L 0.000000 5.374012 0.000000
V -2.687006 5.374012 2.687006
S -5.374012 8.061017 2.687006


0.000000	4240
5

G 0.000000 0.000000 0.000000
N 2.687006 2.687006 0.000000
L 5.374012 2.687006 2.687006
V 5.374012 5.374012 5.374012
S 8.061017 5.374012 8.061017


0.000000	2010
5

G 0.000000 0.000000 0.000000
N 2.687006 2.687006 0.000000
L 0.000000 5.374012 0.000000
V 2.687006 8.061017 0.000000
S 2.687006 10.748023 2.687006


0.000000	2000
5

G 0.000000 0.000000 0.000000
N 2.687006 2.687006 0.000000
L 5.374012 5.374012 0.000000
V 8.061017 8.061017 0.000000
S 8.061017 10.748023 2.687006


0.000000	3110
5

G 0.000000 0.000000 0.000000
N 2.687006 2.687006 0.000000
L 0.000000 5.374012 0.000000
V -2.687006 8.061017 0.000000
S -2.687006 10.748023 -2.687006


0.000000	3100
5

G 0.000000 0.000000 0.000000
N 2.687006 2.687006 0.000000
L 5.374012 5.374012 0.000000
V 2.687006 8.061017 0.000000
S 2.687006 10.748023 -2.687006


0.000000	4210
5

G 0.000000 0.000000 0.000000
N 2.687006 2.687006 0.000000
L 0.000000 5.374012 0.000000
V 0.000000 8.061017 2.687006
S 2.687006 8.061017 5.374012


0.000000	7540
5

G 0.000000 0.000000 0.000000
N 2.687006 2.687006 0.000000
L 5.374012 2.687006 2.687006
V 8.061017 2.687006 0.000000
S 10.748023 0.000000 0.000000


0.000000	4200
5

G 0.000000 0.000000 0.000000
N 2.687006 2.687006 0.000000
L 5.374012 5.374012 0.000000
V 5.374012 8.061017 2.687006
S 8.061017 8.061017 5.374012


0.000000	5310
5

G 0.000000 0.000000 0.000000
N 2.687006 2.687006 0.000000
L 0.000000 5.374012 0.000000
V 0.000000 8.061017 -2.687006
S 2.687006 8.061017 -5.374012


0.000000	5300
5

G 0.000000 0.000000 0.000000
N 2.687006 2.687006 0.000000
L 5.374012 5.374012 0.000000
V 5.374012 8.061017 -2.687006
S 8.061017 8.061017 -5.374012


0.000000	9740
5

G 0.000000 0.000000 0.000000
N 2.687006 2.687006 0.000000
L 5.374012 2.687006 2.687006
V 8.061017 0.000000 2.687006
S 8.061017 -2.687006 5.374012


0.000000	7500
5

G 0.000000 0.000000 0.000000
N 2.687006 2.687006 0.000000
L 5.374012 5.374012 0.000000
V 8.061017 5.374012 -2.687006
S 10.748023 2.687006 -2.687006


0.000000	b940
5

G 0.000000 0.000000 0.000000
N 2.687006 2.687006 0.000000
L 5.374012 2.687006 2.687006
V 5.374012 0.000000 5.374012
S 2.687006 0.000000 8.061017


0.000000	2b40
5

G 0.000000 0.000000 0.000000
N 2.687006 2.687006 0.000000
L 5.374012 2.687006 2.687006
V 2.687006 2.687006 5.374012
S 2.687006 5.374012 8.061017


0.000000	3040
5

G 0.000000 0.000000 0.000000
N 2.687006 2.687006 0.000000
L 5.374012 2.687006 2.687006
V 8.061017 5.374012 2.687006
S 8.061017 8.061017 0.000000


0.000000	1a10
5

G 0.000000 0.000000 0.000000
N 2.687006 2.687006 0.000000
L 0.000000 5.374012 0.000000
V -2.687006 5.374012 -2.687006
S -5.374012 8.061017 -2.687006


0.000000	2b10
5

G 0.000000 0.000000 0.000000
N 2.687006 2.687006 0.000000
L 0.000000 5.374012 0.000000
V -2.687006 5.374012 2.687006
S -2.687006 8.061017 5.374012


0.000000	3010
5

G 0.000000 0.000000 0.000000
N 2.687006 2.687006 0.000000
L 0.000000 5.374012 0.000000
V 2.687006 8.061017 0.000000
S 2.687006 10.748023 -2.687006


0.000000	3000
5

G 0.000000 0.000000 0.000000
N 2.687006 2.687006 0.000000
L 5.374012 5.374012 0.000000
V 8.061017 8.061017 0.000000
S 8.061017 10.748023 -2.687006


0.000000	7440
5

G 0.000000 0.000000 0.000000
N 2.687006 2.687006 0.000000
L 5.374012 2.687006 2.687006
V 8.061017 2.687006 5.374012
S 10.748023 0.000000 5.374012


0.000000	8540
5

G 0.000000 0.000000 0.000000
N 2.687006 2.687006 0.000000
L 5.374012 2.687006 2.687006
V 8.061017 2.687006 0.000000
S 8.061017 0.000000 -2.687006


0.000000	7400
5

G 0.000000 0.000000 0.000000
N 2.687006 2.687006 0.000000
L 5.374012 5.374012 0.000000
V 8.061017 5.374012 2.687006
S 10.748023 2.687006 2.687006


0.000000	8500
5

G 0.000000 0.000000 0.000000
N 2.687006 2.687006 0.000000
L 5.374012 5.374012 0.000000
V 8.061017 5.374012 -2.687006
S 8.061017 2.687006 -5.374012


0.000000	4040
5

G 0.000000 0.000000 0.000000
N 2.687006 2.687006 0.000000
L 5.374012 2.687006 2.687006
V 8.061017 5.374012 2.687006
S 10.748023 5.374012 5.374012


0.000000	4010
5

G 0.000000 0.000000 0.000000
N 2.687006 2.687006 0.000000
L 0.000000 5.374012 0.000000
V 2.687006 8.061017 0.000000
S 5.374012 8.061017 2.687006


0.000000	4000
5

G 0.000000 0.000000 0.000000
N 2.687006 2.687006 0.000000
L 5.374012 5.374012 0.000000
V 8.061017 8.061017 0.000000
S 10.748023 8.061017 2.687006


0.000000	0700
5

G 0.000000 0.000000 0.000000
N 2.687006 2.687006 0.000000
L 5.374012 5.374012 0.000000
V 8.061017 2.687006 0.000000
S 10.748023 5.374012 0.000000


0.000000	4b40
5

G 0.000000 0.000000 0.000000
N 2.687006 2.687006 0.000000
L 5.374012 2.687006 2.687006
V 2.687006 2.687006 5.374012
S 5.374012 2.687006 8.061017


0.000000	5040
5

G 0.000000 0.000000 0.000000
N 2.687006 2.687006 0.000000
L 5.374012 2.687006 2.687006
V 8.061017 5.374012 2.687006
S 10.748023 5.374012 0.000000


0.000000	3a10
5

G 0.000000 0.000000 0.000000
N 2.687006 2.687006 0.000000
L 0.000000 5.374012 0.000000
V -2.687006 5.374012 -2.687006
S -2.687006 8.061017 -5.374012


0.000000	4b10
5

G 0.000000 0.000000 0.000000
N 2.687006 2.687006 0.000000
L 0.000000 5.374012 0.000000
V -2.687006 5.374012 2.687006
S 0.000000 5.374012 5.374012


0.000000	5010
5

G 0.000000 0.000000 0.000000
N 2.687006 2.687006 0.000000
L 0.000000 5.374012 0.000000
V 2.687006 8.061017 0.000000
S 5.374012 8.061017 -2.687006


0.000000	5000
5

G 0.000000 0.000000 0.000000
N 2.687006 2.687006 0.000000
L 5.374012 5.374012 0.000000
V 8.061017 8.061017 0.000000
S 10.748023 8.061017 -2.687006


0.000000	6110
5

G 0.000000 0.000000 0.000000
N 2.687006 2.687006 0.000000
L 0.000000 5.374012 0.000000
V -2.687006 8.061017 0.000000
S -5.374012 5.374012 0.000000


0.000000	9440
5

G 0.000000 0.000000 0.000000
N 2.687006 2.687006 0.000000
L 5.374012 2.687006 2.687006
V 8.061017 2.687006 5.374012
S 8.061017 0.000000 8.061017


0.000000	8310
5

G 0.000000 0.000000 0.000000
N 2.687006 2.687006 0.000000
L 0.000000 5.374012 0.000000
V 0.000000 8.061017 -2.687006
S 0.000000 5.374012 -5.374012


0.000000	8300
5

G 0.000000 0.000000 0.000000
N 2.687006 2.687006 0.000000
L 5.374012 5.374012 0.000000
V 5.374012 8.061017 -2.687006
S 5.374012 5.374012 -5.374012


0.000000	0740
5

G 0.000000 0.000000 0.000000
N 2.687006 2.687006 0.000000
L 5.374012 2.687006 2.687006
V 8.061017 0.000000 2.687006
S 10.748023 2.687006 2.687006


0.000000	9400
5

G 0.000000 0.000000 0.000000
N 2.687006 2.687006 0.000000
L 5.374012 5.374012 0.000000
V 8.061017 5.374012 2.687006
S 8.061017 2.687006 5.374012


0.000000	a500
5

G 0.000000 0.000000 0.000000
N 2.687006 2.687006 0.000000
L 5.374012 5.374012 0.000000
V 8.061017 5.374012 -2.687006
S 5.374012 5.374012 -5.374012


0.000000	2940
5

G 0.000000 0.000000 0.000000
N 2.687006 2.687006 0.000000
L 5.374012 2.687006 2.687006
V 5.374012 0.000000 5.374012
S 5.374012 2.687006 8.061017


1000000000000.000000	0000
5

G 0.000000 0.000000 0.000000
N 2.687006 2.687006 0.000000
L 5.374012 5.374012 0.000000
V 8.061017 8.061017 0.000000
S 10.748023 10.748023 0.000000


1000000000000.000000	0000
5

G 0.000000 0.000000 0.000000
N 2.687006 2.687006 0.000000
L 5.374012 5.374012 0.000000
V 8.061017 8.061017 0.000000
S 10.748023 10.748023 0.000000


1000000000000.000000	0000
5

G 0.000000 0.000000 0.000000
N 2.687006 2.687006 0.000000
L 5.374012 5.374012 0.000000
V 8.061017 8.061017 0.000000
S 10.748023 10.748023 0.000000


1000000000000.000000	0000
5

G 0.000000 0.000000 0.000000
N 2.687006 2.687006 0.000000
L 5.374012 5.374012 0.000000
V 8.061017 8.061017 0.000000
S 10.748023 10.748023 0.000000


1000000000000.000000	0000
5

G 0.000000 0.000000 0.000000
N 2.687006 2.687006 0.000000
L 5.374012 5.374012 0.000000
V 8.061017 8.061017 0.000000
S 10.748023 10.748023 0.000000


1000000000000.000000	0000
5

G 0.000000 0.000000 0.000000
N 2.687006 2.687006 0.000000
L 5.374012 5.374012 0.000000
V 8.061017 8.061017 0.000000
S 10.748023 10.748023 0.000000


1000000000000.000000	0000
5

G 0.000000 0.000000 0.000000
N 2.687006 2.687006 0.000000
L 5.374012 5.374012 0.000000
V 8.061017 8.061017 0.000000
S 10.748023 10.748023 0.000000


1000000000000.000000	0000
5

G 0.000000 0.000000 0.000000
N 2.687006 2.687006 0.000000
L 5.374012 5.374012 0.000000
V 8.061017 8.061017 0.000000
S 10.748023 10.748023 0.000000


1000000000000.000000	0000
5

G 0.000000 0.000000 0.000000
N 2.687006 2.687006 0.000000
L 5.374012 5.374012 0.000000
V 8.061017 8.061017 0.000000
S 10.748023 10.748023 0.000000


1000000000000.000000	0000
5

G 0.000000 0.000000 0.000000
N 2.687006 2.687006 0.000000
L 5.374012 5.374012 0.000000
V 8.061017 8.061017 0.000000
S 10.748023 10.748023 0.000000


1000000000000.000000	0000
5

G 0.000000 0.000000 0.000000
N 2.687006 2.687006 0.000000
L 5.374012 5.374012 0.000000
V 8.061017 8.061017 0.000000
S 10.748023 10.748023 0.000000


1000000000000.000000	0000
5

G 0.000000 0.000000 0.000000
N 2.687006 2.687006 0.000000
L 5.374012 5.374012 0.000000
V 8.061017 8.061017 0.000000
S 10.748023 10.748023 0.000000


1000000000000.000000	0000
5

G 0.000000 0.000000 0.000000
N 2.687006 2.687006 0.000000
L 5.374012 5.374012 0.000000
V 8.061017 8.061017 0.000000
S 10.748023 10.748023 0.000000


1000000000000.000000	0000
5

G 0.000000 0.000000 0.000000
N 2.687006 2.687006 0.000000
L 5.374012 5.374012 0.000000
V 8.061017 8.061017 0.000000
S 10.748023 10.748023 0.000000


1000000000000.000000	0000
5

G 0.000000 0.000000 0.000000
N 2.687006 2.687006 0.000000
L 5.374012 5.374012 0.000000
V 8.061017 8.061017 0.000000
S 10.748023 10.748023 0.000000


1000000000000.000000	0000
5

G 0.000000 0.000000 0.000000
N 2.687006 2.687006 0.000000
L 5.374012 5.374012 0.000000
V 8.061017 8.061017 0.000000
S 10.748023 10.748023 0.000000


1000000000000.000000	0000
5

G 0.000000 0.000000 0.000000
N 2.687006 2.687006 0.000000
L 5.374012 5.374012 0.000000
V 8.061017 8.061017 0.000000
S 10.748023 10.748023 0.000000


1000000000000.000000	0000
5

G 0.000000 0.000000 0.000000
N 2.687006 2.687006 0.000000
L 5.374012 5.374012 0.000000
V 8.061017 8.061017 0.000000
S 10.748023 10.748023 0.000000


1000000000000.000000	0000
5

G 0.000000 0.000000 0.000000
N 2.687006 2.687006 0.000000
L 5.374012 5.374012 0.000000
V 8.061017 8.061017 0.000000
S 10.748023 10.748023 0.000000


1000000000000.000000	0000
5

G 0.000000 0.000000 0.000000
N 2.687006 2.687006 0.000000
L 5.374012 5.374012 0.000000
V 8.061017 8.061017 0.000000
S 10.748023 10.748023 0.000000


1000000000000.000000	0000
5

G 0.000000 0.000000 0.000000
N 2.687006 2.687006 0.000000
L 5.374012 5.374012 0.000000
V 8.061017 8.061017 0.000000
S 10.748023 10.748023 0.000000


1000000000000.000000	0000
5

G 0.000000 0.000000 0.000000
N 2.687006 2.687006 0.000000
L 5.374012 5.374012 0.000000
V 8.061017 8.061017 0.000000
S 10.748023 10.748023 0.000000


1000000000000.000000	0000
5

G 0.000000 0.000000 0.000000
N 2.687006 2.687006 0.000000
L 5.374012 5.374012 0.000000
V 8.061017 8.061017 0.000000
S 10.748023 10.748023 0.000000


1000000000000.000000	0000
5

G 0.000000 0.000000 0.000000
N 2.687006 2.687006 0.000000
L 5.374012 5.374012 0.000000
V 8.061017 8.061017 0.000000
S 10.748023 10.748023 0.000000


1000000000000.000000	0000
5

G 0.000000 0.000000 0.000000
N 2.687006 2.687006 0.000000
L 5.374012 5.374012 0.000000
V 8.061017 8.061017 0.000000
S 10.748023 10.748023 0.000000


1000000000000.000000	0000
5

G 0.000000 0.000000 0.000000
N 2.687006 2.687006 0.000000
L 5.374012 5.374012 0.000000
V 8.061017 8.061017 0.000000
S 10.748023 10.748023 0.000000


1000000000000.000000	0000
5

G 0.000000 0.000000 0.000000
N 2.687006 2.687006 0.000000
L 5.374012 5.374012 0.000000
V 8.061017 8.061017 0.000000
S 10.748023 10.748023 0.000000


1000000000000.000000	0000
5

G 0.000000 0.000000 0.000000
N 2.687006 2.687006 0.000000
L 5.374012 5.374012 0.000000
V 8.061017 8.061017 0.000000
S 10.748023 10.748023 0.000000


1000000000000.000000	0000
5

G 0.000000 0.000000 0.000000
N 2.687006 2.687006 0.000000
L 5.374012 5.374012 0.000000
V 8.061017 8.061017 0.000000
S 10.748023 10.748023 0.000000


1000000000000.000000	0000
5

G 0.000000 0.000000 0.000000
N 2.687006 2.687006 0.000000
L 5.374012 5.374012 0.000000
V 8.061017 8.061017 0.000000
S 10.748023 10.748023 0.000000


1000000000000.000000	0000
5

G 0.000000 0.000000 0.000000
N 2.687006 2.687006 0.000000
L 5.374012 5.374012 0.000000
V 8.061017 8.061017 0.000000
S 10.748023 10.748023 0.000000


1000000000000.000000	0000
5

G 0.000000 0.000000 0.000000
N 2.687006 2.687006 0.000000
L 5.374012 5.374012 0.000000
V 8.061017 8.061017 0.000000
S 10.748023 10.748023 0.000000


1000000000000.000000	0000
5

G 0.000000 0.000000 0.000000
N 2.687006 2.687006 0.000000
L 5.374012 5.374012 0.000000
V 8.061017 8.061017 0.000000
S 10.748023 10.748023 0.000000


1000000000000.000000	0000
5

G 0.000000 0.000000 0.000000
N 2.687006 2.687006 0.000000
L 5.374012 5.374012 0.000000
V 8.061017 8.061017 0.000000
S 10.748023 10.748023 0.000000


1000000000000.000000	0000
5

G 0.000000 0.000000 0.000000
N 2.687006 2.687006 0.000000
L 5.374012 5.374012 0.000000
V 8.061017 8.061017 0.000000
S 10.748023 10.748023 0.000000


1000000000000.000000	0000
5

G 0.000000 0.000000 0.000000
N 2.687006 2.687006 0.000000
L 5.374012 5.374012 0.000000
V 8.061017 8.061017 0.000000
S 10.748023 10.748023 0.000000


1000000000000.000000	0000
5

G 0.000000 0.000000 0.000000
N 2.687006 2.687006 0.000000
L 5.374012 5.374012 0.000000
V 8.061017 8.061017 0.000000
S 10.748023 10.748023 0.000000


1000000000000.000000	0000
5

G 0.000000 0.000000 0.000000
N 2.687006 2.687006 0.000000
L 5.374012 5.374012 0.000000
V 8.061017 8.061017 0.000000
S 10.748023 10.748023 0.000000


1000000000000.000000	0000
5

G 0.000000 0.000000 0.000000
N 2.687006 2.687006 0.000000
L 5.374012 5.374012 0.000000
V 8.061017 8.061017 0.000000
S 10.748023 10.748023 0.000000


1000000000000.000000	0000
5

G 0.000000 0.000000 0.000000
N 2.687006 2.687006 0.000000
L 5.374012 5.374012 0.000000
V 8.061017 8.061017 0.000000
S 10.748023 10.748023 0.000000


1000000000000.000000	0000
5

G 0.000000 0.000000 0.000000
N 2.687006 2.687006 0.000000
L 5.374012 5.374012 0.000000
V 8.061017 8.061017 0.000000
S 10.748023 10.748023 0.000000


1000000000000.000000	0000
5

G 0.000000 0.000000 0.000000
N 2.687006 2.687006 0.000000
L 5.374012 5.374012 0.000000
V 8.061017 8.061017 0.000000
S 10.748023 10.748023 0.000000


1000000000000.000000	0000
5

G 0.000000 0.000000 0.000000
N 2.687006 2.687006 0.000000
L 5.374012 5.374012 0.000000
V 8.061017 8.061017 0.000000
S 10.748023 10.748023 0.000000


1000000000000.000000	0000
5

G 0.000000 0.000000 0.000000
N 2.687006 2.687006 0.000000
L 5.374012 5.374012 0.000000
V 8.061017 8.061017 0.000000
S 10.748023 10.748023 0.000000


1000000000000.000000	0000
5

G 0.000000 0.000000 0.000000
N 2.687006 2.687006 0.000000
L 5.374012 5.374012 0.000000
V 8.061017 8.061017 0.000000
S 10.748023 10.748023 0.000000


1000000000000.000000	0000
5

G 0.000000 0.000000 0.000000
N 2.687006 2.687006 0.000000
L 5.374012 5.374012 0.000000
V 8.061017 8.061017 0.000000
S 10.748023 10.748023 0.000000


1000000000000.000000	0000
5

G 0.000000 0.000000 0.000000
N 2.687006 2.687006 0.000000
L 5.374012 5.374012 0.000000
V 8.061017 8.061017 0.000000
S 10.748023 10.748023 0.000000


1000000000000.000000	0000
5

G 0.000000 0.000000 0.000000
N 2.687006 2.687006 0.000000
L 5.374012 5.374012 0.000000
V 8.061017 8.061017 0.000000
S 10.748023 10.748023 0.000000


1000000000000.000000	0000
5

G 0.000000 0.000000 0.000000
N 2.687006 2.687006 0.000000
L 5.374012 5.374012 0.000000
V 8.061017 8.061017 0.000000
S 10.748023 10.748023 0.000000


