-57.180000	9138b7b40
10

Q 0.000000 0.000000 0.000000
Y 2.687006 2.687006 0.000000
Q 5.374012 2.687006 2.687006
F 2.687006 2.687006 5.374012
W 5.374012 0.000000 5.374012
K 2.687006 0.000000 8.061017
N 2.687006 -2.687006 5.374012
F 2.687006 0.000000 2.687006
Q 0.000000 2.687006 2.687006
T 0.000000 0.000000 5.374012


-57.180000	8029565a0
10

Q 0.000000 0.000000 0.000000
Y 2.687006 2.687006 0.000000
Q 0.000000 2.687006 -2.687006
F 2.687006 2.687006 -5.374012
W 0.000000 0.000000 -5.374012
K 2.687006 0.000000 -8.061017
N 2.687006 -2.687006 -5.374012
F 2.687006 0.000000 -2.687006
Q 5.374012 2.687006 -2.687006
T 5.374012 0.000000 -5.374012


-57.180000	9a3264640
10

Q 0.000000 0.000000 0.000000
Y 2.687006 2.687006 0.000000
Q 5.374012 2.687006 2.687006
F 2.687006 0.000000 2.687006
W 5.374012 0.000000 5.374012
K 2.687006 -2.687006 5.374012
N 2.687006 0.000000 8.061017
F 2.687006 2.687006 5.374012
Q 0.000000 2.687006 2.687006
T 0.000000 0.000000 5.374012


-57.180000	84237a7a0
10

Q 0.000000 0.000000 0.000000
Y 2.687006 2.687006 0.000000
Q 0.000000 2.687006 -2.687006
F 2.687006 0.000000 -2.687006
W 0.000000 0.000000 -5.374012
K 2.687006 -2.687006 -5.374012
N 2.687006 0.000000 -8.061017
F 2.687006 2.687006 -5.374012
Q 5.374012 2.687006 -2.687006
T 5.374012 0.000000 -5.374012


-57.180000	378b307a0
10

Q 0.000000 0.000000 0.000000
Y 2.687006 2.687006 0.000000
Q 0.000000 2.687006 -2.687006
F 2.687006 0.000000 -2.687006
W 5.374012 2.687006 -2.687006
K 5.374012 5.374012 -5.374012
N 2.687006 5.374012 -2.687006
F 2.687006 2.687006 -5.374012
Q 5.374012 0.000000 -5.374012
T 5.374012 2.687006 -8.061017


-57.180000	0aa84b840
10

Q 0.000000 0.000000 0.000000
Y 2.687006 2.687006 0.000000
Q 5.374012 2.687006 2.687006
F 5.374012 0.000000 0.000000
W 2.687006 0.000000 2.687006
K 5.374012 0.000000 5.374012
N 5.374012 -2.687006 2.687006
F 2.687006 -2.687006 0.000000
Q 0.000000 -2.687006 -2.687006
T 2.687006 0.000000 -2.687006


-57.180000	9581947a0
10

Q 0.000000 0.000000 0.000000
Y 2.687006 2.687006 0.000000
Q 0.000000 2.687006 -2.687006
F 2.687006 0.000000 -2.687006
W 5.374012 0.000000 0.000000
K 5.374012 -2.687006 2.687006
N 2.687006 0.000000 2.687006
F 2.687006 -2.687006 0.000000
Q 5.374012 -2.687006 -2.687006
T 5.374012 -5.374012 0.000000


-57.180000	8029567a0
10

Q 0.000000 0.000000 0.000000
Y 2.687006 2.687006 0.000000
Q 0.000000 2.687006 -2.687006
F 2.687006 0.000000 -2.687006
W 0.000000 -2.687006 -2.687006
K 2.687006 -2.687006 -5.374012
N 2.687006 -5.374012 -2.687006
F 2.687006 -2.687006 0.000000
Q 5.374012 0.000000 0.000000
T 5.374012 -2.687006 -2.687006


-57.180000	4837297a0
10

Q 0.000000 0.000000 0.000000
Y 2.687006 2.687006 0.000000
Q 0.000000 2.687006 -2.687006
F 2.687006 0.000000 -2.687006
W 2.687006 -2.687006 0.000000
K 2.687006 0.000000 2.687006
N 5.374012 -2.687006 2.687006
F 5.374012 0.000000 0.000000
Q 5.374012 -2.687006 -2.687006
T 8.061017 -2.687006 0.000000


-57.180000	47b637510
10

Q 0.000000 0.000000 0.000000
Y 2.687006 2.687006 0.000000
Q 0.000000 5.374012 0.000000
F 2.687006 5.374012 -2.687006
W 5.374012 2.687006 -2.687006
K 5.374012 5.374012 -5.374012
N 2.687006 2.687006 -5.374012
F 0.000000 2.687006 -2.687006
Q 2.687006 0.000000 -2.687006
T 5.374012 0.000000 0.000000


-57.180000	903846640
10

Q 0.000000 0.000000 0.000000
Y 2.687006 2.687006 0.000000
Q 5.374012 2.687006 2.687006
F 2.687006 0.000000 2.687006
W 0.000000 -2.687006 2.687006
K 2.687006 -2.687006 5.374012
N 2.687006 -5.374012 2.687006
F 2.687006 -2.687006 0.000000
Q 5.374012 0.000000 0.000000
T 5.374012 -2.687006 2.687006


-57.180000	8b6542610
10

Q 0.000000 0.000000 0.000000
Y 2.687006 2.687006 0.000000
Q 0.000000 5.374012 0.000000
F -2.687006 2.687006 0.000000
W -2.687006 5.374012 2.687006
K 0.000000 5.374012 5.374012
N 2.687006 5.374012 2.687006
F 0.000000 2.687006 2.687006
Q -2.687006 2.687006 5.374012
T -2.687006 0.000000 2.687006


-57.180000	57a627410
10

Q 0.000000 0.000000 0.000000
Y 2.687006 2.687006 0.000000
Q 0.000000 5.374012 0.000000
F 2.687006 5.374012 2.687006
W 5.374012 2.687006 2.687006
K 5.374012 5.374012 5.374012
N 2.687006 2.687006 5.374012
F 0.000000 2.687006 2.687006
Q 2.687006 0.000000 2.687006
T 5.374012 0.000000 0.000000


-57.180000	9a6453610
10

Q 0.000000 0.000000 0.000000
Y 2.687006 2.687006 0.000000
Q 0.000000 5.374012 0.000000
F -2.687006 2.687006 0.000000
W -2.687006 5.374012 -2.687006
K 0.000000 5.374012 -5.374012
N 2.687006 5.374012 -2.687006
F 0.000000 2.687006 -2.687006
Q -2.687006 2.687006 -5.374012
T -2.687006 0.000000 -2.687006


-57.180000	2a1458610
10

Q 0.000000 0.000000 0.000000
Y 2.687006 2.687006 0.000000
Q 0.000000 5.374012 0.000000
F -2.687006 2.687006 0.000000
W -2.687006 0.000000 -2.687006
K 0.000000 0.000000 -5.374012
N 2.687006 0.000000 -2.687006
F 0.000000 2.687006 -2.687006
Q -2.687006 2.687006 -5.374012
T -2.687006 5.374012 -2.687006


-57.180000	3b1549610
10

Q 0.000000 0.000000 0.000000
Y 2.687006 2.687006 0.000000
Q 0.000000 5.374012 0.000000
F -2.687006 2.687006 0.000000
W -2.687006 0.000000 2.687006
K 0.000000 0.000000 5.374012
N 2.687006 0.000000 2.687006
F 0.000000 2.687006 2.687006
Q -2.687006 2.687006 5.374012
T -2.687006 5.374012 2.687006


-57.180000	0895237a0
10

Q 0.000000 0.000000 0.000000
Y 2.687006 2.687006 0.000000
Q 0.000000 2.687006 -2.687006
F 2.687006 0.000000 -2.687006
W 2.687006 2.687006 -5.374012
K 2.687006 5.374012 -2.687006
N 5.374012 5.374012 -5.374012
F 5.374012 2.687006 -2.687006
Q 5.374012 0.000000 -5.374012
T 8.061017 2.687006 -5.374012
