-26.360000	3808992a0
10

Q 0.000000 0.000000 0.000000
Y 2.687006 2.687006 0.000000
Q 0.000000 2.687006 -2.687006
F 0.000000 5.374012 0.000000
W 0.000000 2.687006 2.687006
K 0.000000 0.000000 5.374012
N 0.000000 -2.687006 2.687006
F 2.687006 0.000000 2.687006
Q 2.687006 -2.687006 0.000000
T 2.687006 0.000000 -2.687006


-26.360000	5a0a69410
10

Q 0.000000 0.000000 0.000000
Y 2.687006 2.687006 0.000000
Q 0.000000 5.374012 0.000000
F 2.687006 5.374012 2.687006
W 2.687006 2.687006 5.374012
K 0.000000 0.000000 5.374012
N -2.687006 0.000000 2.687006
F 0.000000 2.687006 2.687006
Q -2.687006 2.687006 0.000000
T 0.000000 2.687006 -2.687006


-26.360000	5a086b410
10

Q 0.000000 0.000000 0.000000
Y 2.687006 2.687006 0.000000
Q 0.000000 5.374012 0.000000
F 2.687006 5.374012 2.687006
W 0.000000 5.374012 5.374012
K -2.687006 2.687006 5.374012
N -2.687006 0.000000 2.687006
F 0.000000 2.687006 2.687006
Q -2.687006 2.687006 0.000000
T 0.000000 2.687006 -2.687006


-26.360000	37aa9b0a0
10

Q 0.000000 0.000000 0.000000
Y 2.687006 2.687006 0.000000
Q 0.000000 2.687006 -2.687006
F 2.687006 5.374012 -2.687006
W 0.000000 5.374012 0.000000
K 0.000000 2.687006 2.687006
N -2.687006 2.687006 0.000000
F -5.374012 2.687006 -2.687006
Q -2.687006 0.000000 -2.687006
T -2.687006 2.687006 -5.374012


-26.360000	156a9b0a0
10

Q 0.000000 0.000000 0.000000
Y 2.687006 2.687006 0.000000
Q 0.000000 2.687006 -2.687006
F 2.687006 5.374012 -2.687006
W 0.000000 5.374012 0.000000
K 0.000000 2.687006 2.687006
N -2.687006 2.687006 0.000000
F -5.374012 0.000000 0.000000
Q -2.687006 0.000000 -2.687006
T -5.374012 2.687006 -2.687006


-26.360000	9846532a0
10

Q 0.000000 0.000000 0.000000
Y 2.687006 2.687006 0.000000
Q 0.000000 2.687006 -2.687006
F 0.000000 5.374012 0.000000
W 0.000000 8.061017 -2.687006
K 2.687006 8.061017 -5.374012
N 0.000000 5.374012 -5.374012
F 2.687006 5.374012 -2.687006
Q 2.687006 2.687006 -5.374012
T 2.687006 0.000000 -2.687006


-26.360000	52a6670a0
10

Q 0.000000 0.000000 0.000000
Y 2.687006 2.687006 0.000000
Q 0.000000 2.687006 -2.687006
F 2.687006 5.374012 -2.687006
W 5.374012 2.687006 -2.687006
K 2.687006 0.000000 -2.687006
N 0.000000 -2.687006 -2.687006
F -2.687006 -2.687006 -5.374012
Q -2.687006 0.000000 -2.687006
T 0.000000 0.000000 -5.374012


-26.360000	b7aa9b0a0
10

Q 0.000000 0.000000 0.000000
Y 2.687006 2.687006 0.000000
Q 0.000000 2.687006 -2.687006
F 2.687006 5.374012 -2.687006
W 0.000000 5.374012 0.000000
K 0.000000 2.687006 2.687006
N -2.687006 2.687006 0.000000
F -5.374012 2.687006 -2.687006
Q -2.687006 0.000000 -2.687006
T -5.374012 0.000000 0.000000


-26.360000	726a670a0
10

Q 0.000000 0.000000 0.000000
Y 2.687006 2.687006 0.000000
Q 0.000000 2.687006 -2.687006
F 2.687006 5.374012 -2.687006
W 5.374012 2.687006 -2.687006
K 2.687006 0.000000 -2.687006
N 0.000000 0.000000 -5.374012
F -2.687006 -2.687006 -5.374012
Q -2.687006 0.000000 -2.687006
T 0.000000 -2.687006 -2.687006


-26.360000	4b0b68510
10

Q 0.000000 0.000000 0.000000
Y 2.687006 2.687006 0.000000
Q 0.000000 5.374012 0.000000
F 2.687006 5.374012 -2.687006
W 2.687006 2.687006 -5.374012
K 0.000000 0.000000 -5.374012
N -2.687006 0.000000 -2.687006
F 0.000000 2.687006 -2.687006
Q -2.687006 2.687006 0.000000
T 0.000000 2.687006 2.687006


-26.360000	4b096a510
10

Q 0.000000 0.000000 0.000000
Y 2.687006 2.687006 0.000000
Q 0.000000 5.374012 0.000000
F 2.687006 5.374012 -2.687006
W 0.000000 5.374012 -5.374012
K -2.687006 2.687006 -5.374012
N -2.687006 0.000000 -2.687006
F 0.000000 2.687006 -2.687006
Q -2.687006 2.687006 0.000000
T 0.000000 2.687006 2.687006


-26.360000	9a26770a0
10

Q 0.000000 0.000000 0.000000
Y 2.687006 2.687006 0.000000
Q 0.000000 2.687006 -2.687006
F 2.687006 5.374012 -2.687006
W 5.374012 2.687006 -2.687006
K 8.061017 0.000000 -2.687006
N 5.374012 -2.687006 -2.687006
F 5.374012 0.000000 0.000000
Q 2.687006 0.000000 -2.687006
T 2.687006 -2.687006 0.000000


-26.360000	b7a9ab0a0
10

Q 0.000000 0.000000 0.000000
Y 2.687006 2.687006 0.000000
Q 0.000000 2.687006 -2.687006
F 2.687006 5.374012 -2.687006
W 0.000000 5.374012 0.000000
K -2.687006 5.374012 -2.687006
N -2.687006 2.687006 0.000000
F -5.374012 2.687006 -2.687006
Q -2.687006 0.000000 -2.687006
T -5.374012 0.000000 0.000000


-26.360000	956a9b0a0
10

Q 0.000000 0.000000 0.000000
Y 2.687006 2.687006 0.000000
Q 0.000000 2.687006 -2.687006
F 2.687006 5.374012 -2.687006
W 0.000000 5.374012 0.000000
K 0.000000 2.687006 2.687006
N -2.687006 2.687006 0.000000
F -5.374012 0.000000 0.000000
Q -2.687006 0.000000 -2.687006
T -2.687006 -2.687006 0.000000
