-57.300000	14726a140
10

Q 0.000000 0.000000 0.000000
Y 2.687006 2.687006 0.000000
Q 5.374012 2.687006 2.687006
F 2.687006 5.374012 2.687006
W 0.000000 5.374012 0.000000
K -2.687006 2.687006 0.000000
N -2.687006 5.374012 2.687006
F 0.000000 2.687006 2.687006
Q 2.687006 2.687006 5.374012
T 0.000000 5.374012 5.374012


-57.300000	6595237a0
10

Q 0.000000 0.000000 0.000000
Y 2.687006 2.687006 0.000000
Q 0.000000 2.687006 -2.687006
F 2.687006 0.000000 -2.687006
W 2.687006 2.687006 -5.374012
K 2.687006 5.374012 -2.687006
N 5.374012 5.374012 -5.374012
F 5.374012 2.687006 -2.687006
Q 8.061017 2.687006 -5.374012
T 5.374012 0.000000 -5.374012


-57.300000	a737297a0
10

Q 0.000000 0.000000 0.000000
Y 2.687006 2.687006 0.000000
Q 0.000000 2.687006 -2.687006
F 2.687006 0.000000 -2.687006
W 2.687006 -2.687006 0.000000
K 2.687006 0.000000 2.687006
N 5.374012 -2.687006 2.687006
F 5.374012 0.000000 0.000000
Q 8.061017 -2.687006 0.000000
T 5.374012 -2.687006 -2.687006


-57.300000	166509b00
10

Q 0.000000 0.000000 0.000000
Y 2.687006 2.687006 0.000000
Q 5.374012 5.374012 0.000000
F 2.687006 5.374012 2.687006
W 2.687006 2.687006 5.374012
K 5.374012 5.374012 5.374012
N 8.061017 5.374012 2.687006
F 5.374012 2.687006 2.687006
Q 2.687006 0.000000 2.687006
T 0.000000 2.687006 2.687006


-57.300000	166408a00
10

Q 0.000000 0.000000 0.000000
Y 2.687006 2.687006 0.000000
Q 5.374012 5.374012 0.000000
F 2.687006 5.374012 -2.687006
W 2.687006 2.687006 -5.374012
K 5.374012 5.374012 -5.374012
N 8.061017 5.374012 -2.687006
F 5.374012 2.687006 -2.687006
Q 2.687006 0.000000 -2.687006
T 0.000000 2.687006 -2.687006


-57.300000	2748ab410
10

Q 0.000000 0.000000 0.000000
Y 2.687006 2.687006 0.000000
Q 0.000000 5.374012 0.000000
F 2.687006 5.374012 2.687006
W 0.000000 5.374012 5.374012
K -2.687006 5.374012 2.687006
N -2.687006 2.687006 0.000000
F 0.000000 2.687006 2.687006
Q 2.687006 0.000000 2.687006
T 2.687006 2.687006 5.374012


-57.300000	3759ba510
10

Q 0.000000 0.000000 0.000000
Y 2.687006 2.687006 0.000000
Q 0.000000 5.374012 0.000000
F 2.687006 5.374012 -2.687006
W 0.000000 5.374012 -5.374012
K -2.687006 5.374012 -2.687006
N -2.687006 2.687006 0.000000
F 0.000000 2.687006 -2.687006
Q 2.687006 0.000000 -2.687006
T 2.687006 2.687006 -5.374012


-57.300000	a00892ba0
10

Q 0.000000 0.000000 0.000000
Y 2.687006 2.687006 0.000000
Q 0.000000 2.687006 -2.687006
F -2.687006 2.687006 0.000000
W -2.687006 5.374012 2.687006
K -2.687006 2.687006 5.374012
N -2.687006 0.000000 2.687006
F 0.000000 2.687006 2.687006
Q 2.687006 5.374012 2.687006
T 0.000000 5.374012 0.000000


-57.300000	a00762ba0
10

Q 0.000000 0.000000 0.000000
Y 2.687006 2.687006 0.000000
Q 0.000000 2.687006 -2.687006
F -2.687006 2.687006 0.000000
W -2.687006 5.374012 2.687006
K -5.374012 2.687006 2.687006
N -2.687006 0.000000 2.687006
F 0.000000 2.687006 2.687006
Q 2.687006 5.374012 2.687006
T 0.000000 5.374012 0.000000


-57.300000	435ab7640
10

Q 0.000000 0.000000 0.000000
Y 2.687006 2.687006 0.000000
Q 5.374012 2.687006 2.687006
F 2.687006 0.000000 2.687006
W 5.374012 -2.687006 2.687006
K 2.687006 -2.687006 5.374012
N 0.000000 -2.687006 2.687006
F 2.687006 -2.687006 0.000000
Q 2.687006 0.000000 -2.687006
T 5.374012 0.000000 0.000000


-57.300000	435167640
10

Q 0.000000 0.000000 0.000000
Y 2.687006 2.687006 0.000000
Q 5.374012 2.687006 2.687006
F 2.687006 0.000000 2.687006
W 5.374012 -2.687006 2.687006
K 2.687006 -5.374012 2.687006
N 0.000000 -2.687006 2.687006
F 2.687006 -2.687006 0.000000
Q 2.687006 0.000000 -2.687006
T 5.374012 0.000000 0.000000


-57.300000	0b07b8b10
10

Q 0.000000 0.000000 0.000000
Y 2.687006 2.687006 0.000000
Q 0.000000 5.374012 0.000000
F -2.687006 5.374012 2.687006
W -2.687006 2.687006 0.000000
K -5.374012 2.687006 2.687006
N -2.687006 0.000000 2.687006
F 0.000000 2.687006 2.687006
Q -2.687006 2.687006 5.374012
T 0.000000 5.374012 5.374012


-57.300000	76630b900
10

Q 0.000000 0.000000 0.000000
Y 2.687006 2.687006 0.000000
Q 5.374012 5.374012 0.000000
F 5.374012 2.687006 2.687006
W 2.687006 2.687006 5.374012
K 5.374012 5.374012 5.374012
N 5.374012 8.061017 2.687006
F 2.687006 5.374012 2.687006
Q 0.000000 2.687006 2.687006
T 2.687006 0.000000 2.687006


-57.300000	76620a800
10

Q 0.000000 0.000000 0.000000
Y 2.687006 2.687006 0.000000
Q 5.374012 5.374012 0.000000
F 5.374012 2.687006 -2.687006
W 2.687006 2.687006 -5.374012
K 5.374012 5.374012 -5.374012
N 5.374012 8.061017 -2.687006
F 2.687006 5.374012 -2.687006
Q 0.000000 2.687006 -2.687006
T 2.687006 0.000000 -2.687006


-57.300000	0a07a9a10
10

Q 0.000000 0.000000 0.000000
Y 2.687006 2.687006 0.000000
Q 0.000000 5.374012 0.000000
F -2.687006 5.374012 -2.687006
W -2.687006 2.687006 0.000000
K -5.374012 2.687006 -2.687006
N -2.687006 0.000000 -2.687006
F 0.000000 2.687006 -2.687006
Q -2.687006 2.687006 -5.374012
T 0.000000 5.374012 -5.374012


-57.300000	20158b840
10

Q 0.000000 0.000000 0.000000
Y 2.687006 2.687006 0.000000
Q 5.374012 2.687006 2.687006
F 5.374012 0.000000 0.000000
W 2.687006 0.000000 2.687006
K 2.687006 -2.687006 0.000000
N 5.374012 -2.687006 -2.687006
F 2.687006 0.000000 -2.687006
Q 5.374012 2.687006 -2.687006
T 5.374012 5.374012 0.000000


-57.300000	644832ba0
10

Q 0.000000 0.000000 0.000000
Y 2.687006 2.687006 0.000000
Q 0.000000 2.687006 -2.687006
F -2.687006 2.687006 0.000000
W -2.687006 5.374012 2.687006
K -2.687006 8.061017 0.000000
N -2.687006 5.374012 -2.687006
F 0.000000 5.374012 0.000000
Q 2.687006 5.374012 2.687006
T 0.000000 2.687006 2.687006


-57.300000	6445a2ba0
10

Q 0.000000 0.000000 0.000000
Y 2.687006 2.687006 0.000000
Q 0.000000 2.687006 -2.687006
F -2.687006 2.687006 0.000000
W -2.687006 5.374012 2.687006
K -5.374012 5.374012 0.000000
N -2.687006 5.374012 -2.687006
F 0.000000 5.374012 0.000000
Q 2.687006 5.374012 2.687006
T 0.000000 2.687006 2.687006


-57.300000	5248622a0
10

Q 0.000000 0.000000 0.000000
Y 2.687006 2.687006 0.000000
Q 0.000000 2.687006 -2.687006
F 0.000000 5.374012 0.000000
W 0.000000 8.061017 2.687006
K -2.687006 5.374012 2.687006
N -2.687006 2.687006 0.000000
F 0.000000 2.687006 2.687006
Q 0.000000 5.374012 5.374012
T 2.687006 5.374012 2.687006


-57.300000	b8ab09840
10

Q 0.000000 0.000000 0.000000
Y 2.687006 2.687006 0.000000
Q 5.374012 2.687006 2.687006
F 5.374012 0.000000 0.000000
W 5.374012 -2.687006 2.687006
K 8.061017 0.000000 2.687006
N 5.374012 0.000000 5.374012
F 2.687006 0.000000 2.687006
Q 2.687006 -2.687006 0.000000
T 0.000000 -2.687006 2.687006


-57.300000	63154b640
10

Q 0.000000 0.000000 0.000000
Y 2.687006 2.687006 0.000000
Q 5.374012 2.687006 2.687006
F 2.687006 0.000000 2.687006
W 0.000000 0.000000 5.374012
K 2.687006 0.000000 8.061017
N 5.374012 0.000000 5.374012
F 2.687006 2.687006 5.374012
Q 2.687006 5.374012 2.687006
T 0.000000 2.687006 2.687006


-57.300000	63107b640
10

Q 0.000000 0.000000 0.000000
Y 2.687006 2.687006 0.000000
Q 5.374012 2.687006 2.687006
F 2.687006 0.000000 2.687006
W 0.000000 0.000000 5.374012
K 2.687006 -2.687006 5.374012
N 5.374012 0.000000 5.374012
F 2.687006 2.687006 5.374012
Q 2.687006 5.374012 2.687006
T 0.000000 2.687006 2.687006


-57.300000	74018b640
10

Q 0.000000 0.000000 0.000000
Y 2.687006 2.687006 0.000000
Q 5.374012 2.687006 2.687006
F 2.687006 0.000000 2.687006
W 0.000000 0.000000 5.374012
K 0.000000 -2.687006 2.687006
N -2.687006 0.000000 2.687006
F 0.000000 2.687006 2.687006
Q 2.687006 2.687006 5.374012
T 5.374012 0.000000 5.374012


-57.300000	b6a527640
10

Q 0.000000 0.000000 0.000000
Y 2.687006 2.687006 0.000000
Q 5.374012 2.687006 2.687006
F 2.687006 0.000000 2.687006
W 5.374012 -2.687006 2.687006
K 5.374012 0.000000 5.374012
N 8.061017 0.000000 2.687006
F 5.374012 0.000000 0.000000
Q 2.687006 -2.687006 0.000000
T 0.000000 -2.687006 2.687006


-57.300000	72038b840
10

Q 0.000000 0.000000 0.000000
Y 2.687006 2.687006 0.000000
Q 5.374012 2.687006 2.687006
F 5.374012 0.000000 0.000000
W 2.687006 0.000000 2.687006
K 2.687006 -2.687006 0.000000
N 2.687006 0.000000 -2.687006
F 5.374012 2.687006 -2.687006
Q 5.374012 5.374012 0.000000
T 8.061017 2.687006 0.000000


-57.300000	297613840
10

Q 0.000000 0.000000 0.000000
Y 2.687006 2.687006 0.000000
Q 5.374012 2.687006 2.687006
F 5.374012 0.000000 0.000000
W 5.374012 2.687006 -2.687006
K 2.687006 5.374012 -2.687006
N 0.000000 2.687006 -2.687006
F 2.687006 0.000000 -2.687006
Q 2.687006 -2.687006 0.000000
T 2.687006 0.000000 2.687006
