-49.650000	4701a8640
10

Y 0.000000 0.000000 0.000000
Y 2.687006 2.687006 0.000000
D 5.374012 2.687006 2.687006
P 2.687006 0.000000 2.687006
E 2.687006 -2.687006 0.000000
T 0.000000 -2.687006 -2.687006
G -2.687006 0.000000 -2.687006
T 0.000000 2.687006 -2.687006
W 2.687006 0.000000 -2.687006
Y 5.374012 0.000000 0.000000


-49.650000	8016947a0
10

Y 0.000000 0.000000 0.000000
Y 2.687006 2.687006 0.000000
D 0.000000 2.687006 -2.687006
P 2.687006 0.000000 -2.687006
E 5.374012 0.000000 0.000000
T 5.374012 -2.687006 2.687006
G 2.687006 -5.374012 2.687006
T 0.000000 -2.687006 2.687006
W 2.687006 0.000000 2.687006
Y 2.687006 -2.687006 0.000000


-49.650000	5701b97a0
10

Y 0.000000 0.000000 0.000000
Y 2.687006 2.687006 0.000000
D 0.000000 2.687006 -2.687006
P 2.687006 0.000000 -2.687006
E 2.687006 -2.687006 0.000000
T 0.000000 -2.687006 2.687006
G -2.687006 0.000000 2.687006
T 0.000000 2.687006 2.687006
W 2.687006 0.000000 2.687006
Y 5.374012 0.000000 0.000000


-49.650000	461058640
10

Y 0.000000 0.000000 0.000000
Y 2.687006 2.687006 0.000000
D 5.374012 2.687006 2.687006
P 2.687006 0.000000 2.687006
E 2.687006 -2.687006 0.000000
T 5.374012 -2.687006 -2.687006
G 8.061017 0.000000 -2.687006
T 5.374012 2.687006 -2.687006
W 2.687006 0.000000 -2.687006
Y 5.374012 0.000000 0.000000


-49.650000	5610497a0
10

Y 0.000000 0.000000 0.000000
Y 2.687006 2.687006 0.000000
D 0.000000 2.687006 -2.687006
P 2.687006 0.000000 -2.687006
E 2.687006 -2.687006 0.000000
T 5.374012 -2.687006 2.687006
G 8.061017 0.000000 2.687006
T 5.374012 2.687006 2.687006
W 2.687006 0.000000 2.687006
Y 5.374012 0.000000 0.000000


-49.650000	8761247a0
10

Y 0.000000 0.000000 0.000000
Y 2.687006 2.687006 0.000000
D 0.000000 2.687006 -2.687006
P 2.687006 0.000000 -2.687006
E 5.374012 0.000000 0.000000
T 5.374012 2.687006 2.687006
G 2.687006 5.374012 2.687006
T 0.000000 2.687006 2.687006
W 2.687006 0.000000 2.687006
Y 2.687006 -2.687006 0.000000
