-58.250000	145a24ba0
10

Q 0.000000 0.000000 0.000000
Y 2.687006 2.687006 0.000000
Q 0.000000 2.687006 -2.687006
F -2.687006 2.687006 0.000000
W 0.000000 2.687006 2.687006
K 0.000000 5.374012 5.374012
N -2.687006 5.374012 2.687006
F 0.000000 5.374012 0.000000
Q 2.687006 5.374012 2.687006
T 0.000000 8.061017 2.687006


-58.250000	675a24910
10

Q 0.000000 0.000000 0.000000
Y 2.687006 2.687006 0.000000
Q 0.000000 5.374012 0.000000
F 0.000000 2.687006 2.687006
W 2.687006 2.687006 5.374012
K 2.687006 5.374012 8.061017
N 0.000000 5.374012 5.374012
F 2.687006 5.374012 2.687006
Q 5.374012 2.687006 2.687006
T 2.687006 0.000000 2.687006


-58.250000	6753b4910
10

Q 0.000000 0.000000 0.000000
Y 2.687006 2.687006 0.000000
Q 0.000000 5.374012 0.000000
F 0.000000 2.687006 2.687006
W 2.687006 2.687006 5.374012
K 0.000000 2.687006 8.061017
N 0.000000 5.374012 5.374012
F 2.687006 5.374012 2.687006
Q 5.374012 2.687006 2.687006
T 2.687006 0.000000 2.687006


-58.250000	6742a5810
10

Q 0.000000 0.000000 0.000000
Y 2.687006 2.687006 0.000000
Q 0.000000 5.374012 0.000000
F 0.000000 2.687006 -2.687006
W 2.687006 2.687006 -5.374012
K 0.000000 2.687006 -8.061017
N 0.000000 5.374012 -5.374012
F 2.687006 5.374012 -2.687006
Q 5.374012 2.687006 -2.687006
T 2.687006 0.000000 -2.687006


-58.250000	674b35810
10

Q 0.000000 0.000000 0.000000
Y 2.687006 2.687006 0.000000
Q 0.000000 5.374012 0.000000
F 0.000000 2.687006 -2.687006
W 2.687006 2.687006 -5.374012
K 2.687006 5.374012 -8.061017
N 0.000000 5.374012 -5.374012
F 2.687006 5.374012 -2.687006
Q 5.374012 2.687006 -2.687006
T 2.687006 0.000000 -2.687006


-58.250000	b07620ba0
10

Q 0.000000 0.000000 0.000000
Y 2.687006 2.687006 0.000000
Q 0.000000 2.687006 -2.687006
F -2.687006 2.687006 0.000000
W 0.000000 5.374012 0.000000
K 0.000000 8.061017 2.687006
N -2.687006 5.374012 2.687006
F 0.000000 2.687006 2.687006
Q 2.687006 5.374012 2.687006
T 0.000000 5.374012 5.374012


-58.250000	105a94910
10

Q 0.000000 0.000000 0.000000
Y 2.687006 2.687006 0.000000
Q 0.000000 5.374012 0.000000
F 0.000000 2.687006 2.687006
W 2.687006 2.687006 5.374012
K 2.687006 0.000000 8.061017
N 0.000000 0.000000 5.374012
F 2.687006 0.000000 2.687006
Q 5.374012 2.687006 2.687006
T 2.687006 5.374012 2.687006


-58.250000	1058b4910
10

Q 0.000000 0.000000 0.000000
Y 2.687006 2.687006 0.000000
Q 0.000000 5.374012 0.000000
F 0.000000 2.687006 2.687006
W 2.687006 2.687006 5.374012
K 0.000000 2.687006 8.061017
N 0.000000 0.000000 5.374012
F 2.687006 0.000000 2.687006
Q 5.374012 2.687006 2.687006
T 2.687006 5.374012 2.687006


-58.250000	1049a5810
10

Q 0.000000 0.000000 0.000000
Y 2.687006 2.687006 0.000000
Q 0.000000 5.374012 0.000000
F 0.000000 2.687006 -2.687006
W 2.687006 2.687006 -5.374012
K 0.000000 2.687006 -8.061017
N 0.000000 0.000000 -5.374012
F 2.687006 0.000000 -2.687006
Q 5.374012 2.687006 -2.687006
T 2.687006 5.374012 -2.687006


-58.250000	104b85810
10

Q 0.000000 0.000000 0.000000
Y 2.687006 2.687006 0.000000
Q 0.000000 5.374012 0.000000
F 0.000000 2.687006 -2.687006
W 2.687006 2.687006 -5.374012
K 2.687006 0.000000 -8.061017
N 0.000000 0.000000 -5.374012
F 2.687006 0.000000 -2.687006
Q 5.374012 2.687006 -2.687006
T 2.687006 5.374012 -2.687006


-58.250000	4338b2640
10

Q 0.000000 0.000000 0.000000
Y 2.687006 2.687006 0.000000
Q 5.374012 2.687006 2.687006
F 2.687006 0.000000 2.687006
W 2.687006 2.687006 5.374012
K 0.000000 2.687006 8.061017
N 0.000000 0.000000 5.374012
F 0.000000 2.687006 2.687006
Q 0.000000 5.374012 0.000000
T 2.687006 5.374012 2.687006


-58.250000	433a92640
10

Q 0.000000 0.000000 0.000000
Y 2.687006 2.687006 0.000000
Q 5.374012 2.687006 2.687006
F 2.687006 0.000000 2.687006
W 2.687006 2.687006 5.374012
K 2.687006 0.000000 8.061017
N 0.000000 0.000000 5.374012
F 0.000000 2.687006 2.687006
Q 0.000000 5.374012 0.000000
T 2.687006 5.374012 2.687006


-58.250000	633278640
10

Q 0.000000 0.000000 0.000000
Y 2.687006 2.687006 0.000000
Q 5.374012 2.687006 2.687006
F 2.687006 0.000000 2.687006
W 2.687006 -2.687006 0.000000
K 5.374012 -5.374012 0.000000
N 5.374012 -2.687006 2.687006
F 5.374012 0.000000 0.000000
Q 5.374012 2.687006 -2.687006
T 2.687006 0.000000 -2.687006


-58.250000	633098640
10

Q 0.000000 0.000000 0.000000
Y 2.687006 2.687006 0.000000
Q 5.374012 2.687006 2.687006
F 2.687006 0.000000 2.687006
W 2.687006 -2.687006 0.000000
K 2.687006 -5.374012 2.687006
N 5.374012 -2.687006 2.687006
F 5.374012 0.000000 0.000000
Q 5.374012 2.687006 -2.687006
T 2.687006 0.000000 -2.687006
