-25.850000	7627612a0
10

Q 0.000000 0.000000 0.000000
Y 2.687006 2.687006 0.000000
Q 0.000000 2.687006 -2.687006
F 0.000000 5.374012 0.000000
W -2.687006 8.061017 0.000000
K -5.374012 5.374012 0.000000
N -2.687006 2.687006 0.000000
F -2.687006 5.374012 2.687006
Q -5.374012 2.687006 2.687006
T -2.687006 0.000000 2.687006


-25.850000	7629812a0
10

Q 0.000000 0.000000 0.000000
Y 2.687006 2.687006 0.000000
Q 0.000000 2.687006 -2.687006
F 0.000000 5.374012 0.000000
W -2.687006 8.061017 0.000000
K -2.687006 5.374012 -2.687006
N -2.687006 2.687006 0.000000
F -2.687006 5.374012 2.687006
Q -5.374012 2.687006 2.687006
T -2.687006 0.000000 2.687006


-25.850000	791a670a0
10

Q 0.000000 0.000000 0.000000
Y 2.687006 2.687006 0.000000
Q 0.000000 2.687006 -2.687006
F 2.687006 5.374012 -2.687006
W 5.374012 2.687006 -2.687006
K 2.687006 0.000000 -2.687006
N 0.000000 0.000000 -5.374012
F -2.687006 2.687006 -5.374012
Q -2.687006 0.000000 -2.687006
T 0.000000 -2.687006 -2.687006


-25.850000	68081b0a0
10

Q 0.000000 0.000000 0.000000
Y 2.687006 2.687006 0.000000
Q 0.000000 2.687006 -2.687006
F 2.687006 5.374012 -2.687006
W 0.000000 5.374012 0.000000
K -2.687006 8.061017 0.000000
N -2.687006 5.374012 -2.687006
F 0.000000 8.061017 -2.687006
Q 0.000000 5.374012 -5.374012
T -2.687006 2.687006 -5.374012


-25.850000	57aa941a0
10

Q 0.000000 0.000000 0.000000
Y 2.687006 2.687006 0.000000
Q 0.000000 2.687006 -2.687006
F -2.687006 5.374012 -2.687006
W 0.000000 5.374012 0.000000
K 0.000000 2.687006 2.687006
N -2.687006 2.687006 0.000000
F -5.374012 2.687006 -2.687006
Q -2.687006 0.000000 -2.687006
T 0.000000 0.000000 -5.374012


-25.850000	8809612a0
10

Q 0.000000 0.000000 0.000000
Y 2.687006 2.687006 0.000000
Q 0.000000 2.687006 -2.687006
F 0.000000 5.374012 0.000000
W -2.687006 8.061017 0.000000
K -5.374012 5.374012 0.000000
N -5.374012 2.687006 2.687006
F -2.687006 5.374012 2.687006
Q -2.687006 2.687006 0.000000
T -2.687006 0.000000 -2.687006


-25.850000	77aa941a0
10

Q 0.000000 0.000000 0.000000
Y 2.687006 2.687006 0.000000
Q 0.000000 2.687006 -2.687006
F -2.687006 5.374012 -2.687006
W 0.000000 5.374012 0.000000
K 0.000000 2.687006 2.687006
N -2.687006 2.687006 0.000000
F -5.374012 2.687006 -2.687006
Q -2.687006 0.000000 -2.687006
T 0.000000 -2.687006 -2.687006


-25.850000	77a642aa0
10

Q 0.000000 0.000000 0.000000
Y 2.687006 2.687006 0.000000
Q 0.000000 2.687006 -2.687006
F -2.687006 2.687006 -5.374012
W -2.687006 5.374012 -2.687006
K 0.000000 5.374012 0.000000
N -2.687006 2.687006 0.000000
F -5.374012 2.687006 -2.687006
Q -2.687006 0.000000 -2.687006
T 0.000000 -2.687006 -2.687006


-25.850000	9809612a0
10

Q 0.000000 0.000000 0.000000
Y 2.687006 2.687006 0.000000
Q 0.000000 2.687006 -2.687006
F 0.000000 5.374012 0.000000
W -2.687006 8.061017 0.000000
K -5.374012 5.374012 0.000000
N -5.374012 2.687006 2.687006
F -2.687006 5.374012 2.687006
Q -2.687006 2.687006 0.000000
T -2.687006 0.000000 2.687006


-25.850000	97aa941a0
10

Q 0.000000 0.000000 0.000000
Y 2.687006 2.687006 0.000000
Q 0.000000 2.687006 -2.687006
F -2.687006 5.374012 -2.687006
W 0.000000 5.374012 0.000000
K 0.000000 2.687006 2.687006
N -2.687006 2.687006 0.000000
F -5.374012 2.687006 -2.687006
Q -2.687006 0.000000 -2.687006
T -2.687006 -2.687006 0.000000


-25.850000	97a642aa0
10

Q 0.000000 0.000000 0.000000
Y 2.687006 2.687006 0.000000
Q 0.000000 2.687006 -2.687006
F -2.687006 2.687006 -5.374012
W -2.687006 5.374012 -2.687006
K 0.000000 5.374012 0.000000
N -2.687006 2.687006 0.000000
F -5.374012 2.687006 -2.687006
Q -2.687006 0.000000 -2.687006
T -2.687006 -2.687006 0.000000


-25.850000	8626352a0
10

Q 0.000000 0.000000 0.000000
Y 2.687006 2.687006 0.000000
Q 0.000000 2.687006 -2.687006
F 0.000000 5.374012 0.000000
W 2.687006 5.374012 -2.687006
K 2.687006 8.061017 -5.374012
N 0.000000 5.374012 -5.374012
F 0.000000 8.061017 -2.687006
Q -2.687006 5.374012 -2.687006
T -2.687006 2.687006 -5.374012


-25.850000	8621a70a0
10

Q 0.000000 0.000000 0.000000
Y 2.687006 2.687006 0.000000
Q 0.000000 2.687006 -2.687006
F 2.687006 5.374012 -2.687006
W 5.374012 2.687006 -2.687006
K 2.687006 2.687006 -5.374012
N 0.000000 5.374012 -5.374012
F 0.000000 8.061017 -2.687006
Q -2.687006 5.374012 -2.687006
T -2.687006 2.687006 -5.374012


-25.850000	53b6670a0
10

Q 0.000000 0.000000 0.000000
Y 2.687006 2.687006 0.000000
Q 0.000000 2.687006 -2.687006
F 2.687006 5.374012 -2.687006
W 5.374012 2.687006 -2.687006
K 2.687006 0.000000 -2.687006
N 0.000000 -2.687006 -2.687006
F -2.687006 -2.687006 0.000000
Q -2.687006 0.000000 -2.687006
T 0.000000 0.000000 -5.374012


-25.850000	9621a70a0
10

Q 0.000000 0.000000 0.000000
Y 2.687006 2.687006 0.000000
Q 0.000000 2.687006 -2.687006
F 2.687006 5.374012 -2.687006
W 5.374012 2.687006 -2.687006
K 2.687006 2.687006 -5.374012
N 0.000000 5.374012 -5.374012
F 0.000000 8.061017 -2.687006
Q -2.687006 5.374012 -2.687006
T -2.687006 2.687006 0.000000


-25.850000	94198a2a0
10

Q 0.000000 0.000000 0.000000
Y 2.687006 2.687006 0.000000
Q 0.000000 2.687006 -2.687006
F 0.000000 5.374012 0.000000
W -2.687006 5.374012 -2.687006
K -2.687006 2.687006 -5.374012
N -2.687006 0.000000 -2.687006
F -5.374012 2.687006 -2.687006
Q -2.687006 2.687006 0.000000
T -2.687006 0.000000 2.687006


-25.850000	3563692a0
10

Q 0.000000 0.000000 0.000000
Y 2.687006 2.687006 0.000000
Q 0.000000 2.687006 -2.687006
F 0.000000 5.374012 0.000000
W 0.000000 2.687006 2.687006
K -2.687006 0.000000 2.687006
N -2.687006 2.687006 0.000000
F -5.374012 0.000000 0.000000
Q -2.687006 0.000000 -2.687006
T -2.687006 2.687006 -5.374012


-25.850000	880ab92a0
10

Q 0.000000 0.000000 0.000000
Y 2.687006 2.687006 0.000000
Q 0.000000 2.687006 -2.687006
F 0.000000 5.374012 0.000000
W 0.000000 2.687006 2.687006
K -2.687006 2.687006 5.374012
N -5.374012 2.687006 2.687006
F -2.687006 5.374012 2.687006
Q -2.687006 2.687006 0.000000
T -2.687006 0.000000 -2.687006


-25.850000	5563692a0
10

Q 0.000000 0.000000 0.000000
Y 2.687006 2.687006 0.000000
Q 0.000000 2.687006 -2.687006
F 0.000000 5.374012 0.000000
W 0.000000 2.687006 2.687006
K -2.687006 0.000000 2.687006
N -2.687006 2.687006 0.000000
F -5.374012 0.000000 0.000000
Q -2.687006 0.000000 -2.687006
T 0.000000 0.000000 -5.374012


-25.850000	7563692a0
10

Q 0.000000 0.000000 0.000000
Y 2.687006 2.687006 0.000000
Q 0.000000 2.687006 -2.687006
F 0.000000 5.374012 0.000000
W 0.000000 2.687006 2.687006
K -2.687006 0.000000 2.687006
N -2.687006 2.687006 0.000000
F -5.374012 0.000000 0.000000
Q -2.687006 0.000000 -2.687006
T 0.000000 -2.687006 -2.687006
