-58.480000	7a6901640
10

Q 0.000000 0.000000 0.000000
Y 2.687006 2.687006 0.000000
Q 5.374012 2.687006 2.687006
F 2.687006 0.000000 2.687006
W 0.000000 2.687006 2.687006
K 2.687006 5.374012 2.687006
N 2.687006 2.687006 5.374012
F 0.000000 0.000000 5.374012
Q -2.687006 0.000000 2.687006
T 0.000000 -2.687006 2.687006


-58.480000	b049a5640
10

Q 0.000000 0.000000 0.000000
Y 2.687006 2.687006 0.000000
Q 5.374012 2.687006 2.687006
F 2.687006 0.000000 2.687006
W 5.374012 0.000000 0.000000
K 2.687006 0.000000 -2.687006
N 2.687006 -2.687006 0.000000
F 5.374012 -2.687006 2.687006
Q 8.061017 0.000000 2.687006
T 5.374012 0.000000 5.374012


-58.480000	3484262a0
10

Q 0.000000 0.000000 0.000000
Y 2.687006 2.687006 0.000000
Q 0.000000 2.687006 -2.687006
F 0.000000 5.374012 0.000000
W -2.687006 2.687006 0.000000
K -2.687006 5.374012 2.687006
N 0.000000 5.374012 5.374012
F 0.000000 2.687006 2.687006
Q 2.687006 2.687006 5.374012
T 2.687006 5.374012 2.687006
