-29.210000	90886b0a0
10

Q 0.000000 0.000000 0.000000
Y 2.687006 2.687006 0.000000
Q 0.000000 2.687006 -2.687006
F 2.687006 5.374012 -2.687006
W 0.000000 5.374012 0.000000
K -2.687006 2.687006 0.000000
N -2.687006 0.000000 -2.687006
F -2.687006 -2.687006 -5.374012
Q 0.000000 0.000000 -5.374012
T 0.000000 -2.687006 -2.687006


-29.210000	04886b0a0
10

Q 0.000000 0.000000 0.000000
Y 2.687006 2.687006 0.000000
Q 0.000000 2.687006 -2.687006
F 2.687006 5.374012 -2.687006
W 0.000000 5.374012 0.000000
K -2.687006 2.687006 0.000000
N -2.687006 0.000000 -2.687006
F -2.687006 -2.687006 -5.374012
Q 0.000000 -2.687006 -2.687006
T 2.687006 0.000000 -2.687006


-29.210000	34886b0a0
10

Q 0.000000 0.000000 0.000000
Y 2.687006 2.687006 0.000000
Q 0.000000 2.687006 -2.687006
F 2.687006 5.374012 -2.687006
W 0.000000 5.374012 0.000000
K -2.687006 2.687006 0.000000
N -2.687006 0.000000 -2.687006
F -2.687006 -2.687006 -5.374012
Q 0.000000 -2.687006 -2.687006
T 0.000000 0.000000 -5.374012


-29.210000	40886b0a0
10

Q 0.000000 0.000000 0.000000
Y 2.687006 2.687006 0.000000
Q 0.000000 2.687006 -2.687006
F 2.687006 5.374012 -2.687006
W 0.000000 5.374012 0.000000
K -2.687006 2.687006 0.000000
N -2.687006 0.000000 -2.687006
F -2.687006 -2.687006 -5.374012
Q 0.000000 0.000000 -5.374012
T 2.687006 0.000000 -2.687006
