-47.940000	01549b810
10

Y 0.000000 0.000000 0.000000
Y 2.687006 2.687006 0.000000
D 0.000000 5.374012 0.000000
P 0.000000 2.687006 -2.687006
E -2.687006 2.687006 0.000000
T -2.687006 0.000000 2.687006
G 0.000000 0.000000 5.374012
T 2.687006 0.000000 2.687006
W 0.000000 2.687006 2.687006
Y 2.687006 5.374012 2.687006


-47.940000	01458a910
10

Y 0.000000 0.000000 0.000000
Y 2.687006 2.687006 0.000000
D 0.000000 5.374012 0.000000
P 0.000000 2.687006 2.687006
E -2.687006 2.687006 0.000000
T -2.687006 0.000000 -2.687006
G 0.000000 0.000000 -5.374012
T 2.687006 0.000000 -2.687006
W 0.000000 2.687006 -2.687006
Y 2.687006 5.374012 -2.687006


-47.940000	0a29780a0
10

Y 0.000000 0.000000 0.000000
Y 2.687006 2.687006 0.000000
D 0.000000 2.687006 -2.687006
P 2.687006 5.374012 -2.687006
E 2.687006 2.687006 -5.374012
T 5.374012 0.000000 -5.374012
G 5.374012 -2.687006 -2.687006
T 5.374012 0.000000 0.000000
W 2.687006 0.000000 -2.687006
Y 5.374012 2.687006 -2.687006


-47.940000	63b4756a0
10

Y 0.000000 0.000000 0.000000
Y 2.687006 2.687006 0.000000
D 0.000000 2.687006 -2.687006
P -2.687006 0.000000 -2.687006
E 0.000000 0.000000 -5.374012
T 2.687006 -2.687006 -5.374012
G 5.374012 -2.687006 -2.687006
T 2.687006 -2.687006 0.000000
W 2.687006 0.000000 -2.687006
Y 0.000000 -2.687006 -2.687006
