-58.310000	2525a6b00
10

Q 0.000000 0.000000 0.000000
Y 2.687006 2.687006 0.000000
Q 5.374012 5.374012 0.000000
F 2.687006 5.374012 2.687006
W 0.000000 2.687006 2.687006
K -2.687006 2.687006 0.000000
N 0.000000 2.687006 -2.687006
F 0.000000 5.374012 0.000000
Q 2.687006 5.374012 -2.687006
T 2.687006 8.061017 0.000000


-58.310000	3434b6a00
10

Q 0.000000 0.000000 0.000000
Y 2.687006 2.687006 0.000000
Q 5.374012 5.374012 0.000000
F 2.687006 5.374012 -2.687006
W 0.000000 2.687006 -2.687006
K -2.687006 2.687006 0.000000
N 0.000000 2.687006 2.687006
F 0.000000 5.374012 0.000000
Q 2.687006 5.374012 2.687006
T 2.687006 8.061017 0.000000


-58.310000	434386900
10

Q 0.000000 0.000000 0.000000
Y 2.687006 2.687006 0.000000
Q 5.374012 5.374012 0.000000
F 5.374012 2.687006 2.687006
W 2.687006 0.000000 2.687006
K 2.687006 -2.687006 0.000000
N 2.687006 0.000000 -2.687006
F 5.374012 0.000000 0.000000
Q 5.374012 2.687006 -2.687006
T 8.061017 2.687006 0.000000


-58.310000	525296800
10

Q 0.000000 0.000000 0.000000
Y 2.687006 2.687006 0.000000
Q 5.374012 5.374012 0.000000
F 5.374012 2.687006 -2.687006
W 2.687006 0.000000 -2.687006
K 2.687006 -2.687006 0.000000
N 2.687006 0.000000 2.687006
F 5.374012 0.000000 0.000000
Q 5.374012 2.687006 2.687006
T 8.061017 2.687006 0.000000
