-25.750000	7638912a0
10

Q 0.000000 0.000000 0.000000
Y 2.687006 2.687006 0.000000
Q 0.000000 2.687006 -2.687006
F 0.000000 5.374012 0.000000
W -2.687006 8.061017 0.000000
K -2.687006 5.374012 2.687006
N -2.687006 2.687006 0.000000
F -2.687006 5.374012 -2.687006
Q -5.374012 2.687006 -2.687006
T -2.687006 0.000000 -2.687006


-25.750000	92a6a70a0
10

Q 0.000000 0.000000 0.000000
Y 2.687006 2.687006 0.000000
Q 0.000000 2.687006 -2.687006
F 2.687006 5.374012 -2.687006
W 5.374012 2.687006 -2.687006
K 2.687006 2.687006 -5.374012
N 0.000000 0.000000 -5.374012
F -2.687006 0.000000 -8.061017
Q -2.687006 2.687006 -5.374012
T -2.687006 0.000000 -2.687006


-25.750000	1369670a0
10

Q 0.000000 0.000000 0.000000
Y 2.687006 2.687006 0.000000
Q 0.000000 2.687006 -2.687006
F 2.687006 5.374012 -2.687006
W 5.374012 2.687006 -2.687006
K 2.687006 0.000000 -2.687006
N 2.687006 -2.687006 0.000000
F 0.000000 -5.374012 0.000000
Q 0.000000 -2.687006 -2.687006
T -2.687006 0.000000 -2.687006


-25.750000	1189670a0
10

Q 0.000000 0.000000 0.000000
Y 2.687006 2.687006 0.000000
Q 0.000000 2.687006 -2.687006
F 2.687006 5.374012 -2.687006
W 5.374012 2.687006 -2.687006
K 2.687006 0.000000 -2.687006
N 2.687006 -2.687006 0.000000
F 2.687006 -5.374012 -2.687006
Q 0.000000 -2.687006 -2.687006
T -2.687006 0.000000 -2.687006


-25.750000	9838912a0
10

Q 0.000000 0.000000 0.000000
Y 2.687006 2.687006 0.000000
Q 0.000000 2.687006 -2.687006
F 0.000000 5.374012 0.000000
W -2.687006 8.061017 0.000000
K -2.687006 5.374012 2.687006
N -2.687006 2.687006 0.000000
F -2.687006 5.374012 -2.687006
Q -2.687006 2.687006 -5.374012
T -2.687006 0.000000 -2.687006


-25.750000	9837612a0
10

Q 0.000000 0.000000 0.000000
Y 2.687006 2.687006 0.000000
Q 0.000000 2.687006 -2.687006
F 0.000000 5.374012 0.000000
W -2.687006 8.061017 0.000000
K -5.374012 5.374012 0.000000
N -2.687006 2.687006 0.000000
F -2.687006 5.374012 -2.687006
Q -2.687006 2.687006 -5.374012
T -2.687006 0.000000 -2.687006


-25.750000	1b76a70a0
10

Q 0.000000 0.000000 0.000000
Y 2.687006 2.687006 0.000000
Q 0.000000 2.687006 -2.687006
F 2.687006 5.374012 -2.687006
W 5.374012 2.687006 -2.687006
K 2.687006 2.687006 -5.374012
N 0.000000 0.000000 -5.374012
F 2.687006 -2.687006 -5.374012
Q 0.000000 -2.687006 -2.687006
T -2.687006 0.000000 -2.687006


-25.750000	963ab40a0
10

Q 0.000000 0.000000 0.000000
Y 2.687006 2.687006 0.000000
Q 0.000000 2.687006 -2.687006
F 2.687006 5.374012 -2.687006
W 5.374012 5.374012 0.000000
K 2.687006 5.374012 2.687006
N 0.000000 5.374012 0.000000
F 0.000000 8.061017 -2.687006
Q -2.687006 5.374012 -2.687006
T -2.687006 2.687006 0.000000


-25.750000	6803a92a0
10

Q 0.000000 0.000000 0.000000
Y 2.687006 2.687006 0.000000
Q 0.000000 2.687006 -2.687006
F 0.000000 5.374012 0.000000
W 0.000000 2.687006 2.687006
K -2.687006 2.687006 0.000000
N -2.687006 5.374012 -2.687006
F 0.000000 8.061017 -2.687006
Q 0.000000 5.374012 -5.374012
T -2.687006 2.687006 -5.374012


-25.750000	884b812a0
10

Q 0.000000 0.000000 0.000000
Y 2.687006 2.687006 0.000000
Q 0.000000 2.687006 -2.687006
F 0.000000 5.374012 0.000000
W -2.687006 8.061017 0.000000
K -2.687006 5.374012 -2.687006
N -5.374012 5.374012 0.000000
F -2.687006 5.374012 2.687006
Q -2.687006 2.687006 0.000000
T -2.687006 0.000000 -2.687006


-25.750000	a849a92a0
10

Q 0.000000 0.000000 0.000000
Y 2.687006 2.687006 0.000000
Q 0.000000 2.687006 -2.687006
F 0.000000 5.374012 0.000000
W 0.000000 2.687006 2.687006
K -2.687006 2.687006 0.000000
N -2.687006 0.000000 2.687006
F 0.000000 0.000000 5.374012
Q 0.000000 -2.687006 2.687006
T -2.687006 -2.687006 0.000000
