-59.030000	b8b4807a0
10

Q 0.000000 0.000000 0.000000
Y 2.687006 2.687006 0.000000
Q 0.000000 2.687006 -2.687006
F 2.687006 0.000000 -2.687006
W 5.374012 2.687006 -2.687006
K 5.374012 0.000000 -5.374012
N 8.061017 0.000000 -2.687006
F 5.374012 0.000000 0.000000
Q 5.374012 -2.687006 -2.687006
T 2.687006 -2.687006 0.000000


-59.030000	1810847a0
10

Q 0.000000 0.000000 0.000000
Y 2.687006 2.687006 0.000000
Q 0.000000 2.687006 -2.687006
F 2.687006 0.000000 -2.687006
W 5.374012 0.000000 0.000000
K 5.374012 -2.687006 -2.687006
N 8.061017 0.000000 -2.687006
F 5.374012 2.687006 -2.687006
Q 5.374012 0.000000 -5.374012
T 2.687006 2.687006 -5.374012
