-57.630000	918b40ba0
10

Q 0.000000 0.000000 0.000000
Y 2.687006 2.687006 0.000000
Q 0.000000 2.687006 -2.687006
F -2.687006 2.687006 0.000000
W 0.000000 5.374012 0.000000
K 2.687006 5.374012 2.687006
N 0.000000 5.374012 5.374012
F 0.000000 2.687006 2.687006
Q -2.687006 5.374012 2.687006
T -2.687006 2.687006 5.374012


-57.630000	3b8104ba0
10

Q 0.000000 0.000000 0.000000
Y 2.687006 2.687006 0.000000
Q 0.000000 2.687006 -2.687006
F -2.687006 2.687006 0.000000
W 0.000000 2.687006 2.687006
K 2.687006 5.374012 2.687006
N 0.000000 8.061017 2.687006
F 0.000000 5.374012 0.000000
Q -2.687006 5.374012 2.687006
T -2.687006 8.061017 0.000000


-57.630000	0b1569140
10

Q 0.000000 0.000000 0.000000
Y 2.687006 2.687006 0.000000
Q 5.374012 2.687006 2.687006
F 2.687006 5.374012 2.687006
W 2.687006 2.687006 5.374012
K 0.000000 0.000000 5.374012
N 2.687006 0.000000 2.687006
F 0.000000 2.687006 2.687006
Q -2.687006 2.687006 5.374012
T 0.000000 5.374012 5.374012


-57.630000	0bb367a00
10

Q 0.000000 0.000000 0.000000
Y 2.687006 2.687006 0.000000
Q 5.374012 5.374012 0.000000
F 2.687006 5.374012 -2.687006
W 5.374012 2.687006 -2.687006
K 2.687006 0.000000 -2.687006
N 2.687006 2.687006 -5.374012
F 0.000000 2.687006 -2.687006
Q -2.687006 2.687006 0.000000
T 0.000000 5.374012 0.000000


-57.630000	0aa267b00
10

Q 0.000000 0.000000 0.000000
Y 2.687006 2.687006 0.000000
Q 5.374012 5.374012 0.000000
F 2.687006 5.374012 2.687006
W 5.374012 2.687006 2.687006
K 2.687006 0.000000 2.687006
N 2.687006 2.687006 5.374012
F 0.000000 2.687006 2.687006
Q -2.687006 2.687006 0.000000
T 0.000000 5.374012 0.000000


-57.630000	099561800
10

Q 0.000000 0.000000 0.000000
Y 2.687006 2.687006 0.000000
Q 5.374012 5.374012 0.000000
F 5.374012 2.687006 -2.687006
W 2.687006 5.374012 -2.687006
K 0.000000 2.687006 -2.687006
N 2.687006 2.687006 -5.374012
F 2.687006 0.000000 -2.687006
Q 2.687006 -2.687006 0.000000
T 5.374012 0.000000 0.000000


-57.630000	088461900
10

Q 0.000000 0.000000 0.000000
Y 2.687006 2.687006 0.000000
Q 5.374012 5.374012 0.000000
F 5.374012 2.687006 2.687006
W 2.687006 5.374012 2.687006
K 0.000000 2.687006 2.687006
N 2.687006 2.687006 5.374012
F 2.687006 0.000000 2.687006
Q 2.687006 -2.687006 0.000000
T 5.374012 0.000000 0.000000
