-48.610000	1347a6b40
10

Y 0.000000 0.000000 0.000000
Y 2.687006 2.687006 0.000000
D 5.374012 2.687006 2.687006
P 2.687006 2.687006 5.374012
E 0.000000 0.000000 5.374012
T -2.687006 0.000000 2.687006
G 0.000000 -2.687006 2.687006
T 2.687006 -2.687006 5.374012
W 2.687006 0.000000 2.687006
Y 0.000000 2.687006 2.687006


-48.610000	647831640
10

Y 0.000000 0.000000 0.000000
Y 2.687006 2.687006 0.000000
D 5.374012 2.687006 2.687006
P 2.687006 0.000000 2.687006
E 0.000000 2.687006 2.687006
T 0.000000 5.374012 0.000000
G 0.000000 2.687006 -2.687006
T 2.687006 0.000000 -2.687006
W 5.374012 0.000000 0.000000
Y 2.687006 -2.687006 0.000000


-48.610000	6475a1640
10

Y 0.000000 0.000000 0.000000
Y 2.687006 2.687006 0.000000
D 5.374012 2.687006 2.687006
P 2.687006 0.000000 2.687006
E 0.000000 2.687006 2.687006
T -2.687006 2.687006 0.000000
G 0.000000 2.687006 -2.687006
T 2.687006 0.000000 -2.687006
W 5.374012 0.000000 0.000000
Y 2.687006 -2.687006 0.000000


-48.610000	751279610
10

Y 0.000000 0.000000 0.000000
Y 2.687006 2.687006 0.000000
D 0.000000 5.374012 0.000000
P -2.687006 2.687006 0.000000
E -2.687006 0.000000 2.687006
T 0.000000 -2.687006 2.687006
G 0.000000 0.000000 5.374012
T -2.687006 2.687006 5.374012
W 0.000000 2.687006 2.687006
Y 2.687006 0.000000 2.687006


-48.610000	741378610
10

Y 0.000000 0.000000 0.000000
Y 2.687006 2.687006 0.000000
D 0.000000 5.374012 0.000000
P -2.687006 2.687006 0.000000
E -2.687006 0.000000 -2.687006
T 0.000000 -2.687006 -2.687006
G 0.000000 0.000000 -5.374012
T -2.687006 2.687006 -5.374012
W 0.000000 2.687006 -2.687006
Y 2.687006 0.000000 -2.687006


-48.610000	90b6a5140
10

Y 0.000000 0.000000 0.000000
Y 2.687006 2.687006 0.000000
D 5.374012 2.687006 2.687006
P 2.687006 5.374012 2.687006
E 5.374012 5.374012 0.000000
T 2.687006 5.374012 -2.687006
G 0.000000 2.687006 -2.687006
T -2.687006 2.687006 0.000000
W 0.000000 5.374012 0.000000
Y 0.000000 2.687006 2.687006


-48.610000	6405a6640
10

Y 0.000000 0.000000 0.000000
Y 2.687006 2.687006 0.000000
D 5.374012 2.687006 2.687006
P 2.687006 0.000000 2.687006
E 0.000000 -2.687006 2.687006
T -2.687006 -2.687006 0.000000
G 0.000000 -2.687006 -2.687006
T 2.687006 0.000000 -2.687006
W 5.374012 0.000000 0.000000
Y 2.687006 -2.687006 0.000000


-48.610000	640386640
10

Y 0.000000 0.000000 0.000000
Y 2.687006 2.687006 0.000000
D 5.374012 2.687006 2.687006
P 2.687006 0.000000 2.687006
E 0.000000 -2.687006 2.687006
T 0.000000 -5.374012 0.000000
G 0.000000 -2.687006 -2.687006
T 2.687006 0.000000 -2.687006
W 5.374012 0.000000 0.000000
Y 2.687006 -2.687006 0.000000
