-57.450000	2a8b722a0
10

Q 0.000000 0.000000 0.000000
Y 2.687006 2.687006 0.000000
Q 0.000000 2.687006 -2.687006
F 0.000000 5.374012 0.000000
W 0.000000 8.061017 2.687006
K 2.687006 5.374012 2.687006
N 0.000000 5.374012 5.374012
F 0.000000 2.687006 2.687006
Q -2.687006 2.687006 0.000000
T -2.687006 5.374012 2.687006


-57.450000	3781947a0
10

Q 0.000000 0.000000 0.000000
Y 2.687006 2.687006 0.000000
Q 0.000000 2.687006 -2.687006
F 2.687006 0.000000 -2.687006
W 5.374012 0.000000 0.000000
K 5.374012 -2.687006 2.687006
N 2.687006 0.000000 2.687006
F 2.687006 -2.687006 0.000000
Q 5.374012 -5.374012 0.000000
T 5.374012 -2.687006 -2.687006


-57.450000	958b307a0
10

Q 0.000000 0.000000 0.000000
Y 2.687006 2.687006 0.000000
Q 0.000000 2.687006 -2.687006
F 2.687006 0.000000 -2.687006
W 5.374012 2.687006 -2.687006
K 5.374012 5.374012 -5.374012
N 2.687006 5.374012 -2.687006
F 2.687006 2.687006 -5.374012
Q 5.374012 2.687006 -8.061017
T 5.374012 0.000000 -5.374012
