-49.340000	9635792a0
10

Y 0.000000 0.000000 0.000000
Y 2.687006 2.687006 0.000000
D 0.000000 2.687006 -2.687006
P 0.000000 5.374012 0.000000
E 0.000000 2.687006 2.687006
T 2.687006 0.000000 2.687006
G 5.374012 0.000000 0.000000
T 5.374012 2.687006 -2.687006
W 2.687006 0.000000 -2.687006
Y 2.687006 -2.687006 0.000000


-49.340000	40a8792a0
10

Y 0.000000 0.000000 0.000000
Y 2.687006 2.687006 0.000000
D 0.000000 2.687006 -2.687006
P 0.000000 5.374012 0.000000
E 0.000000 2.687006 2.687006
T 2.687006 0.000000 2.687006
G 2.687006 -2.687006 0.000000
T 0.000000 -2.687006 -2.687006
W 2.687006 0.000000 -2.687006
Y 5.374012 0.000000 0.000000


-49.340000	40a874ba0
10

Y 0.000000 0.000000 0.000000
Y 2.687006 2.687006 0.000000
D 0.000000 2.687006 -2.687006
P -2.687006 2.687006 0.000000
E 0.000000 2.687006 2.687006
T 2.687006 0.000000 2.687006
G 2.687006 -2.687006 0.000000
T 0.000000 -2.687006 -2.687006
W 2.687006 0.000000 -2.687006
Y 5.374012 0.000000 0.000000


-49.340000	9185792a0
10

Y 0.000000 0.000000 0.000000
Y 2.687006 2.687006 0.000000
D 0.000000 2.687006 -2.687006
P 0.000000 5.374012 0.000000
E 0.000000 2.687006 2.687006
T 2.687006 0.000000 2.687006
G 5.374012 0.000000 0.000000
T 5.374012 -2.687006 -2.687006
W 2.687006 0.000000 -2.687006
Y 2.687006 -2.687006 0.000000


-49.340000	918574ba0
10

Y 0.000000 0.000000 0.000000
Y 2.687006 2.687006 0.000000
D 0.000000 2.687006 -2.687006
P -2.687006 2.687006 0.000000
E 0.000000 2.687006 2.687006
T 2.687006 0.000000 2.687006
G 5.374012 0.000000 0.000000
T 5.374012 -2.687006 -2.687006
W 2.687006 0.000000 -2.687006
Y 2.687006 -2.687006 0.000000


-49.340000	4158792a0
10

Y 0.000000 0.000000 0.000000
Y 2.687006 2.687006 0.000000
D 0.000000 2.687006 -2.687006
P 0.000000 5.374012 0.000000
E 0.000000 2.687006 2.687006
T 2.687006 0.000000 2.687006
G 2.687006 -2.687006 0.000000
T 5.374012 -2.687006 -2.687006
W 2.687006 0.000000 -2.687006
Y 5.374012 0.000000 0.000000


-49.340000	415874ba0
10

Y 0.000000 0.000000 0.000000
Y 2.687006 2.687006 0.000000
D 0.000000 2.687006 -2.687006
P -2.687006 2.687006 0.000000
E 0.000000 2.687006 2.687006
T 2.687006 0.000000 2.687006
G 2.687006 -2.687006 0.000000
T 5.374012 -2.687006 -2.687006
W 2.687006 0.000000 -2.687006
Y 5.374012 0.000000 0.000000


-49.340000	514968340
10

Y 0.000000 0.000000 0.000000
Y 2.687006 2.687006 0.000000
D 5.374012 2.687006 2.687006
P 5.374012 5.374012 0.000000
E 5.374012 2.687006 -2.687006
T 2.687006 0.000000 -2.687006
G 2.687006 -2.687006 0.000000
T 5.374012 -2.687006 2.687006
W 2.687006 0.000000 2.687006
Y 5.374012 0.000000 0.000000


-49.340000	50b96a540
10

Y 0.000000 0.000000 0.000000
Y 2.687006 2.687006 0.000000
D 5.374012 2.687006 2.687006
P 8.061017 2.687006 0.000000
E 5.374012 2.687006 -2.687006
T 2.687006 0.000000 -2.687006
G 2.687006 -2.687006 0.000000
T 0.000000 -2.687006 2.687006
W 2.687006 0.000000 2.687006
Y 5.374012 0.000000 0.000000


-49.340000	963574ba0
10

Y 0.000000 0.000000 0.000000
Y 2.687006 2.687006 0.000000
D 0.000000 2.687006 -2.687006
P -2.687006 2.687006 0.000000
E 0.000000 2.687006 2.687006
T 2.687006 0.000000 2.687006
G 5.374012 0.000000 0.000000
T 5.374012 2.687006 -2.687006
W 2.687006 0.000000 -2.687006
Y 2.687006 -2.687006 0.000000


-49.340000	51496a540
10

Y 0.000000 0.000000 0.000000
Y 2.687006 2.687006 0.000000
D 5.374012 2.687006 2.687006
P 8.061017 2.687006 0.000000
E 5.374012 2.687006 -2.687006
T 2.687006 0.000000 -2.687006
G 2.687006 -2.687006 0.000000
T 5.374012 -2.687006 2.687006
W 2.687006 0.000000 2.687006
Y 5.374012 0.000000 0.000000


-49.340000	50b968340
10

Y 0.000000 0.000000 0.000000
Y 2.687006 2.687006 0.000000
D 5.374012 2.687006 2.687006
P 5.374012 5.374012 0.000000
E 5.374012 2.687006 -2.687006
T 2.687006 0.000000 -2.687006
G 2.687006 -2.687006 0.000000
T 0.000000 -2.687006 2.687006
W 2.687006 0.000000 2.687006
Y 5.374012 0.000000 0.000000
