-28.800000	57b6a52a0
10

Q 0.000000 0.000000 0.000000
Y 2.687006 2.687006 0.000000
Q 0.000000 2.687006 -2.687006
F 0.000000 5.374012 0.000000
W 2.687006 5.374012 -2.687006
K 0.000000 5.374012 -5.374012
N -2.687006 2.687006 -5.374012
F -5.374012 2.687006 -2.687006
Q -2.687006 0.000000 -2.687006
T 0.000000 0.000000 -5.374012


-28.800000	3266852a0
10

Q 0.000000 0.000000 0.000000
Y 2.687006 2.687006 0.000000
Q 0.000000 2.687006 -2.687006
F 0.000000 5.374012 0.000000
W 2.687006 5.374012 -2.687006
K 2.687006 2.687006 -5.374012
N 0.000000 0.000000 -5.374012
F -2.687006 -2.687006 -5.374012
Q -2.687006 0.000000 -2.687006
T -2.687006 2.687006 -5.374012


-28.800000	5468ab0a0
10

Q 0.000000 0.000000 0.000000
Y 2.687006 2.687006 0.000000
Q 0.000000 2.687006 -2.687006
F 2.687006 5.374012 -2.687006
W 0.000000 5.374012 0.000000
K -2.687006 5.374012 -2.687006
N -2.687006 2.687006 -5.374012
F -5.374012 0.000000 -5.374012
Q -2.687006 0.000000 -2.687006
T 0.000000 0.000000 -5.374012


-28.800000	5466a52a0
10

Q 0.000000 0.000000 0.000000
Y 2.687006 2.687006 0.000000
Q 0.000000 2.687006 -2.687006
F 0.000000 5.374012 0.000000
W 2.687006 5.374012 -2.687006
K 0.000000 5.374012 -5.374012
N -2.687006 2.687006 -5.374012
F -5.374012 0.000000 -5.374012
Q -2.687006 0.000000 -2.687006
T 0.000000 0.000000 -5.374012


-28.800000	a647832a0
10

Q 0.000000 0.000000 0.000000
Y 2.687006 2.687006 0.000000
Q 0.000000 2.687006 -2.687006
F 0.000000 5.374012 0.000000
W 0.000000 8.061017 -2.687006
K 0.000000 5.374012 -5.374012
N 2.687006 2.687006 -5.374012
F 5.374012 2.687006 -2.687006
Q 2.687006 0.000000 -2.687006
T 0.000000 0.000000 -5.374012


-28.800000	70a8692a0
10

Q 0.000000 0.000000 0.000000
Y 2.687006 2.687006 0.000000
Q 0.000000 2.687006 -2.687006
F 0.000000 5.374012 0.000000
W 0.000000 2.687006 2.687006
K -2.687006 0.000000 2.687006
N -2.687006 -2.687006 0.000000
F -5.374012 -2.687006 -2.687006
Q -2.687006 0.000000 -2.687006
T 0.000000 -2.687006 -2.687006


-28.800000	86491a0a0
10

Q 0.000000 0.000000 0.000000
Y 2.687006 2.687006 0.000000
Q 0.000000 2.687006 -2.687006
F 2.687006 5.374012 -2.687006
W 0.000000 5.374012 -5.374012
K -2.687006 8.061017 -5.374012
N -2.687006 5.374012 -2.687006
F 0.000000 5.374012 0.000000
Q -2.687006 2.687006 0.000000
T -2.687006 0.000000 -2.687006


-28.800000	6b0466800
10

Q 0.000000 0.000000 0.000000
Y 2.687006 2.687006 0.000000
Q 5.374012 5.374012 0.000000
F 5.374012 2.687006 -2.687006
W 2.687006 0.000000 -2.687006
K 0.000000 -2.687006 -2.687006
N 2.687006 -2.687006 0.000000
F 5.374012 0.000000 0.000000
Q 2.687006 0.000000 2.687006
T 0.000000 -2.687006 2.687006


-28.800000	6a0566900
10

Q 0.000000 0.000000 0.000000
Y 2.687006 2.687006 0.000000
Q 5.374012 5.374012 0.000000
F 5.374012 2.687006 2.687006
W 2.687006 0.000000 2.687006
K 0.000000 -2.687006 2.687006
N 2.687006 -2.687006 0.000000
F 5.374012 0.000000 0.000000
Q 2.687006 0.000000 -2.687006
T 0.000000 -2.687006 -2.687006


-28.800000	690266a00
10

Q 0.000000 0.000000 0.000000
Y 2.687006 2.687006 0.000000
Q 5.374012 5.374012 0.000000
F 2.687006 5.374012 -2.687006
W 0.000000 2.687006 -2.687006
K -2.687006 0.000000 -2.687006
N -2.687006 2.687006 0.000000
F 0.000000 5.374012 0.000000
Q 0.000000 2.687006 2.687006
T -2.687006 0.000000 2.687006


-28.800000	680366b00
10

Q 0.000000 0.000000 0.000000
Y 2.687006 2.687006 0.000000
Q 5.374012 5.374012 0.000000
F 2.687006 5.374012 2.687006
W 0.000000 2.687006 2.687006
K -2.687006 0.000000 2.687006
N -2.687006 2.687006 0.000000
F 0.000000 5.374012 0.000000
Q 0.000000 2.687006 -2.687006
T -2.687006 0.000000 -2.687006


-28.800000	680366140
10

Q 0.000000 0.000000 0.000000
Y 2.687006 2.687006 0.000000
Q 5.374012 2.687006 2.687006
F 2.687006 5.374012 2.687006
W 0.000000 2.687006 2.687006
K -2.687006 0.000000 2.687006
N -2.687006 2.687006 0.000000
F 0.000000 5.374012 0.000000
Q 0.000000 2.687006 -2.687006
T -2.687006 0.000000 -2.687006
