-57.440000	1914597a0
10

Q 0.000000 0.000000 0.000000
Y 2.687006 2.687006 0.000000
Q 0.000000 2.687006 -2.687006
F 2.687006 0.000000 -2.687006
W 2.687006 -2.687006 0.000000
K 5.374012 -2.687006 -2.687006
N 8.061017 -2.687006 0.000000
F 5.374012 0.000000 0.000000
Q 5.374012 -2.687006 2.687006
T 2.687006 0.000000 2.687006


-57.440000	b49185640
10

Q 0.000000 0.000000 0.000000
Y 2.687006 2.687006 0.000000
Q 5.374012 2.687006 2.687006
F 2.687006 0.000000 2.687006
W 5.374012 0.000000 0.000000
K 5.374012 -2.687006 -2.687006
N 2.687006 0.000000 -2.687006
F 2.687006 -2.687006 0.000000
Q 5.374012 -2.687006 2.687006
T 2.687006 -2.687006 5.374012


-57.440000	469521640
10

Q 0.000000 0.000000 0.000000
Y 2.687006 2.687006 0.000000
Q 5.374012 2.687006 2.687006
F 2.687006 0.000000 2.687006
W 0.000000 2.687006 2.687006
K 0.000000 5.374012 5.374012
N 2.687006 5.374012 2.687006
F 2.687006 2.687006 5.374012
Q 0.000000 0.000000 5.374012
T 2.687006 0.000000 8.061017


-57.440000	769521640
10

Q 0.000000 0.000000 0.000000
Y 2.687006 2.687006 0.000000
Q 5.374012 2.687006 2.687006
F 2.687006 0.000000 2.687006
W 0.000000 2.687006 2.687006
K 0.000000 5.374012 5.374012
N 2.687006 5.374012 2.687006
F 2.687006 2.687006 5.374012
Q 0.000000 0.000000 5.374012
T 2.687006 -2.687006 5.374012


-57.440000	649185640
10

Q 0.000000 0.000000 0.000000
Y 2.687006 2.687006 0.000000
Q 5.374012 2.687006 2.687006
F 2.687006 0.000000 2.687006
W 5.374012 0.000000 0.000000
K 5.374012 -2.687006 -2.687006
N 2.687006 0.000000 -2.687006
F 2.687006 -2.687006 0.000000
Q 5.374012 -2.687006 2.687006
T 2.687006 -5.374012 2.687006


-57.440000	b3b0737a0
10

Q 0.000000 0.000000 0.000000
Y 2.687006 2.687006 0.000000
Q 0.000000 2.687006 -2.687006
F 2.687006 0.000000 -2.687006
W 2.687006 2.687006 -5.374012
K 5.374012 0.000000 -5.374012
N 8.061017 2.687006 -5.374012
F 5.374012 2.687006 -2.687006
Q 5.374012 5.374012 -5.374012
T 2.687006 5.374012 -2.687006


-57.440000	a91659410
10

Q 0.000000 0.000000 0.000000
Y 2.687006 2.687006 0.000000
Q 0.000000 5.374012 0.000000
F 2.687006 5.374012 2.687006
W 2.687006 2.687006 5.374012
K 5.374012 2.687006 2.687006
N 2.687006 0.000000 2.687006
F 0.000000 2.687006 2.687006
Q 0.000000 0.000000 5.374012
T -2.687006 0.000000 2.687006


-57.440000	b81648510
10

Q 0.000000 0.000000 0.000000
Y 2.687006 2.687006 0.000000
Q 0.000000 5.374012 0.000000
F 2.687006 5.374012 -2.687006
W 2.687006 2.687006 -5.374012
K 5.374012 2.687006 -2.687006
N 2.687006 0.000000 -2.687006
F 0.000000 2.687006 -2.687006
Q 0.000000 0.000000 -5.374012
T -2.687006 0.000000 -2.687006
