-58.930000	7b70b3ba0
10

Q 0.000000 0.000000 0.000000
Y 2.687006 2.687006 0.000000
Q 0.000000 2.687006 -2.687006
F -2.687006 2.687006 0.000000
W -2.687006 5.374012 -2.687006
K -5.374012 5.374012 0.000000
N -2.687006 8.061017 0.000000
F 0.000000 5.374012 0.000000
Q -2.687006 5.374012 2.687006
T 0.000000 2.687006 2.687006


-58.930000	72762a2a0
10

Q 0.000000 0.000000 0.000000
Y 2.687006 2.687006 0.000000
Q 0.000000 2.687006 -2.687006
F 0.000000 5.374012 0.000000
W -2.687006 5.374012 -2.687006
K -2.687006 8.061017 0.000000
N -5.374012 5.374012 0.000000
F -2.687006 2.687006 0.000000
Q -2.687006 5.374012 2.687006
T 0.000000 2.687006 2.687006


-58.930000	430ab8b40
10

Q 0.000000 0.000000 0.000000
Y 2.687006 2.687006 0.000000
Q 5.374012 2.687006 2.687006
F 2.687006 2.687006 5.374012
W 2.687006 0.000000 2.687006
K 0.000000 0.000000 5.374012
N -2.687006 0.000000 2.687006
F 0.000000 2.687006 2.687006
Q 0.000000 5.374012 0.000000
T 2.687006 5.374012 2.687006


-58.930000	515419ba0
10

Q 0.000000 0.000000 0.000000
Y 2.687006 2.687006 0.000000
Q 0.000000 2.687006 -2.687006
F -2.687006 2.687006 0.000000
W -2.687006 0.000000 2.687006
K -5.374012 2.687006 2.687006
N -2.687006 2.687006 5.374012
F 0.000000 2.687006 2.687006
Q -2.687006 5.374012 2.687006
T 0.000000 5.374012 0.000000
