-59.590000	46a950810
10

Q 0.000000 0.000000 0.000000
Y 2.687006 2.687006 0.000000
Q 0.000000 5.374012 0.000000
F 0.000000 2.687006 -2.687006
W 2.687006 5.374012 -2.687006
K 5.374012 5.374012 -5.374012
N 5.374012 2.687006 -2.687006
F 2.687006 2.687006 -5.374012
Q 0.000000 0.000000 -5.374012
T 2.687006 0.000000 -2.687006


-59.590000	56b840910
10

Q 0.000000 0.000000 0.000000
Y 2.687006 2.687006 0.000000
Q 0.000000 5.374012 0.000000
F 0.000000 2.687006 2.687006
W 2.687006 5.374012 2.687006
K 5.374012 5.374012 5.374012
N 5.374012 2.687006 2.687006
F 2.687006 2.687006 5.374012
Q 0.000000 0.000000 5.374012
T 2.687006 0.000000 2.687006


-59.590000	41a257810
10

Q 0.000000 0.000000 0.000000
Y 2.687006 2.687006 0.000000
Q 0.000000 5.374012 0.000000
F 0.000000 2.687006 -2.687006
W 2.687006 0.000000 -2.687006
K 5.374012 0.000000 -5.374012
N 5.374012 2.687006 -2.687006
F 2.687006 2.687006 -5.374012
Q 0.000000 5.374012 -5.374012
T 2.687006 5.374012 -2.687006


-59.590000	51b347910
10

Q 0.000000 0.000000 0.000000
Y 2.687006 2.687006 0.000000
Q 0.000000 5.374012 0.000000
F 0.000000 2.687006 2.687006
W 2.687006 0.000000 2.687006
K 5.374012 0.000000 5.374012
N 5.374012 2.687006 2.687006
F 2.687006 2.687006 5.374012
Q 0.000000 5.374012 5.374012
T 2.687006 5.374012 2.687006
