-57.870000	268b407a0
10

Q 0.000000 0.000000 0.000000
Y 2.687006 2.687006 0.000000
Q 0.000000 2.687006 -2.687006
F 2.687006 0.000000 -2.687006
W 5.374012 2.687006 -2.687006
K 8.061017 2.687006 0.000000
N 5.374012 2.687006 2.687006
F 5.374012 0.000000 0.000000
Q 2.687006 -2.687006 0.000000
T 2.687006 0.000000 2.687006


-57.870000	2a81047a0
10

Q 0.000000 0.000000 0.000000
Y 2.687006 2.687006 0.000000
Q 0.000000 2.687006 -2.687006
F 2.687006 0.000000 -2.687006
W 5.374012 0.000000 0.000000
K 8.061017 2.687006 0.000000
N 5.374012 5.374012 0.000000
F 5.374012 2.687006 -2.687006
Q 2.687006 2.687006 -5.374012
T 2.687006 5.374012 -2.687006
