-26.250000	1378a92a0
10

Q 0.000000 0.000000 0.000000
Y 2.687006 2.687006 0.000000
Q 0.000000 2.687006 -2.687006
F 0.000000 5.374012 0.000000
W 0.000000 2.687006 2.687006
K -2.687006 2.687006 0.000000
N -2.687006 0.000000 -2.687006
F 0.000000 -2.687006 -2.687006
Q 0.000000 0.000000 -5.374012
T -2.687006 2.687006 -5.374012


-26.250000	3598a92a0
10

Q 0.000000 0.000000 0.000000
Y 2.687006 2.687006 0.000000
Q 0.000000 2.687006 -2.687006
F 0.000000 5.374012 0.000000
W 0.000000 2.687006 2.687006
K -2.687006 2.687006 0.000000
N -2.687006 0.000000 -2.687006
F -2.687006 -2.687006 0.000000
Q 0.000000 -2.687006 -2.687006
T 0.000000 0.000000 -5.374012


-26.250000	b189a70a0
10

Q 0.000000 0.000000 0.000000
Y 2.687006 2.687006 0.000000
Q 0.000000 2.687006 -2.687006
F 2.687006 5.374012 -2.687006
W 5.374012 2.687006 -2.687006
K 2.687006 2.687006 -5.374012
N 2.687006 0.000000 -2.687006
F 2.687006 -2.687006 -5.374012
Q 0.000000 0.000000 -5.374012
T -2.687006 0.000000 -2.687006


-26.250000	97389a2a0
10

Q 0.000000 0.000000 0.000000
Y 2.687006 2.687006 0.000000
Q 0.000000 2.687006 -2.687006
F 0.000000 5.374012 0.000000
W -2.687006 5.374012 -2.687006
K -2.687006 2.687006 0.000000
N -2.687006 0.000000 -2.687006
F -2.687006 2.687006 -5.374012
Q 0.000000 0.000000 -5.374012
T 0.000000 -2.687006 -2.687006


-26.250000	9738641a0
10

Q 0.000000 0.000000 0.000000
Y 2.687006 2.687006 0.000000
Q 0.000000 2.687006 -2.687006
F -2.687006 5.374012 -2.687006
W 0.000000 5.374012 0.000000
K -2.687006 2.687006 0.000000
N -2.687006 0.000000 -2.687006
F -2.687006 2.687006 -5.374012
Q 0.000000 0.000000 -5.374012
T 0.000000 -2.687006 -2.687006


-26.250000	9738461a0
10

Q 0.000000 0.000000 0.000000
Y 2.687006 2.687006 0.000000
Q 0.000000 2.687006 -2.687006
F -2.687006 5.374012 -2.687006
W -5.374012 2.687006 -2.687006
K -2.687006 2.687006 0.000000
N -2.687006 0.000000 -2.687006
F -2.687006 2.687006 -5.374012
Q 0.000000 0.000000 -5.374012
T 0.000000 -2.687006 -2.687006


-26.250000	9738a92a0
10

Q 0.000000 0.000000 0.000000
Y 2.687006 2.687006 0.000000
Q 0.000000 2.687006 -2.687006
F 0.000000 5.374012 0.000000
W 0.000000 2.687006 2.687006
K -2.687006 2.687006 0.000000
N -2.687006 0.000000 -2.687006
F -2.687006 2.687006 -5.374012
Q 0.000000 0.000000 -5.374012
T 0.000000 -2.687006 -2.687006


-26.250000	b958a92a0
10

Q 0.000000 0.000000 0.000000
Y 2.687006 2.687006 0.000000
Q 0.000000 2.687006 -2.687006
F 0.000000 5.374012 0.000000
W 0.000000 2.687006 2.687006
K -2.687006 2.687006 0.000000
N -2.687006 0.000000 -2.687006
F 0.000000 0.000000 -5.374012
Q 0.000000 -2.687006 -2.687006
T -2.687006 -2.687006 0.000000


-26.250000	85169b0a0
10

Q 0.000000 0.000000 0.000000
Y 2.687006 2.687006 0.000000
Q 0.000000 2.687006 -2.687006
F 2.687006 5.374012 -2.687006
W 0.000000 5.374012 0.000000
K 0.000000 2.687006 2.687006
N -2.687006 0.000000 2.687006
F -5.374012 2.687006 2.687006
Q -2.687006 2.687006 0.000000
T -2.687006 0.000000 -2.687006
