0 2.670164899569803
1 2.65825894744137
2 2.653286716145327
3 2.650002319320372
4 2.6112509939054873
5 2.5779415913228307
6 2.5512268078658833
7 2.531323569085204
8 2.5085020491532433
9 2.4838782977749547
10 2.466183023579603
11 2.4555714320692195
12 2.45089832856245
13 2.4494055424241594
14 2.4551143431021885
15 2.46437071466965
16 2.4683154785529573
17 2.479792362710964
18 2.495022611908714
19 2.506247191711369
20 2.5242642618820277
21 2.531722591657426
22 2.5273765941976154
23 2.5165616876922097
24 2.5134661724562894
25 2.5181193534381903
26 2.5205579585380966
27 2.5221467366868318
28 2.5209669973885664
29 2.5221988307664462
30 2.5309420877467614
31 2.530800999386541
32 2.51674602737614
33 2.4974369452387224
34 2.472699283398332
35 2.455089631425497
36 2.444767464987696
37 2.441828276285921
38 2.446299622439759
39 2.4441309458280176
40 2.4415349634845964
41 2.446436710947768
42 2.454475248643307
43 2.454928401490608
44 2.449777296185138
45 2.4519702137813058
46 2.4614868337891913
47 2.467696091143626
48 2.464121509837837
49 2.458173745320271
50 2.456181086757898
51 2.461419947022456
52 2.47384290394959
53 2.4933387909130182
54 2.51180665402892
55 2.5224001036234793
56 2.5284947725886338
57 2.535163476575034
58 2.5492176574389416
59 2.56627259118199
60 2.567516727850415
61 2.552823501671555
62 2.5396233820470457
63 2.533234096767808
64 2.533708999117248
65 2.5295984384263996
66 2.5320285771964746
67 2.538877755461365
68 2.537865828930464
69 2.5435786065613946
70 2.549794461014267
71 2.553565449146174
72 2.5642578047996003
73 2.572141325925008
74 2.56176465520938
75 2.536364081461201
76 2.5003078431662273
77 2.4683817803806587
78 2.444090411283633
79 2.427670453714094
80 2.4192872374703254
81 2.4123906202542824
82 2.401695098122879
83 2.3869467621497993
84 2.364171432022027
85 2.3495807034562795
86 2.334332273987731
87 2.3170249370832328
88 2.305387135475616
89 2.3025232201476364
90 2.29862181584258
91 2.297167868846654
92 2.304308665589274
93 2.3199628022179284
94 2.3349945592481687
95 2.3288248260292077
96 2.3306139204134118
97 2.34034301985305
98 2.3579107648283197
99 2.379919508622973
100 2.3975539074498373
101 2.3938918520834545
102 2.3972628274440275
103 2.40485335577326
104 2.4074633262764102
105 2.404587420349494
106 2.379091864778232
107 2.3609096827884883
108 2.342529776371893
109 2.3145367856330044
110 2.2943327833125196
111 2.271187682424984
112 2.24517509518903
113 2.2272010455166646
114 2.2174664575099405
115 2.2160828924543026
116 2.223066407974645
117 2.23787625565953
118 2.251661535906659
119 2.273266034394284
120 2.29115838619778
121 2.3041367203976386
122 2.307286779599452
123 2.309863042665098
124 2.3092319076276064
125 2.3140701250877043
126 2.322202792082458
127 2.321465552784727
128 2.317985571090522
129 2.315931658966608
130 2.3035491282812584
131 2.290661682699362
132 2.2702537789173243
133 2.2481646906467216
134 2.216012263678466
135 2.1919768976218474
136 2.176335077021584
137 2.1680641888484207
138 2.1656298945848214
139 2.1628293177968363
140 2.160137105181526
141 2.1658587151886937
142 2.1799261203947746
143 2.2021751423523153
144 2.2323546964921928
145 2.2701394755001476
146 2.3067128072324503
147 2.323789894213605
148 2.3283179436813124
149 2.3415319968169905
150 2.3223177811746494
151 2.3029572341167013
152 2.292358083803662
153 2.2906450086385126
154 2.284830728498847
155 2.2842881290592865
156 2.2821119820508855
157 2.2723173971188255
158 2.270991534552239
159 2.27814968664266
160 2.29232509435324
161 2.2662889572974034
162 2.243532216044862
163 2.2199115675526904
164 2.192000671227914
165 2.161951190818198
166 2.134239883973465
167 2.107123209692891
168 2.0848377073517588
169 2.071602859415598
170 2.067596531457558
171 2.0728734602106926
172 2.0873616883715966
173 2.1108671517067177
174 2.1297214836982614
175 2.138316633616565
176 2.1375658853856585
177 2.14515775215633
178 2.1582706338178292
179 2.169725736204844
180 2.17658170259308
181 2.178795784865355
182 2.1812454346995804
183 2.1922517592236512
184 2.1936187308483195
185 2.2041666540311633
186 2.223761900485094
187 2.2521623923915786
188 2.268354100611119
189 2.2778436158175004
190 2.295698777564771
191 2.2996463068999144
192 2.293955540248935
193 2.294784351614448
194 2.282385531470776
195 2.2783036407766293
196 2.2825843539281787
197 2.2951797105489984
198 2.3159502065482647
199 2.339466400831609
200 2.3454177583259797
201 2.347944822561691
202 2.3362806903328095
203 2.3214577205023645
204 2.315151306878644
205 2.3174329716279978
206 2.328276824019219
207 2.3475607832207284
208 2.342488727018526
209 2.312364847022076
210 2.2825148441401986
211 2.2610299090314046
212 2.2467735628626566
213 2.237337202039106
214 2.2256497093609107
215 2.2120265608544134
216 2.207026734202816
217 2.210710370691213
218 2.2230330146167
219 2.2438489204149894
220 2.272918377309521
221 2.309921105995326
222 2.3419767750916725
223 2.3710296997732403
224 2.400137103540333
225 2.437127252126383
226 2.4761365353231133
227 2.4917733663088226
228 2.5066021183379132
229 2.5148668946465214
230 2.5151683957794435
231 2.49253480827008
232 2.459081098891076
233 2.410519561099208
234 2.369474268110455
235 2.336354284842462
236 2.295921156979117
237 2.2613737677340393
238 2.217703000387052
239 2.1645335834109054
240 2.118978203457527
241 2.081551038293211
242 2.052708457096109
243 2.032824843250641
244 2.0221705819837528
245 2.0208949407978287
246 2.0290159625570805
247 2.0464193492266034
248 2.0728661399976334
249 2.108008071164205
250 2.13518852566922
251 2.169661087790955
252 2.2124223827945646
253 2.2629900530097764
254 2.2797246809880303
255 2.2938159673583485
256 2.315908016557183
257 2.3457682414716023
258 2.383095719817524
259 2.4275349472834096
260 2.466439109684491
261 2.476088158301788
262 2.4741212006293205
263 2.479155501285654
264 2.4911469845276866
265 2.509992351231025
266 2.529861094820558
267 2.540844947574635
268 2.53526963670782
269 2.5343605323577982
270 2.5306301463300556
271 2.5174446135071666
272 2.510145503939862
273 2.509616581822436
274 2.513009136693094
275 2.514020333082218
276 2.513638706292027
277 2.512309785617897
278 2.5178407442940824
279 2.530184925944782
280 2.5346078013974593
281 2.5390021087201937
282 2.5465154330471393
283 2.540938234234796
284 2.5423409549709546
285 2.535617181587859
286 2.529829984183128
287 2.5197015754971956
288 2.516624914080602
289 2.520626669820928
290 2.5258263135331975
291 2.537830677264298
292 2.5517397540991666
293 2.5429335074396326
294 2.532705656408708
295 2.529841061675914
296 2.534380750408956
297 2.545460859217327
298 2.5571827357744317
299 2.574198160635061
300 2.5832454781091996
301 2.5735754544738483
302 2.563518883642655
303 2.5609049975506077
304 2.559185741930361
305 2.561465389740819
306 2.564345139105635
307 2.5607725848548464
308 2.5468465145350407
309 2.5401987277652402
310 2.538662880828836
311 2.514853036939277
312 2.4969287170883976
313 2.4865886452191033
314 2.4787842295133347
315 2.4709879534491352
316 2.470958226366982
317 2.478695250566477
318 2.4794548225041724
319 2.467044340245777
320 2.4622964769601485
321 2.456432396717392
322 2.449701686086115
323 2.4507155173250545
324 2.4550428326352876
325 2.46265949084117
326 2.477851040310109
327 2.5004748271222454
328 2.5303246999644355
329 2.5571337939536747
330 2.563385546868061
331 2.5627417399082284
332 2.5689784714341934
333 2.582044023905721
334 2.6018315270796326
335 2.6179905056504116
336 2.633402253759053
337 2.6532344044605947
338 2.6655332691406626
339 2.661406097355456
340 2.6479440739783415
341 2.6384038340324407
342 2.6197716592741793
343 2.607486655585403
344 2.6016426535284753
345 2.598764361979679
346 2.598365356663635
347 2.6046879227879356
348 2.6176813958939387
349 2.6272727538478873
350 2.624486133093481
351 2.627389322230903
352 2.6371778289376357
353 2.653772559849245
354 2.676581715474177
355 2.682759778283751
356 2.6907460478795975
357 2.6859970591747593
358 2.680831227060042
359 2.67389311766834
