-26.210000	1466a52a0
10

Q 0.000000 0.000000 0.000000
Y 2.687006 2.687006 0.000000
Q 0.000000 2.687006 -2.687006
F 0.000000 5.374012 0.000000
W 2.687006 5.374012 -2.687006
K 0.000000 5.374012 -5.374012
N -2.687006 2.687006 -5.374012
F -5.374012 0.000000 -5.374012
Q -2.687006 0.000000 -2.687006
T -5.374012 2.687006 -2.687006


-26.210000	3676120a0
10

Q 0.000000 0.000000 0.000000
Y 2.687006 2.687006 0.000000
Q 0.000000 2.687006 -2.687006
F 2.687006 5.374012 -2.687006
W 2.687006 8.061017 0.000000
K 0.000000 10.748023 0.000000
N -2.687006 8.061017 0.000000
F 0.000000 5.374012 0.000000
Q -2.687006 2.687006 0.000000
T -2.687006 5.374012 -2.687006


-26.210000	5647832a0
10

Q 0.000000 0.000000 0.000000
Y 2.687006 2.687006 0.000000
Q 0.000000 2.687006 -2.687006
F 0.000000 5.374012 0.000000
W 0.000000 8.061017 -2.687006
K 0.000000 5.374012 -5.374012
N 2.687006 2.687006 -5.374012
F 5.374012 2.687006 -2.687006
Q 2.687006 0.000000 -2.687006
T 5.374012 0.000000 -5.374012


-26.210000	9a76120a0
10

Q 0.000000 0.000000 0.000000
Y 2.687006 2.687006 0.000000
Q 0.000000 2.687006 -2.687006
F 2.687006 5.374012 -2.687006
W 2.687006 8.061017 0.000000
K 0.000000 10.748023 0.000000
N -2.687006 8.061017 0.000000
F 0.000000 5.374012 0.000000
Q -2.687006 5.374012 -2.687006
T -2.687006 2.687006 0.000000


-26.210000	a7b6a52a0
10

Q 0.000000 0.000000 0.000000
Y 2.687006 2.687006 0.000000
Q 0.000000 2.687006 -2.687006
F 0.000000 5.374012 0.000000
W 2.687006 5.374012 -2.687006
K 0.000000 5.374012 -5.374012
N -2.687006 2.687006 -5.374012
F -5.374012 2.687006 -2.687006
Q -2.687006 0.000000 -2.687006
T -5.374012 0.000000 -5.374012


-26.210000	7b0466800
10

Q 0.000000 0.000000 0.000000
Y 2.687006 2.687006 0.000000
Q 5.374012 5.374012 0.000000
F 5.374012 2.687006 -2.687006
W 2.687006 0.000000 -2.687006
K 0.000000 -2.687006 -2.687006
N 2.687006 -2.687006 0.000000
F 5.374012 0.000000 0.000000
Q 2.687006 0.000000 2.687006
T 5.374012 -2.687006 2.687006


-26.210000	7a0566900
10

Q 0.000000 0.000000 0.000000
Y 2.687006 2.687006 0.000000
Q 5.374012 5.374012 0.000000
F 5.374012 2.687006 2.687006
W 2.687006 0.000000 2.687006
K 0.000000 -2.687006 2.687006
N 2.687006 -2.687006 0.000000
F 5.374012 0.000000 0.000000
Q 2.687006 0.000000 -2.687006
T 5.374012 -2.687006 -2.687006


-26.210000	190266a00
10

Q 0.000000 0.000000 0.000000
Y 2.687006 2.687006 0.000000
Q 5.374012 5.374012 0.000000
F 2.687006 5.374012 -2.687006
W 0.000000 2.687006 -2.687006
K -2.687006 0.000000 -2.687006
N -2.687006 2.687006 0.000000
F 0.000000 5.374012 0.000000
Q 0.000000 2.687006 2.687006
T -2.687006 5.374012 2.687006


-26.210000	180366b00
10

Q 0.000000 0.000000 0.000000
Y 2.687006 2.687006 0.000000
Q 5.374012 5.374012 0.000000
F 2.687006 5.374012 2.687006
W 0.000000 2.687006 2.687006
K -2.687006 0.000000 2.687006
N -2.687006 2.687006 0.000000
F 0.000000 5.374012 0.000000
Q 0.000000 2.687006 -2.687006
T -2.687006 5.374012 -2.687006


-26.210000	180366140
10

Q 0.000000 0.000000 0.000000
Y 2.687006 2.687006 0.000000
Q 5.374012 2.687006 2.687006
F 2.687006 5.374012 2.687006
W 0.000000 2.687006 2.687006
K -2.687006 0.000000 2.687006
N -2.687006 2.687006 0.000000
F 0.000000 5.374012 0.000000
Q 0.000000 2.687006 -2.687006
T -2.687006 5.374012 -2.687006


-26.210000	790266a00
10

Q 0.000000 0.000000 0.000000
Y 2.687006 2.687006 0.000000
Q 5.374012 5.374012 0.000000
F 2.687006 5.374012 -2.687006
W 0.000000 2.687006 -2.687006
K -2.687006 0.000000 -2.687006
N -2.687006 2.687006 0.000000
F 0.000000 5.374012 0.000000
Q 0.000000 2.687006 2.687006
T 2.687006 0.000000 2.687006


-26.210000	780366b00
10

Q 0.000000 0.000000 0.000000
Y 2.687006 2.687006 0.000000
Q 5.374012 5.374012 0.000000
F 2.687006 5.374012 2.687006
W 0.000000 2.687006 2.687006
K -2.687006 0.000000 2.687006
N -2.687006 2.687006 0.000000
F 0.000000 5.374012 0.000000
Q 0.000000 2.687006 -2.687006
T 2.687006 0.000000 -2.687006


-26.210000	780366140
10

Q 0.000000 0.000000 0.000000
Y 2.687006 2.687006 0.000000
Q 5.374012 2.687006 2.687006
F 2.687006 5.374012 2.687006
W 0.000000 2.687006 2.687006
K -2.687006 0.000000 2.687006
N -2.687006 2.687006 0.000000
F 0.000000 5.374012 0.000000
Q 0.000000 2.687006 -2.687006
T 2.687006 0.000000 -2.687006


-26.210000	1b0466800
10

Q 0.000000 0.000000 0.000000
Y 2.687006 2.687006 0.000000
Q 5.374012 5.374012 0.000000
F 5.374012 2.687006 -2.687006
W 2.687006 0.000000 -2.687006
K 0.000000 -2.687006 -2.687006
N 2.687006 -2.687006 0.000000
F 5.374012 0.000000 0.000000
Q 2.687006 0.000000 2.687006
T 0.000000 2.687006 2.687006


-26.210000	1a0566900
10

Q 0.000000 0.000000 0.000000
Y 2.687006 2.687006 0.000000
Q 5.374012 5.374012 0.000000
F 5.374012 2.687006 2.687006
W 2.687006 0.000000 2.687006
K 0.000000 -2.687006 2.687006
N 2.687006 -2.687006 0.000000
F 5.374012 0.000000 0.000000
Q 2.687006 0.000000 -2.687006
T 0.000000 2.687006 -2.687006


-26.210000	b7a3692a0
10

Q 0.000000 0.000000 0.000000
Y 2.687006 2.687006 0.000000
Q 0.000000 2.687006 -2.687006
F 0.000000 5.374012 0.000000
W 0.000000 2.687006 2.687006
K -2.687006 0.000000 2.687006
N -2.687006 2.687006 0.000000
F -5.374012 2.687006 -2.687006
Q -2.687006 0.000000 -2.687006
T -5.374012 0.000000 0.000000
