-59.450000	0b6840910
10

Q 0.000000 0.000000 0.000000
Y 2.687006 2.687006 0.000000
Q 0.000000 5.374012 0.000000
F 0.000000 2.687006 2.687006
W 2.687006 5.374012 2.687006
K 5.374012 5.374012 5.374012
N 5.374012 2.687006 2.687006
F 2.687006 0.000000 2.687006
Q 0.000000 0.000000 5.374012
T 2.687006 2.687006 5.374012


-59.450000	0a6950810
10

Q 0.000000 0.000000 0.000000
Y 2.687006 2.687006 0.000000
Q 0.000000 5.374012 0.000000
F 0.000000 2.687006 -2.687006
W 2.687006 5.374012 -2.687006
K 5.374012 5.374012 -5.374012
N 5.374012 2.687006 -2.687006
F 2.687006 0.000000 -2.687006
Q 0.000000 0.000000 -5.374012
T 2.687006 2.687006 -5.374012


-59.450000	7b1347910
10

Q 0.000000 0.000000 0.000000
Y 2.687006 2.687006 0.000000
Q 0.000000 5.374012 0.000000
F 0.000000 2.687006 2.687006
W 2.687006 0.000000 2.687006
K 5.374012 0.000000 5.374012
N 5.374012 2.687006 2.687006
F 2.687006 5.374012 2.687006
Q 0.000000 5.374012 5.374012
T 2.687006 2.687006 5.374012


-59.450000	7a1257810
10

Q 0.000000 0.000000 0.000000
Y 2.687006 2.687006 0.000000
Q 0.000000 5.374012 0.000000
F 0.000000 2.687006 -2.687006
W 2.687006 0.000000 -2.687006
K 5.374012 0.000000 -5.374012
N 5.374012 2.687006 -2.687006
F 2.687006 5.374012 -2.687006
Q 0.000000 5.374012 -5.374012
T 2.687006 2.687006 -5.374012


-59.450000	899a32640
10

Q 0.000000 0.000000 0.000000
Y 2.687006 2.687006 0.000000
Q 5.374012 2.687006 2.687006
F 2.687006 0.000000 2.687006
W 2.687006 2.687006 5.374012
K 2.687006 5.374012 2.687006
N 0.000000 5.374012 0.000000
F 0.000000 2.687006 2.687006
Q 0.000000 0.000000 5.374012
T 0.000000 -2.687006 2.687006


-59.450000	a99a32640
10

Q 0.000000 0.000000 0.000000
Y 2.687006 2.687006 0.000000
Q 5.374012 2.687006 2.687006
F 2.687006 0.000000 2.687006
W 2.687006 2.687006 5.374012
K 2.687006 5.374012 2.687006
N 0.000000 5.374012 0.000000
F 0.000000 2.687006 2.687006
Q 0.000000 0.000000 5.374012
T -2.687006 0.000000 2.687006


-59.450000	099038640
10

Q 0.000000 0.000000 0.000000
Y 2.687006 2.687006 0.000000
Q 5.374012 2.687006 2.687006
F 2.687006 0.000000 2.687006
W 2.687006 -2.687006 0.000000
K 2.687006 0.000000 -2.687006
N 5.374012 2.687006 -2.687006
F 5.374012 0.000000 0.000000
Q 5.374012 -2.687006 2.687006
T 8.061017 0.000000 2.687006


-59.450000	299038640
10

Q 0.000000 0.000000 0.000000
Y 2.687006 2.687006 0.000000
Q 5.374012 2.687006 2.687006
F 2.687006 0.000000 2.687006
W 2.687006 -2.687006 0.000000
K 2.687006 0.000000 -2.687006
N 5.374012 2.687006 -2.687006
F 5.374012 0.000000 0.000000
Q 5.374012 -2.687006 2.687006
T 5.374012 0.000000 5.374012
