1912, 1913, 1929, 2185, 2169, 2170, 2186, 2442, 2426, 2427, 2171, 2172, 2428, 2412, 2156, 2155, 1899, 1915, 1659, 1403
1928, 1912, 1913, 1929, 2185, 2169, 2170, 2186, 2442, 2426, 2410, 2394, 2650, 2666, 2665, 2664, 2408, 2152, 1896, 1895
1657, 1656, 1912, 1913, 1929, 1928, 2184, 2185, 2201, 2200, 2199, 2198, 2214, 2215, 1959, 1703, 1687, 1671, 1415, 1399
1656, 1672, 1928, 1912, 1913, 1929, 2185, 2169, 2170, 2186, 2202, 2218, 2219, 2203, 1947, 1691, 1690, 1689, 1433, 1432
1640, 1641, 1657, 1656, 1912, 1913, 1929, 1928, 2184, 2185, 2186, 2187, 2443, 2442, 2426, 2410, 2154, 1898, 1882, 1626
1399, 1655, 1656, 1672, 1928, 1912, 1913, 1929, 2185, 2169, 2153, 2409, 2425, 2424, 2408, 2407, 2151, 1895, 1639, 1623
1415, 1671, 1655, 1656, 1672, 1928, 1912, 1913, 1929, 2185, 2184, 2440, 2441, 2457, 2456, 2200, 2199, 2198, 1942, 1941
1369, 1385, 1384, 1640, 1641, 1657, 1656, 1912, 1913, 1929, 1673, 1689, 1945, 1946, 1690, 1674, 1418, 1417, 1161, 905
1432, 1688, 1687, 1431, 1415, 1671, 1927, 1911, 1912, 1913, 1929, 1930, 1914, 1658, 1674, 1418, 1434, 1433, 1449, 1465
2410, 2154, 2138, 2394, 2393, 2137, 1881, 1880, 1896, 1912, 1913, 1929, 1928, 2184, 2185, 2441, 2442, 2426, 2427, 2428
2407, 2151, 2150, 2406, 2422, 2166, 1910, 1926, 1927, 1928, 1912, 1913, 1929, 2185, 2169, 2425, 2409, 2408, 2392, 2376
1463, 1719, 1703, 1447, 1448, 1432, 1416, 1417, 1673, 1672, 1928, 1912, 1913, 1929, 2185, 2201, 2200, 2199, 2215, 2214
907, 1163, 1162, 1146, 1402, 1418, 1417, 1401, 1657, 1656, 1672, 1928, 1912, 1913, 1929, 1930, 1946, 1690, 1691, 1707
2969, 2713, 2697, 2696, 2440, 2441, 2425, 2424, 2168, 2152, 2153, 1897, 1896, 1912, 1913, 1929, 1930, 2186, 2202, 2203
890, 1146, 1145, 1129, 1385, 1401, 1400, 1384, 1640, 1639, 1655, 1911, 1895, 1896, 1912, 1913, 1929, 1673, 1674, 1690
1720, 1704, 1960, 1959, 1943, 1944, 2200, 2199, 2183, 2439, 2440, 2424, 2423, 2167, 2168, 1912, 1913, 1929, 1673, 1674
2188, 2187, 2171, 2427, 2426, 2170, 2154, 2410, 2409, 2393, 2137, 2136, 2392, 2408, 2152, 2168, 1912, 1913, 1929, 1673
1129, 1385, 1384, 1368, 1624, 1640, 1639, 1623, 1879, 1878, 1894, 2150, 2134, 2135, 2151, 2152, 2168, 1912, 1913, 1929
