-16.953467	796581100
10

Y 0.000000 0.000000 0.000000
Y 2.687006 2.687006 0.000000
D 5.374012 5.374012 0.000000
P 2.687006 8.061017 0.000000
E 0.000000 10.748023 0.000000
T 0.000000 8.061017 -2.687006
G 2.687006 8.061017 -5.374012
T 0.000000 5.374012 -5.374012
W 0.000000 2.687006 -2.687006
Y 2.687006 0.000000 -2.687006


-16.953467	796563100
10

Y 0.000000 0.000000 0.000000
Y 2.687006 2.687006 0.000000
D 5.374012 5.374012 0.000000
P 2.687006 8.061017 0.000000
E 2.687006 10.748023 -2.687006
T 0.000000 8.061017 -2.687006
G 2.687006 8.061017 -5.374012
T 0.000000 5.374012 -5.374012
W 0.000000 2.687006 -2.687006
Y 2.687006 0.000000 -2.687006


-16.953467	7956b3a00
10

Y 0.000000 0.000000 0.000000
Y 2.687006 2.687006 0.000000
D 5.374012 5.374012 0.000000
P 2.687006 5.374012 -2.687006
E 2.687006 8.061017 -5.374012
T 0.000000 8.061017 -2.687006
G -2.687006 5.374012 -2.687006
T 0.000000 5.374012 -5.374012
W 0.000000 2.687006 -2.687006
Y 2.687006 0.000000 -2.687006


-16.953467	786491100
10

Y 0.000000 0.000000 0.000000
Y 2.687006 2.687006 0.000000
D 5.374012 5.374012 0.000000
P 2.687006 8.061017 0.000000
E 0.000000 10.748023 0.000000
T 0.000000 8.061017 2.687006
G 2.687006 8.061017 5.374012
T 0.000000 5.374012 5.374012
W 0.000000 2.687006 2.687006
Y 2.687006 0.000000 2.687006


-16.953467	786462100
10

Y 0.000000 0.000000 0.000000
Y 2.687006 2.687006 0.000000
D 5.374012 5.374012 0.000000
P 2.687006 8.061017 0.000000
E 2.687006 10.748023 2.687006
T 0.000000 8.061017 2.687006
G 2.687006 8.061017 5.374012
T 0.000000 5.374012 5.374012
W 0.000000 2.687006 2.687006
Y 2.687006 0.000000 2.687006


-16.953467	7846a2b00
10

Y 0.000000 0.000000 0.000000
Y 2.687006 2.687006 0.000000
D 5.374012 5.374012 0.000000
P 2.687006 5.374012 2.687006
E 2.687006 8.061017 5.374012
T 0.000000 8.061017 2.687006
G -2.687006 5.374012 2.687006
T 0.000000 5.374012 5.374012
W 0.000000 2.687006 2.687006
Y 2.687006 0.000000 2.687006


-16.953467	779a91100
10

Y 0.000000 0.000000 0.000000
Y 2.687006 2.687006 0.000000
D 5.374012 5.374012 0.000000
P 2.687006 8.061017 0.000000
E 0.000000 10.748023 0.000000
T 0.000000 8.061017 2.687006
G -2.687006 8.061017 0.000000
T -2.687006 5.374012 2.687006
W 0.000000 2.687006 2.687006
Y 2.687006 0.000000 2.687006


-16.953467	779a62100
10

Y 0.000000 0.000000 0.000000
Y 2.687006 2.687006 0.000000
D 5.374012 5.374012 0.000000
P 2.687006 8.061017 0.000000
E 2.687006 10.748023 2.687006
T 0.000000 8.061017 2.687006
G -2.687006 8.061017 0.000000
T -2.687006 5.374012 2.687006
W 0.000000 2.687006 2.687006
Y 2.687006 0.000000 2.687006


-16.953467	778b81100
10

Y 0.000000 0.000000 0.000000
Y 2.687006 2.687006 0.000000
D 5.374012 5.374012 0.000000
P 2.687006 8.061017 0.000000
E 0.000000 10.748023 0.000000
T 0.000000 8.061017 -2.687006
G -2.687006 8.061017 0.000000
T -2.687006 5.374012 -2.687006
W 0.000000 2.687006 -2.687006
Y 2.687006 0.000000 -2.687006


-16.953467	778b63100
10

Y 0.000000 0.000000 0.000000
Y 2.687006 2.687006 0.000000
D 5.374012 5.374012 0.000000
P 2.687006 8.061017 0.000000
E 2.687006 10.748023 -2.687006
T 0.000000 8.061017 -2.687006
G -2.687006 8.061017 0.000000
T -2.687006 5.374012 -2.687006
W 0.000000 2.687006 -2.687006
Y 2.687006 0.000000 -2.687006


-16.953467	11b8b7700
10

Y 0.000000 0.000000 0.000000
Y 2.687006 2.687006 0.000000
D 5.374012 5.374012 0.000000
P 8.061017 2.687006 0.000000
E 10.748023 0.000000 0.000000
T 8.061017 0.000000 2.687006
G 8.061017 -2.687006 0.000000
T 5.374012 -2.687006 2.687006
W 2.687006 0.000000 2.687006
Y 0.000000 2.687006 2.687006


-16.953467	11b864700
10

Y 0.000000 0.000000 0.000000
Y 2.687006 2.687006 0.000000
D 5.374012 5.374012 0.000000
P 8.061017 2.687006 0.000000
E 10.748023 2.687006 2.687006
T 8.061017 0.000000 2.687006
G 8.061017 -2.687006 0.000000
T 5.374012 -2.687006 2.687006
W 2.687006 0.000000 2.687006
Y 0.000000 2.687006 2.687006


-16.953467	11a9a7700
10

Y 0.000000 0.000000 0.000000
Y 2.687006 2.687006 0.000000
D 5.374012 5.374012 0.000000
P 8.061017 2.687006 0.000000
E 10.748023 0.000000 0.000000
T 8.061017 0.000000 -2.687006
G 8.061017 -2.687006 0.000000
T 5.374012 -2.687006 -2.687006
W 2.687006 0.000000 -2.687006
Y 0.000000 2.687006 -2.687006


-16.953467	11a9a7540
10

Y 0.000000 0.000000 0.000000
Y 2.687006 2.687006 0.000000
D 5.374012 2.687006 2.687006
P 8.061017 2.687006 0.000000
E 10.748023 0.000000 0.000000
T 8.061017 0.000000 -2.687006
G 8.061017 -2.687006 0.000000
T 5.374012 -2.687006 -2.687006
W 2.687006 0.000000 -2.687006
Y 0.000000 2.687006 -2.687006


-16.953467	11a965700
10

Y 0.000000 0.000000 0.000000
Y 2.687006 2.687006 0.000000
D 5.374012 5.374012 0.000000
P 8.061017 2.687006 0.000000
E 10.748023 2.687006 -2.687006
T 8.061017 0.000000 -2.687006
G 8.061017 -2.687006 0.000000
T 5.374012 -2.687006 -2.687006
W 2.687006 0.000000 -2.687006
Y 0.000000 2.687006 -2.687006


-16.953467	11a965540
10

Y 0.000000 0.000000 0.000000
Y 2.687006 2.687006 0.000000
D 5.374012 2.687006 2.687006
P 8.061017 2.687006 0.000000
E 10.748023 2.687006 -2.687006
T 8.061017 0.000000 -2.687006
G 8.061017 -2.687006 0.000000
T 5.374012 -2.687006 -2.687006
W 2.687006 0.000000 -2.687006
Y 0.000000 2.687006 -2.687006


-16.953467	119a37840
10

Y 0.000000 0.000000 0.000000
Y 2.687006 2.687006 0.000000
D 5.374012 2.687006 2.687006
P 5.374012 0.000000 0.000000
E 8.061017 -2.687006 0.000000
T 8.061017 0.000000 -2.687006
G 5.374012 0.000000 -5.374012
T 5.374012 -2.687006 -2.687006
W 2.687006 0.000000 -2.687006
Y 0.000000 2.687006 -2.687006


-16.953467	1b3695800
10

Y 0.000000 0.000000 0.000000
Y 2.687006 2.687006 0.000000
D 5.374012 5.374012 0.000000
P 5.374012 2.687006 -2.687006
E 8.061017 2.687006 -5.374012
T 8.061017 0.000000 -2.687006
G 5.374012 -2.687006 -2.687006
T 5.374012 0.000000 -5.374012
W 2.687006 0.000000 -2.687006
Y 0.000000 2.687006 -2.687006


-16.953467	1b6365700
10

Y 0.000000 0.000000 0.000000
Y 2.687006 2.687006 0.000000
D 5.374012 5.374012 0.000000
P 8.061017 2.687006 0.000000
E 10.748023 2.687006 -2.687006
T 8.061017 0.000000 -2.687006
G 8.061017 2.687006 -5.374012
T 5.374012 0.000000 -5.374012
W 2.687006 0.000000 -2.687006
Y 0.000000 2.687006 -2.687006


-16.953467	1b6365540
10

Y 0.000000 0.000000 0.000000
Y 2.687006 2.687006 0.000000
D 5.374012 2.687006 2.687006
P 8.061017 2.687006 0.000000
E 10.748023 2.687006 -2.687006
T 8.061017 0.000000 -2.687006
G 8.061017 2.687006 -5.374012
T 5.374012 0.000000 -5.374012
W 2.687006 0.000000 -2.687006
Y 0.000000 2.687006 -2.687006


-16.953467	1b63a7700
10

Y 0.000000 0.000000 0.000000
Y 2.687006 2.687006 0.000000
D 5.374012 5.374012 0.000000
P 8.061017 2.687006 0.000000
E 10.748023 0.000000 0.000000
T 8.061017 0.000000 -2.687006
G 8.061017 2.687006 -5.374012
T 5.374012 0.000000 -5.374012
W 2.687006 0.000000 -2.687006
Y 0.000000 2.687006 -2.687006


-16.953467	1b63a7540
10

Y 0.000000 0.000000 0.000000
Y 2.687006 2.687006 0.000000
D 5.374012 2.687006 2.687006
P 8.061017 2.687006 0.000000
E 10.748023 0.000000 0.000000
T 8.061017 0.000000 -2.687006
G 8.061017 2.687006 -5.374012
T 5.374012 0.000000 -5.374012
W 2.687006 0.000000 -2.687006
Y 0.000000 2.687006 -2.687006


-16.953467	1a2684900
10

Y 0.000000 0.000000 0.000000
Y 2.687006 2.687006 0.000000
D 5.374012 5.374012 0.000000
P 5.374012 2.687006 2.687006
E 8.061017 2.687006 5.374012
T 8.061017 0.000000 2.687006
G 5.374012 -2.687006 2.687006
T 5.374012 0.000000 5.374012
W 2.687006 0.000000 2.687006
Y 0.000000 2.687006 2.687006


-16.953467	1a6264700
10

Y 0.000000 0.000000 0.000000
Y 2.687006 2.687006 0.000000
D 5.374012 5.374012 0.000000
P 8.061017 2.687006 0.000000
E 10.748023 2.687006 2.687006
T 8.061017 0.000000 2.687006
G 8.061017 2.687006 5.374012
T 5.374012 0.000000 5.374012
W 2.687006 0.000000 2.687006
Y 0.000000 2.687006 2.687006


-16.953467	1a62b7700
10

Y 0.000000 0.000000 0.000000
Y 2.687006 2.687006 0.000000
D 5.374012 5.374012 0.000000
P 8.061017 2.687006 0.000000
E 10.748023 0.000000 0.000000
T 8.061017 0.000000 2.687006
G 8.061017 2.687006 5.374012
T 5.374012 0.000000 5.374012
W 2.687006 0.000000 2.687006
Y 0.000000 2.687006 2.687006
