-57.320000	59ba73840
10

Q 0.000000 0.000000 0.000000
Y 2.687006 2.687006 0.000000
Q 5.374012 2.687006 2.687006
F 5.374012 0.000000 0.000000
W 5.374012 2.687006 -2.687006
K 8.061017 0.000000 -2.687006
N 5.374012 0.000000 -5.374012
F 2.687006 0.000000 -2.687006
Q 2.687006 -2.687006 0.000000
T 5.374012 -2.687006 -2.687006


-57.320000	b8a0b9840
10

Q 0.000000 0.000000 0.000000
Y 2.687006 2.687006 0.000000
Q 5.374012 2.687006 2.687006
F 5.374012 0.000000 0.000000
W 5.374012 -2.687006 2.687006
K 2.687006 -2.687006 5.374012
N 5.374012 0.000000 5.374012
F 2.687006 0.000000 2.687006
Q 2.687006 -2.687006 0.000000
T 0.000000 -2.687006 2.687006


-57.320000	14762a140
10

Q 0.000000 0.000000 0.000000
Y 2.687006 2.687006 0.000000
Q 5.374012 2.687006 2.687006
F 2.687006 5.374012 2.687006
W 0.000000 5.374012 0.000000
K 0.000000 8.061017 2.687006
N -2.687006 5.374012 2.687006
F 0.000000 2.687006 2.687006
Q 2.687006 2.687006 5.374012
T 0.000000 5.374012 5.374012


-57.320000	b862707a0
10

Q 0.000000 0.000000 0.000000
Y 2.687006 2.687006 0.000000
Q 0.000000 2.687006 -2.687006
F 2.687006 0.000000 -2.687006
W 5.374012 2.687006 -2.687006
K 8.061017 0.000000 -2.687006
N 8.061017 2.687006 0.000000
F 5.374012 0.000000 0.000000
Q 5.374012 -2.687006 -2.687006
T 2.687006 -2.687006 0.000000


-57.320000	18a2547a0
10

Q 0.000000 0.000000 0.000000
Y 2.687006 2.687006 0.000000
Q 0.000000 2.687006 -2.687006
F 2.687006 0.000000 -2.687006
W 5.374012 0.000000 0.000000
K 8.061017 0.000000 -2.687006
N 8.061017 2.687006 0.000000
F 5.374012 2.687006 -2.687006
Q 5.374012 0.000000 -5.374012
T 2.687006 2.687006 -5.374012


-57.320000	150197910
10

Q 0.000000 0.000000 0.000000
Y 2.687006 2.687006 0.000000
Q 0.000000 5.374012 0.000000
F 0.000000 2.687006 2.687006
W 2.687006 0.000000 2.687006
K 2.687006 -2.687006 5.374012
N 0.000000 0.000000 5.374012
F 2.687006 2.687006 5.374012
Q 5.374012 2.687006 2.687006
T 2.687006 5.374012 2.687006


-57.320000	140187810
10

Q 0.000000 0.000000 0.000000
Y 2.687006 2.687006 0.000000
Q 0.000000 5.374012 0.000000
F 0.000000 2.687006 -2.687006
W 2.687006 0.000000 -2.687006
K 2.687006 -2.687006 -5.374012
N 0.000000 0.000000 -5.374012
F 2.687006 2.687006 -5.374012
Q 5.374012 2.687006 -2.687006
T 2.687006 5.374012 -2.687006


-57.320000	657620910
10

Q 0.000000 0.000000 0.000000
Y 2.687006 2.687006 0.000000
Q 0.000000 5.374012 0.000000
F 0.000000 2.687006 2.687006
W 2.687006 5.374012 2.687006
K 2.687006 8.061017 5.374012
N 0.000000 5.374012 5.374012
F 2.687006 2.687006 5.374012
Q 5.374012 2.687006 2.687006
T 2.687006 0.000000 2.687006


-57.320000	433198b40
10

Q 0.000000 0.000000 0.000000
Y 2.687006 2.687006 0.000000
Q 5.374012 2.687006 2.687006
F 2.687006 2.687006 5.374012
W 2.687006 0.000000 2.687006
K 2.687006 -2.687006 5.374012
N 0.000000 0.000000 5.374012
F 0.000000 2.687006 2.687006
Q 0.000000 5.374012 0.000000
T 2.687006 5.374012 2.687006


-57.320000	647630810
10

Q 0.000000 0.000000 0.000000
Y 2.687006 2.687006 0.000000
Q 0.000000 5.374012 0.000000
F 0.000000 2.687006 -2.687006
W 2.687006 5.374012 -2.687006
K 2.687006 8.061017 -5.374012
N 0.000000 5.374012 -5.374012
F 2.687006 2.687006 -5.374012
Q 5.374012 2.687006 -2.687006
T 2.687006 0.000000 -2.687006
