-26.200000	6b0168740
10

Q 0.000000 0.000000 0.000000
Y 2.687006 2.687006 0.000000
Q 5.374012 2.687006 2.687006
F 8.061017 0.000000 2.687006
W 8.061017 -2.687006 0.000000
K 5.374012 -5.374012 0.000000
N 2.687006 -2.687006 0.000000
F 5.374012 0.000000 0.000000
Q 2.687006 0.000000 2.687006
T 0.000000 -2.687006 2.687006


-26.200000	6805612a0
10

Q 0.000000 0.000000 0.000000
Y 2.687006 2.687006 0.000000
Q 0.000000 2.687006 -2.687006
F 0.000000 5.374012 0.000000
W -2.687006 8.061017 0.000000
K -5.374012 5.374012 0.000000
N -2.687006 5.374012 -2.687006
F 0.000000 8.061017 -2.687006
Q 0.000000 5.374012 -5.374012
T -2.687006 2.687006 -5.374012


-26.200000	6807a12a0
10

Q 0.000000 0.000000 0.000000
Y 2.687006 2.687006 0.000000
Q 0.000000 2.687006 -2.687006
F 0.000000 5.374012 0.000000
W -2.687006 8.061017 0.000000
K -5.374012 8.061017 -2.687006
N -2.687006 5.374012 -2.687006
F 0.000000 8.061017 -2.687006
Q 0.000000 5.374012 -5.374012
T -2.687006 2.687006 -5.374012


-26.200000	8904680a0
10

Q 0.000000 0.000000 0.000000
Y 2.687006 2.687006 0.000000
Q 0.000000 2.687006 -2.687006
F 2.687006 5.374012 -2.687006
W 2.687006 2.687006 -5.374012
K 0.000000 0.000000 -5.374012
N 2.687006 0.000000 -2.687006
F 5.374012 2.687006 -2.687006
Q 5.374012 0.000000 0.000000
T 5.374012 -2.687006 -2.687006


-26.200000	9804680a0
10

Q 0.000000 0.000000 0.000000
Y 2.687006 2.687006 0.000000
Q 0.000000 2.687006 -2.687006
F 2.687006 5.374012 -2.687006
W 2.687006 2.687006 -5.374012
K 0.000000 0.000000 -5.374012
N 2.687006 0.000000 -2.687006
F 5.374012 2.687006 -2.687006
Q 5.374012 0.000000 -5.374012
T 5.374012 -2.687006 -2.687006


-26.200000	214ba87a0
10

Q 0.000000 0.000000 0.000000
Y 2.687006 2.687006 0.000000
Q 0.000000 2.687006 -2.687006
F 2.687006 0.000000 -2.687006
W 2.687006 -2.687006 -5.374012
K 0.000000 -2.687006 -8.061017
N -2.687006 -2.687006 -5.374012
F 0.000000 -2.687006 -2.687006
Q -2.687006 0.000000 -2.687006
T -2.687006 2.687006 0.000000


-26.200000	98b6532a0
10

Q 0.000000 0.000000 0.000000
Y 2.687006 2.687006 0.000000
Q 0.000000 2.687006 -2.687006
F 0.000000 5.374012 0.000000
W 0.000000 8.061017 -2.687006
K 2.687006 8.061017 -5.374012
N 0.000000 5.374012 -5.374012
F -2.687006 5.374012 -2.687006
Q -2.687006 2.687006 -5.374012
T -2.687006 0.000000 -2.687006


-26.200000	984bab0a0
10

Q 0.000000 0.000000 0.000000
Y 2.687006 2.687006 0.000000
Q 0.000000 2.687006 -2.687006
F 2.687006 5.374012 -2.687006
W 0.000000 5.374012 0.000000
K -2.687006 5.374012 -2.687006
N -5.374012 5.374012 0.000000
F -2.687006 5.374012 2.687006
Q -2.687006 2.687006 0.000000
T -2.687006 0.000000 2.687006


-26.200000	98389b2a0
10

Q 0.000000 0.000000 0.000000
Y 2.687006 2.687006 0.000000
Q 0.000000 2.687006 -2.687006
F 0.000000 5.374012 0.000000
W -2.687006 5.374012 2.687006
K -2.687006 2.687006 5.374012
N -2.687006 0.000000 2.687006
F -2.687006 2.687006 0.000000
Q -2.687006 0.000000 -2.687006
T -2.687006 -2.687006 0.000000


-26.200000	862b830a0
10

Q 0.000000 0.000000 0.000000
Y 2.687006 2.687006 0.000000
Q 0.000000 2.687006 -2.687006
F 2.687006 5.374012 -2.687006
W 2.687006 8.061017 -5.374012
K 2.687006 5.374012 -8.061017
N 0.000000 5.374012 -5.374012
F 0.000000 8.061017 -2.687006
Q -2.687006 5.374012 -2.687006
T -2.687006 2.687006 -5.374012


-26.200000	8629a30a0
10

Q 0.000000 0.000000 0.000000
Y 2.687006 2.687006 0.000000
Q 0.000000 2.687006 -2.687006
F 2.687006 5.374012 -2.687006
W 2.687006 8.061017 -5.374012
K 0.000000 8.061017 -8.061017
N 0.000000 5.374012 -5.374012
F 0.000000 8.061017 -2.687006
Q -2.687006 5.374012 -2.687006
T -2.687006 2.687006 -5.374012


-26.200000	2b01687a0
10

Q 0.000000 0.000000 0.000000
Y 2.687006 2.687006 0.000000
Q 0.000000 2.687006 -2.687006
F 2.687006 0.000000 -2.687006
W 2.687006 -2.687006 -5.374012
K 0.000000 -5.374012 -5.374012
N -2.687006 -2.687006 -5.374012
F 0.000000 0.000000 -5.374012
Q -2.687006 0.000000 -2.687006
T -2.687006 2.687006 0.000000


-26.200000	9658b10a0
10

Q 0.000000 0.000000 0.000000
Y 2.687006 2.687006 0.000000
Q 0.000000 2.687006 -2.687006
F 2.687006 5.374012 -2.687006
W 0.000000 8.061017 -2.687006
K -2.687006 8.061017 0.000000
N -2.687006 5.374012 -2.687006
F 0.000000 5.374012 -5.374012
Q -2.687006 2.687006 -5.374012
T -2.687006 0.000000 -2.687006


-26.200000	30b1695a0
10

Q 0.000000 0.000000 0.000000
Y 2.687006 2.687006 0.000000
Q 0.000000 2.687006 -2.687006
F 2.687006 2.687006 -5.374012
W 2.687006 0.000000 -2.687006
K 0.000000 -2.687006 -2.687006
N -2.687006 0.000000 -2.687006
F -5.374012 0.000000 0.000000
Q -2.687006 2.687006 0.000000
T -2.687006 5.374012 -2.687006


-26.200000	9411695a0
10

Q 0.000000 0.000000 0.000000
Y 2.687006 2.687006 0.000000
Q 0.000000 2.687006 -2.687006
F 2.687006 2.687006 -5.374012
W 2.687006 0.000000 -2.687006
K 0.000000 -2.687006 -2.687006
N -2.687006 0.000000 -2.687006
F -5.374012 2.687006 -2.687006
Q -2.687006 2.687006 0.000000
T -2.687006 0.000000 2.687006


-26.200000	941b763a0
10

Q 0.000000 0.000000 0.000000
Y 2.687006 2.687006 0.000000
Q 0.000000 2.687006 -2.687006
F 0.000000 5.374012 -5.374012
W -2.687006 2.687006 -5.374012
K 0.000000 0.000000 -5.374012
N -2.687006 0.000000 -2.687006
F -5.374012 2.687006 -2.687006
Q -2.687006 2.687006 0.000000
T -2.687006 0.000000 2.687006


-26.200000	67a64b340
10

Q 0.000000 0.000000 0.000000
Y 2.687006 2.687006 0.000000
Q 5.374012 2.687006 2.687006
F 5.374012 5.374012 0.000000
W 2.687006 5.374012 2.687006
K 5.374012 5.374012 5.374012
N 2.687006 2.687006 5.374012
F 0.000000 2.687006 2.687006
Q 2.687006 0.000000 2.687006
T 0.000000 -2.687006 2.687006


-26.200000	8849a12a0
10

Q 0.000000 0.000000 0.000000
Y 2.687006 2.687006 0.000000
Q 0.000000 2.687006 -2.687006
F 0.000000 5.374012 0.000000
W -2.687006 8.061017 0.000000
K -5.374012 8.061017 -2.687006
N -5.374012 5.374012 0.000000
F -2.687006 5.374012 2.687006
Q -2.687006 2.687006 0.000000
T -2.687006 0.000000 -2.687006


-26.200000	87a64b340
10

Q 0.000000 0.000000 0.000000
Y 2.687006 2.687006 0.000000
Q 5.374012 2.687006 2.687006
F 5.374012 5.374012 0.000000
W 2.687006 5.374012 2.687006
K 5.374012 5.374012 5.374012
N 2.687006 2.687006 5.374012
F 0.000000 2.687006 2.687006
Q 2.687006 0.000000 2.687006
T 2.687006 -2.687006 0.000000


-26.200000	962b830a0
10

Q 0.000000 0.000000 0.000000
Y 2.687006 2.687006 0.000000
Q 0.000000 2.687006 -2.687006
F 2.687006 5.374012 -2.687006
W 2.687006 8.061017 -5.374012
K 2.687006 5.374012 -8.061017
N 0.000000 5.374012 -5.374012
F 0.000000 8.061017 -2.687006
Q -2.687006 5.374012 -2.687006
T -2.687006 2.687006 0.000000


-26.200000	9629a30a0
10

Q 0.000000 0.000000 0.000000
Y 2.687006 2.687006 0.000000
Q 0.000000 2.687006 -2.687006
F 2.687006 5.374012 -2.687006
W 2.687006 8.061017 -5.374012
K 0.000000 8.061017 -8.061017
N 0.000000 5.374012 -5.374012
F 0.000000 8.061017 -2.687006
Q -2.687006 5.374012 -2.687006
T -2.687006 2.687006 0.000000


-26.200000	a6448a0a0
10

Q 0.000000 0.000000 0.000000
Y 2.687006 2.687006 0.000000
Q 0.000000 2.687006 -2.687006
F 2.687006 5.374012 -2.687006
W 0.000000 5.374012 -5.374012
K 0.000000 2.687006 -8.061017
N 2.687006 2.687006 -5.374012
F 5.374012 2.687006 -2.687006
Q 2.687006 0.000000 -2.687006
T 0.000000 0.000000 -5.374012


-26.200000	6149ab0a0
10

Q 0.000000 0.000000 0.000000
Y 2.687006 2.687006 0.000000
Q 0.000000 2.687006 -2.687006
F 2.687006 5.374012 -2.687006
W 0.000000 5.374012 0.000000
K -2.687006 5.374012 -2.687006
N -2.687006 2.687006 0.000000
F 0.000000 2.687006 2.687006
Q -2.687006 5.374012 2.687006
T -5.374012 2.687006 2.687006


-26.200000	6749ab0a0
10

Q 0.000000 0.000000 0.000000
Y 2.687006 2.687006 0.000000
Q 0.000000 2.687006 -2.687006
F 2.687006 5.374012 -2.687006
W 0.000000 5.374012 0.000000
K -2.687006 5.374012 -2.687006
N -2.687006 2.687006 0.000000
F 0.000000 2.687006 2.687006
Q 2.687006 0.000000 2.687006
T 0.000000 -2.687006 2.687006


-26.200000	8749ab0a0
10

Q 0.000000 0.000000 0.000000
Y 2.687006 2.687006 0.000000
Q 0.000000 2.687006 -2.687006
F 2.687006 5.374012 -2.687006
W 0.000000 5.374012 0.000000
K -2.687006 5.374012 -2.687006
N -2.687006 2.687006 0.000000
F 0.000000 2.687006 2.687006
Q 2.687006 0.000000 2.687006
T 2.687006 -2.687006 0.000000
