-25.700000	6a036b0a0
10

Q 0.000000 0.000000 0.000000
Y 2.687006 2.687006 0.000000
Q 0.000000 2.687006 -2.687006
F 2.687006 5.374012 -2.687006
W 0.000000 5.374012 0.000000
K -2.687006 2.687006 0.000000
N -2.687006 5.374012 -2.687006
F 0.000000 8.061017 -2.687006
Q -2.687006 8.061017 -5.374012
T -5.374012 5.374012 -5.374012


-25.700000	9b78ab0a0
10

Q 0.000000 0.000000 0.000000
Y 2.687006 2.687006 0.000000
Q 0.000000 2.687006 -2.687006
F 2.687006 5.374012 -2.687006
W 0.000000 5.374012 0.000000
K -2.687006 5.374012 -2.687006
N -2.687006 2.687006 -5.374012
F 0.000000 0.000000 -5.374012
Q -2.687006 0.000000 -2.687006
T -2.687006 -2.687006 0.000000


-25.700000	9b76a52a0
10

Q 0.000000 0.000000 0.000000
Y 2.687006 2.687006 0.000000
Q 0.000000 2.687006 -2.687006
F 0.000000 5.374012 0.000000
W 2.687006 5.374012 -2.687006
K 0.000000 5.374012 -5.374012
N -2.687006 2.687006 -5.374012
F 0.000000 0.000000 -5.374012
Q -2.687006 0.000000 -2.687006
T -2.687006 -2.687006 0.000000


-25.700000	8916852a0
10

Q 0.000000 0.000000 0.000000
Y 2.687006 2.687006 0.000000
Q 0.000000 2.687006 -2.687006
F 0.000000 5.374012 0.000000
W 2.687006 5.374012 -2.687006
K 2.687006 2.687006 -5.374012
N 0.000000 0.000000 -5.374012
F -2.687006 2.687006 -5.374012
Q -2.687006 0.000000 -2.687006
T -2.687006 -2.687006 -5.374012


-25.700000	8916751a0
10

Q 0.000000 0.000000 0.000000
Y 2.687006 2.687006 0.000000
Q 0.000000 2.687006 -2.687006
F -2.687006 5.374012 -2.687006
W 0.000000 5.374012 -5.374012
K 2.687006 2.687006 -5.374012
N 0.000000 0.000000 -5.374012
F -2.687006 2.687006 -5.374012
Q -2.687006 0.000000 -2.687006
T -2.687006 -2.687006 -5.374012


-25.700000	67389b140
10

Q 0.000000 0.000000 0.000000
Y 2.687006 2.687006 0.000000
Q 5.374012 2.687006 2.687006
F 2.687006 5.374012 2.687006
W 0.000000 5.374012 5.374012
K 0.000000 2.687006 8.061017
N 0.000000 0.000000 5.374012
F 0.000000 2.687006 2.687006
Q 2.687006 0.000000 2.687006
T 0.000000 -2.687006 2.687006


-25.700000	ab78ab0a0
10

Q 0.000000 0.000000 0.000000
Y 2.687006 2.687006 0.000000
Q 0.000000 2.687006 -2.687006
F 2.687006 5.374012 -2.687006
W 0.000000 5.374012 0.000000
K -2.687006 5.374012 -2.687006
N -2.687006 2.687006 -5.374012
F 0.000000 0.000000 -5.374012
Q -2.687006 0.000000 -2.687006
T -5.374012 0.000000 -5.374012


-25.700000	ab76a52a0
10

Q 0.000000 0.000000 0.000000
Y 2.687006 2.687006 0.000000
Q 0.000000 2.687006 -2.687006
F 0.000000 5.374012 0.000000
W 2.687006 5.374012 -2.687006
K 0.000000 5.374012 -5.374012
N -2.687006 2.687006 -5.374012
F 0.000000 0.000000 -5.374012
Q -2.687006 0.000000 -2.687006
T -5.374012 0.000000 -5.374012


-25.700000	9916852a0
10

Q 0.000000 0.000000 0.000000
Y 2.687006 2.687006 0.000000
Q 0.000000 2.687006 -2.687006
F 0.000000 5.374012 0.000000
W 2.687006 5.374012 -2.687006
K 2.687006 2.687006 -5.374012
N 0.000000 0.000000 -5.374012
F -2.687006 2.687006 -5.374012
Q -2.687006 0.000000 -2.687006
T -2.687006 -2.687006 0.000000


-25.700000	9916751a0
10

Q 0.000000 0.000000 0.000000
Y 2.687006 2.687006 0.000000
Q 0.000000 2.687006 -2.687006
F -2.687006 5.374012 -2.687006
W 0.000000 5.374012 -5.374012
K 2.687006 2.687006 -5.374012
N 0.000000 0.000000 -5.374012
F -2.687006 2.687006 -5.374012
Q -2.687006 0.000000 -2.687006
T -2.687006 -2.687006 0.000000


-25.700000	77b65a2a0
10

Q 0.000000 0.000000 0.000000
Y 2.687006 2.687006 0.000000
Q 0.000000 2.687006 -2.687006
F 0.000000 5.374012 0.000000
W -2.687006 5.374012 -2.687006
K 0.000000 5.374012 -5.374012
N -2.687006 2.687006 -5.374012
F -5.374012 2.687006 -2.687006
Q -2.687006 0.000000 -2.687006
T 0.000000 -2.687006 -2.687006


-25.700000	66475a2a0
10

Q 0.000000 0.000000 0.000000
Y 2.687006 2.687006 0.000000
Q 0.000000 2.687006 -2.687006
F 0.000000 5.374012 0.000000
W -2.687006 5.374012 -2.687006
K 0.000000 5.374012 -5.374012
N 2.687006 2.687006 -5.374012
F 5.374012 2.687006 -2.687006
Q 2.687006 0.000000 -2.687006
T 0.000000 -2.687006 -2.687006


-25.700000	ba036b0a0
10

Q 0.000000 0.000000 0.000000
Y 2.687006 2.687006 0.000000
Q 0.000000 2.687006 -2.687006
F 2.687006 5.374012 -2.687006
W 0.000000 5.374012 0.000000
K -2.687006 2.687006 0.000000
N -2.687006 5.374012 -2.687006
F 0.000000 8.061017 -2.687006
Q -2.687006 8.061017 -5.374012
T -5.374012 8.061017 -2.687006


-25.700000	3158692a0
10

Q 0.000000 0.000000 0.000000
Y 2.687006 2.687006 0.000000
Q 0.000000 2.687006 -2.687006
F 0.000000 5.374012 0.000000
W 0.000000 2.687006 2.687006
K -2.687006 0.000000 2.687006
N -2.687006 -2.687006 0.000000
F 0.000000 -2.687006 -2.687006
Q -2.687006 0.000000 -2.687006
T -2.687006 2.687006 -5.374012


-25.700000	97b65a2a0
10

Q 0.000000 0.000000 0.000000
Y 2.687006 2.687006 0.000000
Q 0.000000 2.687006 -2.687006
F 0.000000 5.374012 0.000000
W -2.687006 5.374012 -2.687006
K 0.000000 5.374012 -5.374012
N -2.687006 2.687006 -5.374012
F -5.374012 2.687006 -2.687006
Q -2.687006 0.000000 -2.687006
T -2.687006 -2.687006 0.000000


-25.700000	8689120a0
10

Q 0.000000 0.000000 0.000000
Y 2.687006 2.687006 0.000000
Q 0.000000 2.687006 -2.687006
F 2.687006 5.374012 -2.687006
W 2.687006 8.061017 0.000000
K 0.000000 10.748023 0.000000
N 0.000000 8.061017 2.687006
F 0.000000 5.374012 0.000000
Q -2.687006 2.687006 0.000000
T -2.687006 0.000000 -2.687006


-25.700000	8686220a0
10

Q 0.000000 0.000000 0.000000
Y 2.687006 2.687006 0.000000
Q 0.000000 2.687006 -2.687006
F 2.687006 5.374012 -2.687006
W 2.687006 8.061017 0.000000
K 2.687006 10.748023 2.687006
N 0.000000 8.061017 2.687006
F 0.000000 5.374012 0.000000
Q -2.687006 2.687006 0.000000
T -2.687006 0.000000 -2.687006


-25.700000	8679110a0
10

Q 0.000000 0.000000 0.000000
Y 2.687006 2.687006 0.000000
Q 0.000000 2.687006 -2.687006
F 2.687006 5.374012 -2.687006
W 0.000000 8.061017 -2.687006
K -2.687006 10.748023 -2.687006
N -2.687006 8.061017 0.000000
F 0.000000 5.374012 0.000000
Q -2.687006 2.687006 0.000000
T -2.687006 0.000000 -2.687006


-25.700000	8676210a0
10

Q 0.000000 0.000000 0.000000
Y 2.687006 2.687006 0.000000
Q 0.000000 2.687006 -2.687006
F 2.687006 5.374012 -2.687006
W 0.000000 8.061017 -2.687006
K 0.000000 10.748023 0.000000
N -2.687006 8.061017 0.000000
F 0.000000 5.374012 0.000000
Q -2.687006 2.687006 0.000000
T -2.687006 0.000000 -2.687006


-25.700000	1b76a52a0
10

Q 0.000000 0.000000 0.000000
Y 2.687006 2.687006 0.000000
Q 0.000000 2.687006 -2.687006
F 0.000000 5.374012 0.000000
W 2.687006 5.374012 -2.687006
K 0.000000 5.374012 -5.374012
N -2.687006 2.687006 -5.374012
F 0.000000 0.000000 -5.374012
Q -2.687006 0.000000 -2.687006
T -5.374012 2.687006 -2.687006


-25.700000	862b8a340
10

Q 0.000000 0.000000 0.000000
Y 2.687006 2.687006 0.000000
Q 5.374012 2.687006 2.687006
F 5.374012 5.374012 0.000000
W 2.687006 5.374012 -2.687006
K 2.687006 2.687006 -5.374012
N 0.000000 2.687006 -2.687006
F 0.000000 5.374012 0.000000
Q -2.687006 2.687006 0.000000
T -2.687006 0.000000 -2.687006


-25.700000	8629aa340
10

Q 0.000000 0.000000 0.000000
Y 2.687006 2.687006 0.000000
Q 5.374012 2.687006 2.687006
F 5.374012 5.374012 0.000000
W 2.687006 5.374012 -2.687006
K 0.000000 5.374012 -5.374012
N 0.000000 2.687006 -2.687006
F 0.000000 5.374012 0.000000
Q -2.687006 2.687006 0.000000
T -2.687006 0.000000 -2.687006


-25.700000	96475a2a0
10

Q 0.000000 0.000000 0.000000
Y 2.687006 2.687006 0.000000
Q 0.000000 2.687006 -2.687006
F 0.000000 5.374012 0.000000
W -2.687006 5.374012 -2.687006
K 0.000000 5.374012 -5.374012
N 2.687006 2.687006 -5.374012
F 5.374012 2.687006 -2.687006
Q 2.687006 0.000000 -2.687006
T 2.687006 -2.687006 0.000000


-25.700000	a64b87510
10

Q 0.000000 0.000000 0.000000
Y 2.687006 2.687006 0.000000
Q 0.000000 5.374012 0.000000
F 2.687006 5.374012 -2.687006
W 5.374012 2.687006 -2.687006
K 5.374012 0.000000 -5.374012
N 2.687006 0.000000 -2.687006
F 5.374012 0.000000 0.000000
Q 2.687006 -2.687006 0.000000
T 0.000000 -2.687006 -2.687006


-25.700000	6158692a0
10

Q 0.000000 0.000000 0.000000
Y 2.687006 2.687006 0.000000
Q 0.000000 2.687006 -2.687006
F 0.000000 5.374012 0.000000
W 0.000000 2.687006 2.687006
K -2.687006 0.000000 2.687006
N -2.687006 -2.687006 0.000000
F 0.000000 -2.687006 -2.687006
Q -2.687006 0.000000 -2.687006
T -5.374012 -2.687006 -2.687006


-25.700000	b65a97410
10

Q 0.000000 0.000000 0.000000
Y 2.687006 2.687006 0.000000
Q 0.000000 5.374012 0.000000
F 2.687006 5.374012 2.687006
W 5.374012 2.687006 2.687006
K 5.374012 0.000000 5.374012
N 2.687006 0.000000 2.687006
F 5.374012 0.000000 0.000000
Q 2.687006 -2.687006 0.000000
T 0.000000 -2.687006 2.687006


-25.700000	1649ba0a0
10

Q 0.000000 0.000000 0.000000
Y 2.687006 2.687006 0.000000
Q 0.000000 2.687006 -2.687006
F 2.687006 5.374012 -2.687006
W 0.000000 5.374012 -5.374012
K -2.687006 5.374012 -2.687006
N -2.687006 2.687006 0.000000
F 0.000000 2.687006 2.687006
Q -2.687006 0.000000 2.687006
T -5.374012 2.687006 2.687006


-25.700000	16446a2a0
10

Q 0.000000 0.000000 0.000000
Y 2.687006 2.687006 0.000000
Q 0.000000 2.687006 -2.687006
F 0.000000 5.374012 0.000000
W -2.687006 5.374012 -2.687006
K -5.374012 2.687006 -2.687006
N -2.687006 2.687006 0.000000
F 0.000000 2.687006 2.687006
Q -2.687006 0.000000 2.687006
T -5.374012 2.687006 2.687006


-25.700000	67076b2a0
10

Q 0.000000 0.000000 0.000000
Y 2.687006 2.687006 0.000000
Q 0.000000 2.687006 -2.687006
F 0.000000 5.374012 0.000000
W -2.687006 5.374012 2.687006
K -5.374012 2.687006 2.687006
N -2.687006 0.000000 2.687006
F 0.000000 2.687006 2.687006
Q 2.687006 0.000000 2.687006
T 0.000000 -2.687006 2.687006


-25.700000	77b9ab0a0
10

Q 0.000000 0.000000 0.000000
Y 2.687006 2.687006 0.000000
Q 0.000000 2.687006 -2.687006
F 2.687006 5.374012 -2.687006
W 0.000000 5.374012 0.000000
K -2.687006 5.374012 -2.687006
N -2.687006 2.687006 0.000000
F -5.374012 2.687006 2.687006
Q -2.687006 0.000000 2.687006
T 0.000000 -2.687006 2.687006


-25.700000	66495a0a0
10

Q 0.000000 0.000000 0.000000
Y 2.687006 2.687006 0.000000
Q 0.000000 2.687006 -2.687006
F 2.687006 5.374012 -2.687006
W 0.000000 5.374012 -5.374012
K 2.687006 5.374012 -8.061017
N 2.687006 2.687006 -5.374012
F 5.374012 2.687006 -2.687006
Q 2.687006 0.000000 -2.687006
T 0.000000 -2.687006 -2.687006


-25.700000	66448a0a0
10

Q 0.000000 0.000000 0.000000
Y 2.687006 2.687006 0.000000
Q 0.000000 2.687006 -2.687006
F 2.687006 5.374012 -2.687006
W 0.000000 5.374012 -5.374012
K 0.000000 2.687006 -8.061017
N 2.687006 2.687006 -5.374012
F 5.374012 2.687006 -2.687006
Q 2.687006 0.000000 -2.687006
T 0.000000 -2.687006 -2.687006


-25.700000	bb89852a0
10

Q 0.000000 0.000000 0.000000
Y 2.687006 2.687006 0.000000
Q 0.000000 2.687006 -2.687006
F 0.000000 5.374012 0.000000
W 2.687006 5.374012 -2.687006
K 2.687006 2.687006 -5.374012
N 2.687006 0.000000 -2.687006
F 2.687006 -2.687006 -5.374012
Q 0.000000 -2.687006 -2.687006
T -2.687006 -2.687006 0.000000


-25.700000	bb79852a0
10

Q 0.000000 0.000000 0.000000
Y 2.687006 2.687006 0.000000
Q 0.000000 2.687006 -2.687006
F 0.000000 5.374012 0.000000
W 2.687006 5.374012 -2.687006
K 2.687006 2.687006 -5.374012
N 2.687006 0.000000 -2.687006
F 5.374012 -2.687006 -2.687006
Q 2.687006 -2.687006 0.000000
T 0.000000 -2.687006 2.687006


-25.700000	87b9ab0a0
10

Q 0.000000 0.000000 0.000000
Y 2.687006 2.687006 0.000000
Q 0.000000 2.687006 -2.687006
F 2.687006 5.374012 -2.687006
W 0.000000 5.374012 0.000000
K -2.687006 5.374012 -2.687006
N -2.687006 2.687006 0.000000
F -5.374012 2.687006 2.687006
Q -2.687006 0.000000 2.687006
T -2.687006 -2.687006 0.000000


-25.700000	7649ba0a0
10

Q 0.000000 0.000000 0.000000
Y 2.687006 2.687006 0.000000
Q 0.000000 2.687006 -2.687006
F 2.687006 5.374012 -2.687006
W 0.000000 5.374012 -5.374012
K -2.687006 5.374012 -2.687006
N -2.687006 2.687006 0.000000
F 0.000000 2.687006 2.687006
Q -2.687006 0.000000 2.687006
T 0.000000 -2.687006 2.687006


-25.700000	8649ba0a0
10

Q 0.000000 0.000000 0.000000
Y 2.687006 2.687006 0.000000
Q 0.000000 2.687006 -2.687006
F 2.687006 5.374012 -2.687006
W 0.000000 5.374012 -5.374012
K -2.687006 5.374012 -2.687006
N -2.687006 2.687006 0.000000
F 0.000000 2.687006 2.687006
Q -2.687006 0.000000 2.687006
T -2.687006 -2.687006 0.000000


-25.700000	7469ab0a0
10

Q 0.000000 0.000000 0.000000
Y 2.687006 2.687006 0.000000
Q 0.000000 2.687006 -2.687006
F 2.687006 5.374012 -2.687006
W 0.000000 5.374012 0.000000
K -2.687006 5.374012 -2.687006
N -2.687006 2.687006 0.000000
F -5.374012 0.000000 0.000000
Q -2.687006 0.000000 2.687006
T 0.000000 -2.687006 2.687006


-25.700000	96495a0a0
10

Q 0.000000 0.000000 0.000000
Y 2.687006 2.687006 0.000000
Q 0.000000 2.687006 -2.687006
F 2.687006 5.374012 -2.687006
W 0.000000 5.374012 -5.374012
K 2.687006 5.374012 -8.061017
N 2.687006 2.687006 -5.374012
F 5.374012 2.687006 -2.687006
Q 2.687006 0.000000 -2.687006
T 2.687006 -2.687006 0.000000


-25.700000	96448a0a0
10

Q 0.000000 0.000000 0.000000
Y 2.687006 2.687006 0.000000
Q 0.000000 2.687006 -2.687006
F 2.687006 5.374012 -2.687006
W 0.000000 5.374012 -5.374012
K 0.000000 2.687006 -8.061017
N 2.687006 2.687006 -5.374012
F 5.374012 2.687006 -2.687006
Q 2.687006 0.000000 -2.687006
T 2.687006 -2.687006 0.000000


-25.700000	a649ba0a0
10

Q 0.000000 0.000000 0.000000
Y 2.687006 2.687006 0.000000
Q 0.000000 2.687006 -2.687006
F 2.687006 5.374012 -2.687006
W 0.000000 5.374012 -5.374012
K -2.687006 5.374012 -2.687006
N -2.687006 2.687006 0.000000
F 0.000000 2.687006 2.687006
Q -2.687006 0.000000 2.687006
T -5.374012 0.000000 0.000000


-25.700000	a647ba2a0
10

Q 0.000000 0.000000 0.000000
Y 2.687006 2.687006 0.000000
Q 0.000000 2.687006 -2.687006
F 0.000000 5.374012 0.000000
W -2.687006 5.374012 -2.687006
K -5.374012 5.374012 0.000000
N -2.687006 2.687006 0.000000
F 0.000000 2.687006 2.687006
Q -2.687006 0.000000 2.687006
T -5.374012 0.000000 0.000000


-25.700000	7647ba2a0
10

Q 0.000000 0.000000 0.000000
Y 2.687006 2.687006 0.000000
Q 0.000000 2.687006 -2.687006
F 0.000000 5.374012 0.000000
W -2.687006 5.374012 -2.687006
K -5.374012 5.374012 0.000000
N -2.687006 2.687006 0.000000
F 0.000000 2.687006 2.687006
Q -2.687006 0.000000 2.687006
T 0.000000 -2.687006 2.687006


-25.700000	76446a2a0
10

Q 0.000000 0.000000 0.000000
Y 2.687006 2.687006 0.000000
Q 0.000000 2.687006 -2.687006
F 0.000000 5.374012 0.000000
W -2.687006 5.374012 -2.687006
K -5.374012 2.687006 -2.687006
N -2.687006 2.687006 0.000000
F 0.000000 2.687006 2.687006
Q -2.687006 0.000000 2.687006
T 0.000000 -2.687006 2.687006


-25.700000	8647ba2a0
10

Q 0.000000 0.000000 0.000000
Y 2.687006 2.687006 0.000000
Q 0.000000 2.687006 -2.687006
F 0.000000 5.374012 0.000000
W -2.687006 5.374012 -2.687006
K -5.374012 5.374012 0.000000
N -2.687006 2.687006 0.000000
F 0.000000 2.687006 2.687006
Q -2.687006 0.000000 2.687006
T -2.687006 -2.687006 0.000000


-25.700000	86446a2a0
10

Q 0.000000 0.000000 0.000000
Y 2.687006 2.687006 0.000000
Q 0.000000 2.687006 -2.687006
F 0.000000 5.374012 0.000000
W -2.687006 5.374012 -2.687006
K -5.374012 2.687006 -2.687006
N -2.687006 2.687006 0.000000
F 0.000000 2.687006 2.687006
Q -2.687006 0.000000 2.687006
T -2.687006 -2.687006 0.000000
