-57.670000	461870810
10

Q 0.000000 0.000000 0.000000
Y 2.687006 2.687006 0.000000
Q 0.000000 5.374012 0.000000
F 0.000000 2.687006 -2.687006
W 2.687006 5.374012 -2.687006
K 5.374012 2.687006 -2.687006
N 5.374012 0.000000 -5.374012
F 2.687006 2.687006 -5.374012
Q 0.000000 0.000000 -5.374012
T 2.687006 0.000000 -2.687006


-57.670000	561970910
10

Q 0.000000 0.000000 0.000000
Y 2.687006 2.687006 0.000000
Q 0.000000 5.374012 0.000000
F 0.000000 2.687006 2.687006
W 2.687006 5.374012 2.687006
K 5.374012 2.687006 2.687006
N 5.374012 0.000000 5.374012
F 2.687006 2.687006 5.374012
Q 0.000000 0.000000 5.374012
T 2.687006 0.000000 2.687006


-57.670000	416307810
10

Q 0.000000 0.000000 0.000000
Y 2.687006 2.687006 0.000000
Q 0.000000 5.374012 0.000000
F 0.000000 2.687006 -2.687006
W 2.687006 0.000000 -2.687006
K 5.374012 2.687006 -2.687006
N 5.374012 5.374012 -5.374012
F 2.687006 2.687006 -5.374012
Q 0.000000 5.374012 -5.374012
T 2.687006 5.374012 -2.687006


-57.670000	516207910
10

Q 0.000000 0.000000 0.000000
Y 2.687006 2.687006 0.000000
Q 0.000000 5.374012 0.000000
F 0.000000 2.687006 2.687006
W 2.687006 0.000000 2.687006
K 5.374012 2.687006 2.687006
N 5.374012 5.374012 5.374012
F 2.687006 2.687006 5.374012
Q 0.000000 5.374012 5.374012
T 2.687006 5.374012 2.687006


-57.670000	900a26640
10

Q 0.000000 0.000000 0.000000
Y 2.687006 2.687006 0.000000
Q 5.374012 2.687006 2.687006
F 2.687006 0.000000 2.687006
W 0.000000 -2.687006 2.687006
K 0.000000 0.000000 5.374012
N -2.687006 0.000000 2.687006
F 0.000000 2.687006 2.687006
Q 2.687006 5.374012 2.687006
T 2.687006 2.687006 5.374012


-57.670000	9aa084640
10

Q 0.000000 0.000000 0.000000
Y 2.687006 2.687006 0.000000
Q 5.374012 2.687006 2.687006
F 2.687006 0.000000 2.687006
W 5.374012 0.000000 5.374012
K 5.374012 -2.687006 2.687006
N 8.061017 0.000000 2.687006
F 5.374012 0.000000 0.000000
Q 2.687006 0.000000 -2.687006
T 2.687006 -2.687006 0.000000


-57.670000	0a1569140
10

Q 0.000000 0.000000 0.000000
Y 2.687006 2.687006 0.000000
Q 5.374012 2.687006 2.687006
F 2.687006 5.374012 2.687006
W 2.687006 2.687006 5.374012
K 0.000000 0.000000 5.374012
N 2.687006 0.000000 2.687006
F 0.000000 2.687006 2.687006
Q -2.687006 2.687006 0.000000
T 0.000000 5.374012 0.000000
