-57.390000	363264640
10

Q 0.000000 0.000000 0.000000
Y 2.687006 2.687006 0.000000
Q 5.374012 2.687006 2.687006
F 2.687006 0.000000 2.687006
W 5.374012 0.000000 5.374012
K 2.687006 -2.687006 5.374012
N 2.687006 0.000000 8.061017
F 2.687006 2.687006 5.374012
Q 0.000000 0.000000 5.374012
T 0.000000 2.687006 2.687006


-57.390000	343846640
10

Q 0.000000 0.000000 0.000000
Y 2.687006 2.687006 0.000000
Q 5.374012 2.687006 2.687006
F 2.687006 0.000000 2.687006
W 0.000000 -2.687006 2.687006
K 2.687006 -2.687006 5.374012
N 2.687006 -5.374012 2.687006
F 2.687006 -2.687006 0.000000
Q 5.374012 -2.687006 2.687006
T 5.374012 0.000000 0.000000


-57.390000	3b38b7b40
10

Q 0.000000 0.000000 0.000000
Y 2.687006 2.687006 0.000000
Q 5.374012 2.687006 2.687006
F 2.687006 2.687006 5.374012
W 5.374012 0.000000 5.374012
K 2.687006 0.000000 8.061017
N 2.687006 -2.687006 5.374012
F 2.687006 0.000000 2.687006
Q 0.000000 0.000000 5.374012
T 0.000000 2.687006 2.687006
