-58.680000	274b8a140
10

Q 0.000000 0.000000 0.000000
Y 2.687006 2.687006 0.000000
Q 5.374012 2.687006 2.687006
F 2.687006 5.374012 2.687006
W 0.000000 5.374012 0.000000
K 0.000000 2.687006 -2.687006
N -2.687006 2.687006 0.000000
F 0.000000 2.687006 2.687006
Q 2.687006 0.000000 2.687006
T 2.687006 2.687006 5.374012


-58.680000	2730b7910
10

Q 0.000000 0.000000 0.000000
Y 2.687006 2.687006 0.000000
Q 0.000000 5.374012 0.000000
F 0.000000 2.687006 2.687006
W 2.687006 0.000000 2.687006
K 0.000000 0.000000 5.374012
N 2.687006 2.687006 5.374012
F 2.687006 5.374012 2.687006
Q 5.374012 2.687006 2.687006
T 5.374012 5.374012 5.374012


-58.680000	15ab75640
10

Q 0.000000 0.000000 0.000000
Y 2.687006 2.687006 0.000000
Q 5.374012 2.687006 2.687006
F 2.687006 0.000000 2.687006
W 5.374012 0.000000 0.000000
K 8.061017 -2.687006 0.000000
N 5.374012 -2.687006 2.687006
F 2.687006 -2.687006 0.000000
Q 5.374012 -2.687006 -2.687006
T 2.687006 0.000000 -2.687006


-58.680000	8097a0810
10

Q 0.000000 0.000000 0.000000
Y 2.687006 2.687006 0.000000
Q 0.000000 5.374012 0.000000
F 0.000000 2.687006 -2.687006
W 2.687006 5.374012 -2.687006
K 0.000000 5.374012 -5.374012
N 2.687006 2.687006 -5.374012
F 2.687006 0.000000 -2.687006
Q 5.374012 2.687006 -2.687006
T 5.374012 0.000000 -5.374012


-58.680000	3720a7810
10

Q 0.000000 0.000000 0.000000
Y 2.687006 2.687006 0.000000
Q 0.000000 5.374012 0.000000
F 0.000000 2.687006 -2.687006
W 2.687006 0.000000 -2.687006
K 0.000000 0.000000 -5.374012
N 2.687006 2.687006 -5.374012
F 2.687006 5.374012 -2.687006
Q 5.374012 2.687006 -2.687006
T 5.374012 5.374012 -5.374012


-58.680000	9087b0910
10

Q 0.000000 0.000000 0.000000
Y 2.687006 2.687006 0.000000
Q 0.000000 5.374012 0.000000
F 0.000000 2.687006 2.687006
W 2.687006 5.374012 2.687006
K 0.000000 5.374012 5.374012
N 2.687006 2.687006 5.374012
F 2.687006 0.000000 2.687006
Q 5.374012 2.687006 2.687006
T 5.374012 0.000000 5.374012


-58.680000	892738640
10

Q 0.000000 0.000000 0.000000
Y 2.687006 2.687006 0.000000
Q 5.374012 2.687006 2.687006
F 2.687006 0.000000 2.687006
W 2.687006 -2.687006 0.000000
K 2.687006 0.000000 -2.687006
N 5.374012 -2.687006 -2.687006
F 5.374012 0.000000 0.000000
Q 5.374012 -2.687006 2.687006
T 5.374012 -5.374012 0.000000


-58.680000	5107b1640
10

Q 0.000000 0.000000 0.000000
Y 2.687006 2.687006 0.000000
Q 5.374012 2.687006 2.687006
F 2.687006 0.000000 2.687006
W 0.000000 2.687006 2.687006
K -2.687006 2.687006 5.374012
N 0.000000 0.000000 5.374012
F 2.687006 2.687006 5.374012
Q 0.000000 5.374012 5.374012
T 2.687006 5.374012 2.687006


-58.680000	298b32640
10

Q 0.000000 0.000000 0.000000
Y 2.687006 2.687006 0.000000
Q 5.374012 2.687006 2.687006
F 2.687006 0.000000 2.687006
W 2.687006 2.687006 5.374012
K 2.687006 5.374012 2.687006
N 0.000000 5.374012 5.374012
F 0.000000 2.687006 2.687006
Q 0.000000 0.000000 5.374012
T 0.000000 2.687006 8.061017


-58.680000	15a645640
10

Q 0.000000 0.000000 0.000000
Y 2.687006 2.687006 0.000000
Q 5.374012 2.687006 2.687006
F 2.687006 0.000000 2.687006
W 5.374012 0.000000 0.000000
K 8.061017 0.000000 2.687006
N 5.374012 -2.687006 2.687006
F 2.687006 -2.687006 0.000000
Q 5.374012 -2.687006 -2.687006
T 2.687006 0.000000 -2.687006


-58.680000	510461640
10

Q 0.000000 0.000000 0.000000
Y 2.687006 2.687006 0.000000
Q 5.374012 2.687006 2.687006
F 2.687006 0.000000 2.687006
W 0.000000 2.687006 2.687006
K -2.687006 0.000000 2.687006
N 0.000000 0.000000 5.374012
F 2.687006 2.687006 5.374012
Q 0.000000 5.374012 5.374012
T 2.687006 5.374012 2.687006
