-57.800000	259086510
10

Q 0.000000 0.000000 0.000000
Y 2.687006 2.687006 0.000000
Q 0.000000 5.374012 0.000000
F 2.687006 5.374012 -2.687006
W 0.000000 2.687006 -2.687006
K 0.000000 0.000000 -5.374012
N 2.687006 2.687006 -5.374012
F 2.687006 0.000000 -2.687006
Q 5.374012 0.000000 -5.374012
T 5.374012 2.687006 -2.687006


-57.800000	259736510
10

Q 0.000000 0.000000 0.000000
Y 2.687006 2.687006 0.000000
Q 0.000000 5.374012 0.000000
F 2.687006 5.374012 -2.687006
W 0.000000 2.687006 -2.687006
K 0.000000 5.374012 -5.374012
N 2.687006 2.687006 -5.374012
F 2.687006 0.000000 -2.687006
Q 5.374012 0.000000 -5.374012
T 5.374012 2.687006 -2.687006


-57.800000	348096410
10

Q 0.000000 0.000000 0.000000
Y 2.687006 2.687006 0.000000
Q 0.000000 5.374012 0.000000
F 2.687006 5.374012 2.687006
W 0.000000 2.687006 2.687006
K 0.000000 0.000000 5.374012
N 2.687006 2.687006 5.374012
F 2.687006 0.000000 2.687006
Q 5.374012 0.000000 5.374012
T 5.374012 2.687006 2.687006


-57.800000	348726410
10

Q 0.000000 0.000000 0.000000
Y 2.687006 2.687006 0.000000
Q 0.000000 5.374012 0.000000
F 2.687006 5.374012 2.687006
W 0.000000 2.687006 2.687006
K 0.000000 5.374012 5.374012
N 2.687006 2.687006 5.374012
F 2.687006 0.000000 2.687006
Q 5.374012 0.000000 5.374012
T 5.374012 2.687006 2.687006


-57.800000	631095810
10

Q 0.000000 0.000000 0.000000
Y 2.687006 2.687006 0.000000
Q 0.000000 5.374012 0.000000
F 0.000000 2.687006 -2.687006
W 2.687006 2.687006 -5.374012
K 2.687006 0.000000 -2.687006
N 5.374012 2.687006 -2.687006
F 2.687006 5.374012 -2.687006
Q 2.687006 8.061017 -5.374012
T 0.000000 5.374012 -5.374012


-57.800000	621084910
10

Q 0.000000 0.000000 0.000000
Y 2.687006 2.687006 0.000000
Q 0.000000 5.374012 0.000000
F 0.000000 2.687006 2.687006
W 2.687006 2.687006 5.374012
K 2.687006 0.000000 2.687006
N 5.374012 2.687006 2.687006
F 2.687006 5.374012 2.687006
Q 2.687006 8.061017 5.374012
T 0.000000 5.374012 5.374012


-57.800000	196734910
10

Q 0.000000 0.000000 0.000000
Y 2.687006 2.687006 0.000000
Q 0.000000 5.374012 0.000000
F 0.000000 2.687006 2.687006
W 2.687006 2.687006 5.374012
K 2.687006 5.374012 2.687006
N 5.374012 2.687006 2.687006
F 2.687006 0.000000 2.687006
Q 2.687006 -2.687006 5.374012
T 0.000000 0.000000 5.374012


-57.800000	186725810
10

Q 0.000000 0.000000 0.000000
Y 2.687006 2.687006 0.000000
Q 0.000000 5.374012 0.000000
F 0.000000 2.687006 -2.687006
W 2.687006 2.687006 -5.374012
K 2.687006 5.374012 -2.687006
N 5.374012 2.687006 -2.687006
F 2.687006 0.000000 -2.687006
Q 2.687006 -2.687006 -5.374012
T 0.000000 0.000000 -5.374012


-57.800000	595619140
10

Q 0.000000 0.000000 0.000000
Y 2.687006 2.687006 0.000000
Q 5.374012 2.687006 2.687006
F 2.687006 5.374012 2.687006
W 2.687006 2.687006 5.374012
K 0.000000 5.374012 5.374012
N -2.687006 2.687006 5.374012
F 0.000000 2.687006 2.687006
Q 0.000000 0.000000 5.374012
T 2.687006 0.000000 2.687006
