-57.410000	2746a1900
10

Q 0.000000 0.000000 0.000000
Y 2.687006 2.687006 0.000000
Q 5.374012 5.374012 0.000000
F 5.374012 2.687006 2.687006
W 2.687006 5.374012 2.687006
K 0.000000 5.374012 0.000000
N -2.687006 2.687006 0.000000
F 0.000000 2.687006 2.687006
Q 2.687006 0.000000 2.687006
T 2.687006 2.687006 5.374012


-57.410000	3756b1800
10

Q 0.000000 0.000000 0.000000
Y 2.687006 2.687006 0.000000
Q 5.374012 5.374012 0.000000
F 5.374012 2.687006 -2.687006
W 2.687006 5.374012 -2.687006
K 0.000000 5.374012 0.000000
N -2.687006 2.687006 0.000000
F 0.000000 2.687006 -2.687006
Q 2.687006 0.000000 -2.687006
T 2.687006 2.687006 -5.374012


-57.410000	412687b00
10

Q 0.000000 0.000000 0.000000
Y 2.687006 2.687006 0.000000
Q 5.374012 5.374012 0.000000
F 2.687006 5.374012 2.687006
W 5.374012 2.687006 2.687006
K 5.374012 0.000000 0.000000
N 2.687006 -2.687006 0.000000
F 2.687006 0.000000 2.687006
Q 0.000000 2.687006 2.687006
T 2.687006 2.687006 5.374012


-57.410000	513697a00
10

Q 0.000000 0.000000 0.000000
Y 2.687006 2.687006 0.000000
Q 5.374012 5.374012 0.000000
F 2.687006 5.374012 -2.687006
W 5.374012 2.687006 -2.687006
K 5.374012 0.000000 0.000000
N 2.687006 -2.687006 0.000000
F 2.687006 0.000000 -2.687006
Q 0.000000 2.687006 -2.687006
T 2.687006 2.687006 -5.374012


-57.410000	b35149ba0
10

Q 0.000000 0.000000 0.000000
Y 2.687006 2.687006 0.000000
Q 0.000000 2.687006 -2.687006
F -2.687006 2.687006 0.000000
W -2.687006 0.000000 2.687006
K 0.000000 0.000000 5.374012
N -2.687006 2.687006 5.374012
F 0.000000 2.687006 2.687006
Q 0.000000 5.374012 0.000000
T -2.687006 5.374012 2.687006


-57.410000	14726a2a0
10

Q 0.000000 0.000000 0.000000
Y 2.687006 2.687006 0.000000
Q 0.000000 2.687006 -2.687006
F 0.000000 5.374012 0.000000
W -2.687006 5.374012 -2.687006
K -5.374012 2.687006 -2.687006
N -5.374012 5.374012 0.000000
F -2.687006 2.687006 0.000000
Q 0.000000 2.687006 2.687006
T -2.687006 5.374012 2.687006


-57.410000	197b03ba0
10

Q 0.000000 0.000000 0.000000
Y 2.687006 2.687006 0.000000
Q 0.000000 2.687006 -2.687006
F -2.687006 2.687006 0.000000
W -2.687006 5.374012 -2.687006
K 0.000000 8.061017 -2.687006
N -2.687006 8.061017 0.000000
F 0.000000 5.374012 0.000000
Q 0.000000 2.687006 2.687006
T -2.687006 5.374012 2.687006


-57.410000	154158640
10

Q 0.000000 0.000000 0.000000
Y 2.687006 2.687006 0.000000
Q 5.374012 2.687006 2.687006
F 2.687006 0.000000 2.687006
W 2.687006 -2.687006 0.000000
K 5.374012 -2.687006 -2.687006
N 2.687006 0.000000 -2.687006
F 5.374012 0.000000 0.000000
Q 8.061017 0.000000 -2.687006
T 5.374012 2.687006 -2.687006


-57.410000	908014ba0
10

Q 0.000000 0.000000 0.000000
Y 2.687006 2.687006 0.000000
Q 0.000000 2.687006 -2.687006
F -2.687006 2.687006 0.000000
W 0.000000 2.687006 2.687006
K -2.687006 5.374012 2.687006
N 0.000000 8.061017 2.687006
F 0.000000 5.374012 0.000000
Q 2.687006 8.061017 0.000000
T 2.687006 5.374012 2.687006


-57.410000	3484b0ba0
10

Q 0.000000 0.000000 0.000000
Y 2.687006 2.687006 0.000000
Q 0.000000 2.687006 -2.687006
F -2.687006 2.687006 0.000000
W 0.000000 5.374012 0.000000
K -2.687006 5.374012 2.687006
N 0.000000 5.374012 5.374012
F 0.000000 2.687006 2.687006
Q 2.687006 2.687006 5.374012
T 2.687006 5.374012 2.687006


-57.410000	516512640
10

Q 0.000000 0.000000 0.000000
Y 2.687006 2.687006 0.000000
Q 5.374012 2.687006 2.687006
F 2.687006 0.000000 2.687006
W 2.687006 2.687006 5.374012
K 0.000000 5.374012 5.374012
N 2.687006 5.374012 2.687006
F 0.000000 2.687006 2.687006
Q -2.687006 5.374012 2.687006
T 0.000000 5.374012 0.000000


-57.410000	8448ab410
10

Q 0.000000 0.000000 0.000000
Y 2.687006 2.687006 0.000000
Q 0.000000 5.374012 0.000000
F 2.687006 5.374012 2.687006
W 0.000000 5.374012 5.374012
K -2.687006 5.374012 2.687006
N -2.687006 2.687006 0.000000
F 0.000000 2.687006 2.687006
Q 2.687006 2.687006 5.374012
T 2.687006 0.000000 2.687006


-57.410000	9559ba510
10

Q 0.000000 0.000000 0.000000
Y 2.687006 2.687006 0.000000
Q 0.000000 5.374012 0.000000
F 2.687006 5.374012 -2.687006
W 0.000000 5.374012 -5.374012
K -2.687006 5.374012 -2.687006
N -2.687006 2.687006 0.000000
F 0.000000 2.687006 -2.687006
Q 2.687006 2.687006 -5.374012
T 2.687006 0.000000 -2.687006
