-48.240000	41589b140
10

Y 0.000000 0.000000 0.000000
Y 2.687006 2.687006 0.000000
D 5.374012 2.687006 2.687006
P 2.687006 5.374012 2.687006
E 0.000000 5.374012 5.374012
T 0.000000 2.687006 8.061017
G 0.000000 0.000000 5.374012
T 2.687006 0.000000 2.687006
W 0.000000 2.687006 2.687006
Y 2.687006 2.687006 5.374012


-48.240000	432667410
10

Y 0.000000 0.000000 0.000000
Y 2.687006 2.687006 0.000000
D 0.000000 5.374012 0.000000
P 2.687006 5.374012 2.687006
E 5.374012 2.687006 2.687006
T 2.687006 0.000000 2.687006
G 0.000000 -2.687006 2.687006
T 0.000000 0.000000 5.374012
W 0.000000 2.687006 2.687006
Y 2.687006 2.687006 5.374012


-48.240000	523667510
10

Y 0.000000 0.000000 0.000000
Y 2.687006 2.687006 0.000000
D 0.000000 5.374012 0.000000
P 2.687006 5.374012 -2.687006
E 5.374012 2.687006 -2.687006
T 2.687006 0.000000 -2.687006
G 0.000000 -2.687006 -2.687006
T 0.000000 0.000000 -5.374012
W 0.000000 2.687006 -2.687006
Y 2.687006 2.687006 -5.374012


-48.240000	a763b42a0
10

Y 0.000000 0.000000 0.000000
Y 2.687006 2.687006 0.000000
D 0.000000 2.687006 -2.687006
P 0.000000 5.374012 0.000000
E 2.687006 5.374012 2.687006
T 0.000000 5.374012 5.374012
G 0.000000 8.061017 2.687006
T -2.687006 5.374012 2.687006
W 0.000000 2.687006 2.687006
Y -2.687006 2.687006 0.000000


-48.240000	307a92ba0
10

Y 0.000000 0.000000 0.000000
Y 2.687006 2.687006 0.000000
D 0.000000 2.687006 -2.687006
P -2.687006 2.687006 0.000000
E -2.687006 5.374012 2.687006
T -2.687006 2.687006 5.374012
G -5.374012 2.687006 2.687006
T -2.687006 0.000000 2.687006
W 0.000000 2.687006 2.687006
Y 0.000000 5.374012 0.000000


-48.240000	a6734b2a0
10

Y 0.000000 0.000000 0.000000
Y 2.687006 2.687006 0.000000
D 0.000000 2.687006 -2.687006
P 0.000000 5.374012 0.000000
E -2.687006 5.374012 2.687006
T 0.000000 5.374012 5.374012
G 0.000000 8.061017 2.687006
T 2.687006 5.374012 2.687006
W 0.000000 2.687006 2.687006
Y -2.687006 2.687006 0.000000


-48.240000	370a29ba0
10

Y 0.000000 0.000000 0.000000
Y 2.687006 2.687006 0.000000
D 0.000000 2.687006 -2.687006
P -2.687006 2.687006 0.000000
E -2.687006 0.000000 2.687006
T -2.687006 2.687006 5.374012
G -5.374012 2.687006 2.687006
T -2.687006 5.374012 2.687006
W 0.000000 2.687006 2.687006
Y 0.000000 5.374012 0.000000
