-49.620000	a12647810
10

Y 0.000000 0.000000 0.000000
Y 2.687006 2.687006 0.000000
D 0.000000 5.374012 0.000000
P 0.000000 2.687006 -2.687006
E 2.687006 0.000000 -2.687006
T 5.374012 0.000000 0.000000
G 2.687006 -2.687006 0.000000
T 2.687006 0.000000 2.687006
W 0.000000 2.687006 2.687006
Y -2.687006 2.687006 0.000000


-49.620000	a1b097810
10

Y 0.000000 0.000000 0.000000
Y 2.687006 2.687006 0.000000
D 0.000000 5.374012 0.000000
P 0.000000 2.687006 -2.687006
E 2.687006 0.000000 -2.687006
T 2.687006 -2.687006 0.000000
G 5.374012 0.000000 0.000000
T 2.687006 0.000000 2.687006
W 0.000000 2.687006 2.687006
Y -2.687006 2.687006 0.000000


-49.620000	a04196810
10

Y 0.000000 0.000000 0.000000
Y 2.687006 2.687006 0.000000
D 0.000000 5.374012 0.000000
P 0.000000 2.687006 -2.687006
E -2.687006 0.000000 -2.687006
T -2.687006 -2.687006 0.000000
G -5.374012 0.000000 0.000000
T -2.687006 0.000000 2.687006
W 0.000000 2.687006 2.687006
Y -2.687006 2.687006 0.000000


-49.620000	a027b6810
10

Y 0.000000 0.000000 0.000000
Y 2.687006 2.687006 0.000000
D 0.000000 5.374012 0.000000
P 0.000000 2.687006 -2.687006
E -2.687006 0.000000 -2.687006
T -5.374012 0.000000 0.000000
G -2.687006 -2.687006 0.000000
T -2.687006 0.000000 2.687006
W 0.000000 2.687006 2.687006
Y -2.687006 2.687006 0.000000


-49.620000	b13657910
10

Y 0.000000 0.000000 0.000000
Y 2.687006 2.687006 0.000000
D 0.000000 5.374012 0.000000
P 0.000000 2.687006 2.687006
E 2.687006 0.000000 2.687006
T 5.374012 0.000000 0.000000
G 2.687006 -2.687006 0.000000
T 2.687006 0.000000 -2.687006
W 0.000000 2.687006 -2.687006
Y -2.687006 2.687006 0.000000


-49.620000	b1a087910
10

Y 0.000000 0.000000 0.000000
Y 2.687006 2.687006 0.000000
D 0.000000 5.374012 0.000000
P 0.000000 2.687006 2.687006
E 2.687006 0.000000 2.687006
T 2.687006 -2.687006 0.000000
G 5.374012 0.000000 0.000000
T 2.687006 0.000000 -2.687006
W 0.000000 2.687006 -2.687006
Y -2.687006 2.687006 0.000000


-49.620000	b05186910
10

Y 0.000000 0.000000 0.000000
Y 2.687006 2.687006 0.000000
D 0.000000 5.374012 0.000000
P 0.000000 2.687006 2.687006
E -2.687006 0.000000 2.687006
T -2.687006 -2.687006 0.000000
G -5.374012 0.000000 0.000000
T -2.687006 0.000000 -2.687006
W 0.000000 2.687006 -2.687006
Y -2.687006 2.687006 0.000000


-49.620000	b037a6910
10

Y 0.000000 0.000000 0.000000
Y 2.687006 2.687006 0.000000
D 0.000000 5.374012 0.000000
P 0.000000 2.687006 2.687006
E -2.687006 0.000000 2.687006
T -5.374012 0.000000 0.000000
G -2.687006 -2.687006 0.000000
T -2.687006 0.000000 -2.687006
W 0.000000 2.687006 -2.687006
Y -2.687006 2.687006 0.000000
