-59.280000	63b870810
10

Q 0.000000 0.000000 0.000000
Y 2.687006 2.687006 0.000000
Q 0.000000 5.374012 0.000000
F 0.000000 2.687006 -2.687006
W 2.687006 5.374012 -2.687006
K 5.374012 2.687006 -2.687006
N 5.374012 0.000000 -5.374012
F 2.687006 0.000000 -2.687006
Q 2.687006 2.687006 -5.374012
T 0.000000 0.000000 -5.374012


-59.280000	19a207910
10

Q 0.000000 0.000000 0.000000
Y 2.687006 2.687006 0.000000
Q 0.000000 5.374012 0.000000
F 0.000000 2.687006 2.687006
W 2.687006 0.000000 2.687006
K 5.374012 2.687006 2.687006
N 5.374012 5.374012 5.374012
F 2.687006 5.374012 2.687006
Q 2.687006 2.687006 5.374012
T 0.000000 5.374012 5.374012


-59.280000	62a970910
10

Q 0.000000 0.000000 0.000000
Y 2.687006 2.687006 0.000000
Q 0.000000 5.374012 0.000000
F 0.000000 2.687006 2.687006
W 2.687006 5.374012 2.687006
K 5.374012 2.687006 2.687006
N 5.374012 0.000000 5.374012
F 2.687006 0.000000 2.687006
Q 2.687006 2.687006 5.374012
T 0.000000 0.000000 5.374012


-59.280000	18b307810
10

Q 0.000000 0.000000 0.000000
Y 2.687006 2.687006 0.000000
Q 0.000000 5.374012 0.000000
F 0.000000 2.687006 -2.687006
W 2.687006 0.000000 -2.687006
K 5.374012 2.687006 -2.687006
N 5.374012 5.374012 -5.374012
F 2.687006 5.374012 -2.687006
Q 2.687006 2.687006 -5.374012
T 0.000000 5.374012 -5.374012
