-16.363467	16b815700
10

Y 0.000000 0.000000 0.000000
Y 2.687006 2.687006 0.000000
D 5.374012 5.374012 0.000000
P 8.061017 2.687006 0.000000
E 10.748023 2.687006 -2.687006
T 8.061017 5.374012 -2.687006
G 8.061017 2.687006 -5.374012
T 5.374012 2.687006 -2.687006
W 2.687006 0.000000 -2.687006
Y 0.000000 2.687006 -2.687006


-16.363467	16b815540
10

Y 0.000000 0.000000 0.000000
Y 2.687006 2.687006 0.000000
D 5.374012 2.687006 2.687006
P 8.061017 2.687006 0.000000
E 10.748023 2.687006 -2.687006
T 8.061017 5.374012 -2.687006
G 8.061017 2.687006 -5.374012
T 5.374012 2.687006 -2.687006
W 2.687006 0.000000 -2.687006
Y 0.000000 2.687006 -2.687006


-16.363467	16b8a0540
10

Y 0.000000 0.000000 0.000000
Y 2.687006 2.687006 0.000000
D 5.374012 2.687006 2.687006
P 8.061017 2.687006 0.000000
E 10.748023 5.374012 0.000000
T 8.061017 5.374012 -2.687006
G 8.061017 2.687006 -5.374012
T 5.374012 2.687006 -2.687006
W 2.687006 0.000000 -2.687006
Y 0.000000 2.687006 -2.687006


-16.363467	16b864000
10

Y 0.000000 0.000000 0.000000
Y 2.687006 2.687006 0.000000
D 5.374012 5.374012 0.000000
P 8.061017 8.061017 0.000000
E 10.748023 8.061017 2.687006
T 8.061017 5.374012 2.687006
G 8.061017 2.687006 0.000000
T 5.374012 2.687006 2.687006
W 2.687006 0.000000 2.687006
Y 0.000000 2.687006 2.687006


-16.363467	16b7a3540
10

Y 0.000000 0.000000 0.000000
Y 2.687006 2.687006 0.000000
D 5.374012 2.687006 2.687006
P 8.061017 2.687006 0.000000
E 8.061017 5.374012 -2.687006
T 5.374012 5.374012 -5.374012
G 8.061017 2.687006 -5.374012
T 5.374012 2.687006 -2.687006
W 2.687006 0.000000 -2.687006
Y 0.000000 2.687006 -2.687006


-16.363467	16a914700
10

Y 0.000000 0.000000 0.000000
Y 2.687006 2.687006 0.000000
D 5.374012 5.374012 0.000000
P 8.061017 2.687006 0.000000
E 10.748023 2.687006 2.687006
T 8.061017 5.374012 2.687006
G 8.061017 2.687006 5.374012
T 5.374012 2.687006 2.687006
W 2.687006 0.000000 2.687006
Y 0.000000 2.687006 2.687006


-16.363467	16a965000
10

Y 0.000000 0.000000 0.000000
Y 2.687006 2.687006 0.000000
D 5.374012 5.374012 0.000000
P 8.061017 8.061017 0.000000
E 10.748023 8.061017 -2.687006
T 8.061017 5.374012 -2.687006
G 8.061017 2.687006 0.000000
T 5.374012 2.687006 -2.687006
W 2.687006 0.000000 -2.687006
Y 0.000000 2.687006 -2.687006


-16.363467	169185340
10

Y 0.000000 0.000000 0.000000
Y 2.687006 2.687006 0.000000
D 5.374012 2.687006 2.687006
P 5.374012 5.374012 0.000000
E 8.061017 5.374012 -2.687006
T 8.061017 2.687006 -5.374012
G 5.374012 5.374012 -5.374012
T 5.374012 2.687006 -2.687006
W 2.687006 0.000000 -2.687006
Y 0.000000 2.687006 -2.687006


-16.363467	169a80340
10

Y 0.000000 0.000000 0.000000
Y 2.687006 2.687006 0.000000
D 5.374012 2.687006 2.687006
P 5.374012 5.374012 0.000000
E 8.061017 8.061017 0.000000
T 8.061017 5.374012 -2.687006
G 5.374012 5.374012 -5.374012
T 5.374012 2.687006 -2.687006
W 2.687006 0.000000 -2.687006
Y 0.000000 2.687006 -2.687006


-16.363467	169a73340
10

Y 0.000000 0.000000 0.000000
Y 2.687006 2.687006 0.000000
D 5.374012 2.687006 2.687006
P 5.374012 5.374012 0.000000
E 5.374012 8.061017 -2.687006
T 8.061017 5.374012 -2.687006
G 5.374012 5.374012 -5.374012
T 5.374012 2.687006 -2.687006
W 2.687006 0.000000 -2.687006
Y 0.000000 2.687006 -2.687006


-16.363467	167b18500
10

Y 0.000000 0.000000 0.000000
Y 2.687006 2.687006 0.000000
D 5.374012 5.374012 0.000000
P 8.061017 5.374012 -2.687006
E 8.061017 2.687006 -5.374012
T 5.374012 5.374012 -5.374012
G 2.687006 5.374012 -2.687006
T 5.374012 2.687006 -2.687006
W 2.687006 0.000000 -2.687006
Y 0.000000 2.687006 -2.687006


-16.363467	167b63500
10

Y 0.000000 0.000000 0.000000
Y 2.687006 2.687006 0.000000
D 5.374012 5.374012 0.000000
P 8.061017 5.374012 -2.687006
E 8.061017 8.061017 -5.374012
T 5.374012 5.374012 -5.374012
G 2.687006 5.374012 -2.687006
T 5.374012 2.687006 -2.687006
W 2.687006 0.000000 -2.687006
Y 0.000000 2.687006 -2.687006


-16.363467	167a19400
10

Y 0.000000 0.000000 0.000000
Y 2.687006 2.687006 0.000000
D 5.374012 5.374012 0.000000
P 8.061017 5.374012 2.687006
E 8.061017 2.687006 5.374012
T 5.374012 5.374012 5.374012
G 2.687006 5.374012 2.687006
T 5.374012 2.687006 2.687006
W 2.687006 0.000000 2.687006
Y 0.000000 2.687006 2.687006


-16.363467	167a62400
10

Y 0.000000 0.000000 0.000000
Y 2.687006 2.687006 0.000000
D 5.374012 5.374012 0.000000
P 8.061017 5.374012 2.687006
E 8.061017 8.061017 5.374012
T 5.374012 5.374012 5.374012
G 2.687006 5.374012 2.687006
T 5.374012 2.687006 2.687006
W 2.687006 0.000000 2.687006
Y 0.000000 2.687006 2.687006


-16.363467	166572b00
10

Y 0.000000 0.000000 0.000000
Y 2.687006 2.687006 0.000000
D 5.374012 5.374012 0.000000
P 2.687006 5.374012 2.687006
E 2.687006 8.061017 5.374012
T 5.374012 5.374012 5.374012
G 8.061017 5.374012 2.687006
T 5.374012 2.687006 2.687006
W 2.687006 0.000000 2.687006
Y 0.000000 2.687006 2.687006


-16.363467	166473a00
10

Y 0.000000 0.000000 0.000000
Y 2.687006 2.687006 0.000000
D 5.374012 5.374012 0.000000
P 2.687006 5.374012 -2.687006
E 2.687006 8.061017 -5.374012
T 5.374012 5.374012 -5.374012
G 8.061017 5.374012 -2.687006
T 5.374012 2.687006 -2.687006
W 2.687006 0.000000 -2.687006
Y 0.000000 2.687006 -2.687006


-16.363467	1619a7500
10

Y 0.000000 0.000000 0.000000
Y 2.687006 2.687006 0.000000
D 5.374012 5.374012 0.000000
P 8.061017 5.374012 -2.687006
E 10.748023 2.687006 -2.687006
T 8.061017 2.687006 -5.374012
G 8.061017 0.000000 -2.687006
T 5.374012 2.687006 -2.687006
W 2.687006 0.000000 -2.687006
Y 0.000000 2.687006 -2.687006


-16.363467	161965500
10

Y 0.000000 0.000000 0.000000
Y 2.687006 2.687006 0.000000
D 5.374012 5.374012 0.000000
P 8.061017 5.374012 -2.687006
E 10.748023 5.374012 -5.374012
T 8.061017 2.687006 -5.374012
G 8.061017 0.000000 -2.687006
T 5.374012 2.687006 -2.687006
W 2.687006 0.000000 -2.687006
Y 0.000000 2.687006 -2.687006


-16.363467	1618b7400
10

Y 0.000000 0.000000 0.000000
Y 2.687006 2.687006 0.000000
D 5.374012 5.374012 0.000000
P 8.061017 5.374012 2.687006
E 10.748023 2.687006 2.687006
T 8.061017 2.687006 5.374012
G 8.061017 0.000000 2.687006
T 5.374012 2.687006 2.687006
W 2.687006 0.000000 2.687006
Y 0.000000 2.687006 2.687006


-16.363467	161864400
10

Y 0.000000 0.000000 0.000000
Y 2.687006 2.687006 0.000000
D 5.374012 5.374012 0.000000
P 8.061017 5.374012 2.687006
E 10.748023 5.374012 5.374012
T 8.061017 2.687006 5.374012
G 8.061017 0.000000 2.687006
T 5.374012 2.687006 2.687006
W 2.687006 0.000000 2.687006
Y 0.000000 2.687006 2.687006


-16.363467	1381b8740
10

Y 0.000000 0.000000 0.000000
Y 2.687006 2.687006 0.000000
D 5.374012 2.687006 2.687006
P 8.061017 0.000000 2.687006
E 8.061017 -2.687006 0.000000
T 5.374012 -2.687006 2.687006
G 2.687006 0.000000 2.687006
T 2.687006 -2.687006 0.000000
W 2.687006 0.000000 -2.687006
Y 0.000000 2.687006 -2.687006


-16.363467	1381a9740
10

Y 0.000000 0.000000 0.000000
Y 2.687006 2.687006 0.000000
D 5.374012 2.687006 2.687006
P 8.061017 0.000000 2.687006
E 8.061017 -2.687006 5.374012
T 5.374012 -2.687006 2.687006
G 2.687006 0.000000 2.687006
T 2.687006 -2.687006 0.000000
W 2.687006 0.000000 -2.687006
Y 0.000000 2.687006 -2.687006


-16.363467	136356940
10

Y 0.000000 0.000000 0.000000
Y 2.687006 2.687006 0.000000
D 5.374012 2.687006 2.687006
P 5.374012 0.000000 5.374012
E 2.687006 -2.687006 5.374012
T 5.374012 -2.687006 2.687006
G 5.374012 0.000000 0.000000
T 2.687006 -2.687006 0.000000
W 2.687006 0.000000 -2.687006
Y 0.000000 2.687006 -2.687006


-16.363467	1363a7940
10

Y 0.000000 0.000000 0.000000
Y 2.687006 2.687006 0.000000
D 5.374012 2.687006 2.687006
P 5.374012 0.000000 5.374012
E 8.061017 -2.687006 5.374012
T 5.374012 -2.687006 2.687006
G 5.374012 0.000000 0.000000
T 2.687006 -2.687006 0.000000
W 2.687006 0.000000 -2.687006
Y 0.000000 2.687006 -2.687006


-16.363467	133659640
10

Y 0.000000 0.000000 0.000000
Y 2.687006 2.687006 0.000000
D 5.374012 2.687006 2.687006
P 2.687006 0.000000 2.687006
E 2.687006 -2.687006 5.374012
T 5.374012 -2.687006 2.687006
G 2.687006 -5.374012 2.687006
T 2.687006 -2.687006 0.000000
W 2.687006 0.000000 -2.687006
Y 0.000000 2.687006 -2.687006


-16.363467	797b81100
10

Y 0.000000 0.000000 0.000000
Y 2.687006 2.687006 0.000000
D 5.374012 5.374012 0.000000
P 2.687006 8.061017 0.000000
E 0.000000 10.748023 0.000000
T 0.000000 8.061017 -2.687006
G -2.687006 8.061017 0.000000
T 0.000000 5.374012 0.000000
W 0.000000 2.687006 2.687006
Y 2.687006 0.000000 2.687006


-16.363467	797b63100
10

Y 0.000000 0.000000 0.000000
Y 2.687006 2.687006 0.000000
D 5.374012 5.374012 0.000000
P 2.687006 8.061017 0.000000
E 2.687006 10.748023 -2.687006
T 0.000000 8.061017 -2.687006
G -2.687006 8.061017 0.000000
T 0.000000 5.374012 0.000000
W 0.000000 2.687006 2.687006
Y 2.687006 0.000000 2.687006


-16.363467	79726a100
10

Y 0.000000 0.000000 0.000000
Y 2.687006 2.687006 0.000000
D 5.374012 5.374012 0.000000
P 2.687006 8.061017 0.000000
E 0.000000 8.061017 -2.687006
T -2.687006 5.374012 -2.687006
G -2.687006 8.061017 0.000000
T 0.000000 5.374012 0.000000
W 0.000000 2.687006 2.687006
Y 2.687006 0.000000 2.687006


-16.363467	1318b7840
10

Y 0.000000 0.000000 0.000000
Y 2.687006 2.687006 0.000000
D 5.374012 2.687006 2.687006
P 5.374012 0.000000 0.000000
E 8.061017 -2.687006 0.000000
T 5.374012 -2.687006 2.687006
G 5.374012 -5.374012 0.000000
T 2.687006 -2.687006 0.000000
W 2.687006 0.000000 -2.687006
Y 0.000000 2.687006 -2.687006


-16.363467	7948b1a00
10

Y 0.000000 0.000000 0.000000
Y 2.687006 2.687006 0.000000
D 5.374012 5.374012 0.000000
P 2.687006 5.374012 -2.687006
E 0.000000 8.061017 -2.687006
T -2.687006 8.061017 0.000000
G -2.687006 5.374012 -2.687006
T 0.000000 5.374012 0.000000
W 0.000000 2.687006 2.687006
Y 2.687006 0.000000 2.687006


-16.363467	7946b3a00
10

Y 0.000000 0.000000 0.000000
Y 2.687006 2.687006 0.000000
D 5.374012 5.374012 0.000000
P 2.687006 5.374012 -2.687006
E 2.687006 8.061017 -5.374012
T 0.000000 8.061017 -2.687006
G -2.687006 5.374012 -2.687006
T 0.000000 5.374012 0.000000
W 0.000000 2.687006 2.687006
Y 2.687006 0.000000 2.687006


-16.363467	79462aa00
10

Y 0.000000 0.000000 0.000000
Y 2.687006 2.687006 0.000000
D 5.374012 5.374012 0.000000
P 2.687006 5.374012 -2.687006
E 0.000000 5.374012 -5.374012
T 0.000000 8.061017 -2.687006
G -2.687006 5.374012 -2.687006
T 0.000000 5.374012 0.000000
W 0.000000 2.687006 2.687006
Y 2.687006 0.000000 2.687006


-16.363467	787a91100
10

Y 0.000000 0.000000 0.000000
Y 2.687006 2.687006 0.000000
D 5.374012 5.374012 0.000000
P 2.687006 8.061017 0.000000
E 0.000000 10.748023 0.000000
T 0.000000 8.061017 2.687006
G -2.687006 8.061017 0.000000
T 0.000000 5.374012 0.000000
W 0.000000 2.687006 -2.687006
Y 2.687006 0.000000 -2.687006


-16.363467	787a62100
10

Y 0.000000 0.000000 0.000000
Y 2.687006 2.687006 0.000000
D 5.374012 5.374012 0.000000
P 2.687006 8.061017 0.000000
E 2.687006 10.748023 2.687006
T 0.000000 8.061017 2.687006
G -2.687006 8.061017 0.000000
T 0.000000 5.374012 0.000000
W 0.000000 2.687006 -2.687006
Y 2.687006 0.000000 -2.687006


-16.363467	78736b100
10

Y 0.000000 0.000000 0.000000
Y 2.687006 2.687006 0.000000
D 5.374012 5.374012 0.000000
P 2.687006 8.061017 0.000000
E 0.000000 8.061017 2.687006
T -2.687006 5.374012 2.687006
G -2.687006 8.061017 0.000000
T 0.000000 5.374012 0.000000
W 0.000000 2.687006 -2.687006
Y 2.687006 0.000000 -2.687006


-16.363467	7859a1140
10

Y 0.000000 0.000000 0.000000
Y 2.687006 2.687006 0.000000
D 5.374012 2.687006 2.687006
P 2.687006 5.374012 2.687006
E 0.000000 8.061017 2.687006
T -2.687006 8.061017 0.000000
G -2.687006 5.374012 2.687006
T 0.000000 5.374012 0.000000
W 0.000000 2.687006 -2.687006
Y 2.687006 0.000000 -2.687006


-16.363467	7859a1b00
10

Y 0.000000 0.000000 0.000000
Y 2.687006 2.687006 0.000000
D 5.374012 5.374012 0.000000
P 2.687006 5.374012 2.687006
E 0.000000 8.061017 2.687006
T -2.687006 8.061017 0.000000
G -2.687006 5.374012 2.687006
T 0.000000 5.374012 0.000000
W 0.000000 2.687006 -2.687006
Y 2.687006 0.000000 -2.687006


-16.363467	7856a2140
10

Y 0.000000 0.000000 0.000000
Y 2.687006 2.687006 0.000000
D 5.374012 2.687006 2.687006
P 2.687006 5.374012 2.687006
E 2.687006 8.061017 5.374012
T 0.000000 8.061017 2.687006
G -2.687006 5.374012 2.687006
T 0.000000 5.374012 0.000000
W 0.000000 2.687006 -2.687006
Y 2.687006 0.000000 -2.687006


-16.363467	7856a2b00
10

Y 0.000000 0.000000 0.000000
Y 2.687006 2.687006 0.000000
D 5.374012 5.374012 0.000000
P 2.687006 5.374012 2.687006
E 2.687006 8.061017 5.374012
T 0.000000 8.061017 2.687006
G -2.687006 5.374012 2.687006
T 0.000000 5.374012 0.000000
W 0.000000 2.687006 -2.687006
Y 2.687006 0.000000 -2.687006


-16.363467	78563b140
10

Y 0.000000 0.000000 0.000000
Y 2.687006 2.687006 0.000000
D 5.374012 2.687006 2.687006
P 2.687006 5.374012 2.687006
E 0.000000 5.374012 5.374012
T 0.000000 8.061017 2.687006
G -2.687006 5.374012 2.687006
T 0.000000 5.374012 0.000000
W 0.000000 2.687006 -2.687006
Y 2.687006 0.000000 -2.687006


-16.363467	78563bb00
10

Y 0.000000 0.000000 0.000000
Y 2.687006 2.687006 0.000000
D 5.374012 5.374012 0.000000
P 2.687006 5.374012 2.687006
E 0.000000 5.374012 5.374012
T 0.000000 8.061017 2.687006
G -2.687006 5.374012 2.687006
T 0.000000 5.374012 0.000000
W 0.000000 2.687006 -2.687006
Y 2.687006 0.000000 -2.687006


-16.363467	76b815340
10

Y 0.000000 0.000000 0.000000
Y 2.687006 2.687006 0.000000
D 5.374012 2.687006 2.687006
P 5.374012 5.374012 0.000000
E 8.061017 5.374012 -2.687006
T 5.374012 8.061017 -2.687006
G 5.374012 5.374012 -5.374012
T 2.687006 5.374012 -2.687006
W 0.000000 2.687006 -2.687006
Y 2.687006 0.000000 -2.687006


-16.363467	76b8a0340
10

Y 0.000000 0.000000 0.000000
Y 2.687006 2.687006 0.000000
D 5.374012 2.687006 2.687006
P 5.374012 5.374012 0.000000
E 8.061017 8.061017 0.000000
T 5.374012 8.061017 -2.687006
G 5.374012 5.374012 -5.374012
T 2.687006 5.374012 -2.687006
W 0.000000 2.687006 -2.687006
Y 2.687006 0.000000 -2.687006


-16.363467	76b7a3340
10

Y 0.000000 0.000000 0.000000
Y 2.687006 2.687006 0.000000
D 5.374012 2.687006 2.687006
P 5.374012 5.374012 0.000000
E 5.374012 8.061017 -2.687006
T 2.687006 8.061017 -5.374012
G 5.374012 5.374012 -5.374012
T 2.687006 5.374012 -2.687006
W 0.000000 2.687006 -2.687006
Y 2.687006 0.000000 -2.687006


-16.363467	769a73100
10

Y 0.000000 0.000000 0.000000
Y 2.687006 2.687006 0.000000
D 5.374012 5.374012 0.000000
P 2.687006 8.061017 0.000000
E 2.687006 10.748023 -2.687006
T 5.374012 8.061017 -2.687006
G 2.687006 8.061017 -5.374012
T 2.687006 5.374012 -2.687006
W 0.000000 2.687006 -2.687006
Y 2.687006 0.000000 -2.687006


-16.363467	769a62000
10

Y 0.000000 0.000000 0.000000
Y 2.687006 2.687006 0.000000
D 5.374012 5.374012 0.000000
P 8.061017 8.061017 0.000000
E 8.061017 10.748023 2.687006
T 5.374012 8.061017 2.687006
G 2.687006 8.061017 0.000000
T 2.687006 5.374012 2.687006
W 0.000000 2.687006 2.687006
Y 2.687006 0.000000 2.687006


-16.363467	768b72100
10

Y 0.000000 0.000000 0.000000
Y 2.687006 2.687006 0.000000
D 5.374012 5.374012 0.000000
P 2.687006 8.061017 0.000000
E 2.687006 10.748023 2.687006
T 5.374012 8.061017 2.687006
G 2.687006 8.061017 5.374012
T 2.687006 5.374012 2.687006
W 0.000000 2.687006 2.687006
Y 2.687006 0.000000 2.687006


-16.363467	768b63000
10

Y 0.000000 0.000000 0.000000
Y 2.687006 2.687006 0.000000
D 5.374012 5.374012 0.000000
P 8.061017 8.061017 0.000000
E 8.061017 10.748023 -2.687006
T 5.374012 8.061017 -2.687006
G 2.687006 8.061017 0.000000
T 2.687006 5.374012 -2.687006
W 0.000000 2.687006 -2.687006
Y 2.687006 0.000000 -2.687006


-16.363467	767b81300
10

Y 0.000000 0.000000 0.000000
Y 2.687006 2.687006 0.000000
D 5.374012 5.374012 0.000000
P 5.374012 8.061017 -2.687006
E 2.687006 10.748023 -2.687006
T 2.687006 8.061017 -5.374012
G 0.000000 8.061017 -2.687006
T 2.687006 5.374012 -2.687006
W 0.000000 2.687006 -2.687006
Y 2.687006 0.000000 -2.687006


-16.363467	767b63300
10

Y 0.000000 0.000000 0.000000
Y 2.687006 2.687006 0.000000
D 5.374012 5.374012 0.000000
P 5.374012 8.061017 -2.687006
E 5.374012 10.748023 -5.374012
T 2.687006 8.061017 -5.374012
G 0.000000 8.061017 -2.687006
T 2.687006 5.374012 -2.687006
W 0.000000 2.687006 -2.687006
Y 2.687006 0.000000 -2.687006


-16.363467	767a91200
10

Y 0.000000 0.000000 0.000000
Y 2.687006 2.687006 0.000000
D 5.374012 5.374012 0.000000
P 5.374012 8.061017 2.687006
E 2.687006 10.748023 2.687006
T 2.687006 8.061017 5.374012
G 0.000000 8.061017 2.687006
T 2.687006 5.374012 2.687006
W 0.000000 2.687006 2.687006
Y 2.687006 0.000000 2.687006


-16.363467	767a62200
10

Y 0.000000 0.000000 0.000000
Y 2.687006 2.687006 0.000000
D 5.374012 5.374012 0.000000
P 5.374012 8.061017 2.687006
E 5.374012 10.748023 5.374012
T 2.687006 8.061017 5.374012
G 0.000000 8.061017 2.687006
T 2.687006 5.374012 2.687006
W 0.000000 2.687006 2.687006
Y 2.687006 0.000000 2.687006


-16.363467	766314900
10

Y 0.000000 0.000000 0.000000
Y 2.687006 2.687006 0.000000
D 5.374012 5.374012 0.000000
P 5.374012 2.687006 2.687006
E 8.061017 2.687006 5.374012
T 5.374012 5.374012 5.374012
G 5.374012 8.061017 2.687006
T 2.687006 5.374012 2.687006
W 0.000000 2.687006 2.687006
Y 2.687006 0.000000 2.687006


-16.363467	766215800
10

Y 0.000000 0.000000 0.000000
Y 2.687006 2.687006 0.000000
D 5.374012 5.374012 0.000000
P 5.374012 2.687006 -2.687006
E 8.061017 2.687006 -5.374012
T 5.374012 5.374012 -5.374012
G 5.374012 8.061017 -2.687006
T 2.687006 5.374012 -2.687006
W 0.000000 2.687006 -2.687006
Y 2.687006 0.000000 -2.687006


-16.363467	76197a300
10

Y 0.000000 0.000000 0.000000
Y 2.687006 2.687006 0.000000
D 5.374012 5.374012 0.000000
P 5.374012 8.061017 -2.687006
E 2.687006 8.061017 -5.374012
T 5.374012 5.374012 -5.374012
G 5.374012 2.687006 -2.687006
T 2.687006 5.374012 -2.687006
W 0.000000 2.687006 -2.687006
Y 2.687006 0.000000 -2.687006


-16.363467	761965300
10

Y 0.000000 0.000000 0.000000
Y 2.687006 2.687006 0.000000
D 5.374012 5.374012 0.000000
P 5.374012 8.061017 -2.687006
E 8.061017 8.061017 -5.374012
T 5.374012 5.374012 -5.374012
G 5.374012 2.687006 -2.687006
T 2.687006 5.374012 -2.687006
W 0.000000 2.687006 -2.687006
Y 2.687006 0.000000 -2.687006


-16.363467	76187b200
10

Y 0.000000 0.000000 0.000000
Y 2.687006 2.687006 0.000000
D 5.374012 5.374012 0.000000
P 5.374012 8.061017 2.687006
E 2.687006 8.061017 5.374012
T 5.374012 5.374012 5.374012
G 5.374012 2.687006 2.687006
T 2.687006 5.374012 2.687006
W 0.000000 2.687006 2.687006
Y 2.687006 0.000000 2.687006


-16.363467	761864200
10

Y 0.000000 0.000000 0.000000
Y 2.687006 2.687006 0.000000
D 5.374012 5.374012 0.000000
P 5.374012 8.061017 2.687006
E 8.061017 8.061017 5.374012
T 5.374012 5.374012 5.374012
G 5.374012 2.687006 2.687006
T 2.687006 5.374012 2.687006
W 0.000000 2.687006 2.687006
Y 2.687006 0.000000 2.687006


-16.363467	1b2695800
10

Y 0.000000 0.000000 0.000000
Y 2.687006 2.687006 0.000000
D 5.374012 5.374012 0.000000
P 5.374012 2.687006 -2.687006
E 8.061017 2.687006 -5.374012
T 8.061017 0.000000 -2.687006
G 5.374012 -2.687006 -2.687006
T 5.374012 0.000000 0.000000
W 2.687006 0.000000 2.687006
Y 0.000000 2.687006 2.687006


-16.363467	1b2648800
10

Y 0.000000 0.000000 0.000000
Y 2.687006 2.687006 0.000000
D 5.374012 5.374012 0.000000
P 5.374012 2.687006 -2.687006
E 5.374012 0.000000 -5.374012
T 8.061017 0.000000 -2.687006
G 5.374012 -2.687006 -2.687006
T 5.374012 0.000000 0.000000
W 2.687006 0.000000 2.687006
Y 0.000000 2.687006 2.687006


-16.363467	1b2a97800
10

Y 0.000000 0.000000 0.000000
Y 2.687006 2.687006 0.000000
D 5.374012 5.374012 0.000000
P 5.374012 2.687006 -2.687006
E 8.061017 0.000000 -2.687006
T 8.061017 -2.687006 0.000000
G 5.374012 -2.687006 -2.687006
T 5.374012 0.000000 0.000000
W 2.687006 0.000000 2.687006
Y 0.000000 2.687006 2.687006


-16.363467	1b1468700
10

Y 0.000000 0.000000 0.000000
Y 2.687006 2.687006 0.000000
D 5.374012 5.374012 0.000000
P 8.061017 2.687006 0.000000
E 8.061017 0.000000 -2.687006
T 5.374012 -2.687006 -2.687006
G 8.061017 -2.687006 0.000000
T 5.374012 0.000000 0.000000
W 2.687006 0.000000 2.687006
Y 0.000000 2.687006 2.687006


-16.363467	1b19a7700
10

Y 0.000000 0.000000 0.000000
Y 2.687006 2.687006 0.000000
D 5.374012 5.374012 0.000000
P 8.061017 2.687006 0.000000
E 10.748023 0.000000 0.000000
T 8.061017 0.000000 -2.687006
G 8.061017 -2.687006 0.000000
T 5.374012 0.000000 0.000000
W 2.687006 0.000000 2.687006
Y 0.000000 2.687006 2.687006


-16.363467	1b1965700
10

Y 0.000000 0.000000 0.000000
Y 2.687006 2.687006 0.000000
D 5.374012 5.374012 0.000000
P 8.061017 2.687006 0.000000
E 10.748023 2.687006 -2.687006
T 8.061017 0.000000 -2.687006
G 8.061017 -2.687006 0.000000
T 5.374012 0.000000 0.000000
W 2.687006 0.000000 2.687006
Y 0.000000 2.687006 2.687006


-16.363467	1a3684900
10

Y 0.000000 0.000000 0.000000
Y 2.687006 2.687006 0.000000
D 5.374012 5.374012 0.000000
P 5.374012 2.687006 2.687006
E 8.061017 2.687006 5.374012
T 8.061017 0.000000 2.687006
G 5.374012 -2.687006 2.687006
T 5.374012 0.000000 0.000000
W 2.687006 0.000000 -2.687006
Y 0.000000 2.687006 -2.687006


-16.363467	1a3659900
10

Y 0.000000 0.000000 0.000000
Y 2.687006 2.687006 0.000000
D 5.374012 5.374012 0.000000
P 5.374012 2.687006 2.687006
E 5.374012 0.000000 5.374012
T 8.061017 0.000000 2.687006
G 5.374012 -2.687006 2.687006
T 5.374012 0.000000 0.000000
W 2.687006 0.000000 -2.687006
Y 0.000000 2.687006 -2.687006


-16.363467	1a3b87900
10

Y 0.000000 0.000000 0.000000
Y 2.687006 2.687006 0.000000
D 5.374012 5.374012 0.000000
P 5.374012 2.687006 2.687006
E 8.061017 0.000000 2.687006
T 8.061017 -2.687006 0.000000
G 5.374012 -2.687006 2.687006
T 5.374012 0.000000 0.000000
W 2.687006 0.000000 -2.687006
Y 0.000000 2.687006 -2.687006


-16.363467	1a1569700
10

Y 0.000000 0.000000 0.000000
Y 2.687006 2.687006 0.000000
D 5.374012 5.374012 0.000000
P 8.061017 2.687006 0.000000
E 8.061017 0.000000 2.687006
T 5.374012 -2.687006 2.687006
G 8.061017 -2.687006 0.000000
T 5.374012 0.000000 0.000000
W 2.687006 0.000000 -2.687006
Y 0.000000 2.687006 -2.687006


-16.363467	1a18b7700
10

Y 0.000000 0.000000 0.000000
Y 2.687006 2.687006 0.000000
D 5.374012 5.374012 0.000000
P 8.061017 2.687006 0.000000
E 10.748023 0.000000 0.000000
T 8.061017 0.000000 2.687006
G 8.061017 -2.687006 0.000000
T 5.374012 0.000000 0.000000
W 2.687006 0.000000 -2.687006
Y 0.000000 2.687006 -2.687006


-16.363467	1a18b7540
10

Y 0.000000 0.000000 0.000000
Y 2.687006 2.687006 0.000000
D 5.374012 2.687006 2.687006
P 8.061017 2.687006 0.000000
E 10.748023 0.000000 0.000000
T 8.061017 0.000000 2.687006
G 8.061017 -2.687006 0.000000
T 5.374012 0.000000 0.000000
W 2.687006 0.000000 -2.687006
Y 0.000000 2.687006 -2.687006


-16.363467	1a1864700
10

Y 0.000000 0.000000 0.000000
Y 2.687006 2.687006 0.000000
D 5.374012 5.374012 0.000000
P 8.061017 2.687006 0.000000
E 10.748023 2.687006 2.687006
T 8.061017 0.000000 2.687006
G 8.061017 -2.687006 0.000000
T 5.374012 0.000000 0.000000
W 2.687006 0.000000 -2.687006
Y 0.000000 2.687006 -2.687006


-16.363467	1ab365740
10

Y 0.000000 0.000000 0.000000
Y 2.687006 2.687006 0.000000
D 5.374012 2.687006 2.687006
P 8.061017 0.000000 2.687006
E 10.748023 0.000000 0.000000
T 8.061017 -2.687006 0.000000
G 8.061017 0.000000 -2.687006
T 5.374012 0.000000 0.000000
W 2.687006 0.000000 -2.687006
Y 0.000000 2.687006 -2.687006


-16.363467	1ab3a7740
10

Y 0.000000 0.000000 0.000000
Y 2.687006 2.687006 0.000000
D 5.374012 2.687006 2.687006
P 8.061017 0.000000 2.687006
E 10.748023 -2.687006 2.687006
T 8.061017 -2.687006 0.000000
G 8.061017 0.000000 -2.687006
T 5.374012 0.000000 0.000000
W 2.687006 0.000000 -2.687006
Y 0.000000 2.687006 -2.687006


-16.363467	1aa059640
10

Y 0.000000 0.000000 0.000000
Y 2.687006 2.687006 0.000000
D 5.374012 2.687006 2.687006
P 2.687006 0.000000 2.687006
E 2.687006 -2.687006 5.374012
T 5.374012 -2.687006 2.687006
G 8.061017 0.000000 2.687006
T 5.374012 0.000000 0.000000
W 2.687006 0.000000 -2.687006
Y 0.000000 2.687006 -2.687006


-16.363467	1a63a7440
10

Y 0.000000 0.000000 0.000000
Y 2.687006 2.687006 0.000000
D 5.374012 2.687006 2.687006
P 8.061017 2.687006 5.374012
E 10.748023 0.000000 5.374012
T 8.061017 0.000000 2.687006
G 8.061017 2.687006 0.000000
T 5.374012 0.000000 0.000000
W 2.687006 0.000000 -2.687006
Y 0.000000 2.687006 -2.687006


-16.363467	1a51b8740
10

Y 0.000000 0.000000 0.000000
Y 2.687006 2.687006 0.000000
D 5.374012 2.687006 2.687006
P 8.061017 0.000000 2.687006
E 8.061017 -2.687006 0.000000
T 5.374012 -2.687006 2.687006
G 2.687006 0.000000 2.687006
T 5.374012 0.000000 0.000000
W 2.687006 0.000000 -2.687006
Y 0.000000 2.687006 -2.687006


-16.363467	1a51a9740
10

Y 0.000000 0.000000 0.000000
Y 2.687006 2.687006 0.000000
D 5.374012 2.687006 2.687006
P 8.061017 0.000000 2.687006
E 8.061017 -2.687006 5.374012
T 5.374012 -2.687006 2.687006
G 2.687006 0.000000 2.687006
T 5.374012 0.000000 0.000000
W 2.687006 0.000000 -2.687006
Y 0.000000 2.687006 -2.687006


-16.363467	7bb815800
10

Y 0.000000 0.000000 0.000000
Y 2.687006 2.687006 0.000000
D 5.374012 5.374012 0.000000
P 5.374012 2.687006 -2.687006
E 8.061017 2.687006 -5.374012
T 5.374012 5.374012 -5.374012
G 5.374012 2.687006 -8.061017
T 2.687006 2.687006 -5.374012
W 0.000000 2.687006 -2.687006
Y 2.687006 0.000000 -2.687006


-16.363467	7ba97a300
10

Y 0.000000 0.000000 0.000000
Y 2.687006 2.687006 0.000000
D 5.374012 5.374012 0.000000
P 5.374012 8.061017 -2.687006
E 2.687006 8.061017 -5.374012
T 5.374012 5.374012 -5.374012
G 5.374012 2.687006 -2.687006
T 2.687006 2.687006 -5.374012
W 0.000000 2.687006 -2.687006
Y 2.687006 0.000000 -2.687006


-16.363467	7ba965300
10

Y 0.000000 0.000000 0.000000
Y 2.687006 2.687006 0.000000
D 5.374012 5.374012 0.000000
P 5.374012 8.061017 -2.687006
E 8.061017 8.061017 -5.374012
T 5.374012 5.374012 -5.374012
G 5.374012 2.687006 -2.687006
T 2.687006 2.687006 -5.374012
W 0.000000 2.687006 -2.687006
Y 2.687006 0.000000 -2.687006


-16.363467	7b9a73a00
10

Y 0.000000 0.000000 0.000000
Y 2.687006 2.687006 0.000000
D 5.374012 5.374012 0.000000
P 2.687006 5.374012 -2.687006
E 2.687006 8.061017 -5.374012
T 5.374012 5.374012 -5.374012
G 2.687006 5.374012 -8.061017
T 2.687006 2.687006 -5.374012
W 0.000000 2.687006 -2.687006
Y 2.687006 0.000000 -2.687006


-16.363467	7b8b18500
10

Y 0.000000 0.000000 0.000000
Y 2.687006 2.687006 0.000000
D 5.374012 5.374012 0.000000
P 8.061017 5.374012 -2.687006
E 8.061017 2.687006 -5.374012
T 5.374012 5.374012 -5.374012
G 2.687006 5.374012 -2.687006
T 2.687006 2.687006 -5.374012
W 0.000000 2.687006 -2.687006
Y 2.687006 0.000000 -2.687006


-16.363467	7b8b63500
10

Y 0.000000 0.000000 0.000000
Y 2.687006 2.687006 0.000000
D 5.374012 5.374012 0.000000
P 8.061017 5.374012 -2.687006
E 8.061017 8.061017 -5.374012
T 5.374012 5.374012 -5.374012
G 2.687006 5.374012 -2.687006
T 2.687006 2.687006 -5.374012
W 0.000000 2.687006 -2.687006
Y 2.687006 0.000000 -2.687006


-16.363467	7ab87b200
10

Y 0.000000 0.000000 0.000000
Y 2.687006 2.687006 0.000000
D 5.374012 5.374012 0.000000
P 5.374012 8.061017 2.687006
E 2.687006 8.061017 5.374012
T 5.374012 5.374012 5.374012
G 5.374012 2.687006 2.687006
T 2.687006 2.687006 5.374012
W 0.000000 2.687006 2.687006
Y 2.687006 0.000000 2.687006


-16.363467	7ab864200
10

Y 0.000000 0.000000 0.000000
Y 2.687006 2.687006 0.000000
D 5.374012 5.374012 0.000000
P 5.374012 8.061017 2.687006
E 8.061017 8.061017 5.374012
T 5.374012 5.374012 5.374012
G 5.374012 2.687006 2.687006
T 2.687006 2.687006 5.374012
W 0.000000 2.687006 2.687006
Y 2.687006 0.000000 2.687006


-16.363467	7aa914900
10

Y 0.000000 0.000000 0.000000
Y 2.687006 2.687006 0.000000
D 5.374012 5.374012 0.000000
P 5.374012 2.687006 2.687006
E 8.061017 2.687006 5.374012
T 5.374012 5.374012 5.374012
G 5.374012 2.687006 8.061017
T 2.687006 2.687006 5.374012
W 0.000000 2.687006 2.687006
Y 2.687006 0.000000 2.687006


-16.363467	7a9a19400
10

Y 0.000000 0.000000 0.000000
Y 2.687006 2.687006 0.000000
D 5.374012 5.374012 0.000000
P 8.061017 5.374012 2.687006
E 8.061017 2.687006 5.374012
T 5.374012 5.374012 5.374012
G 2.687006 5.374012 2.687006
T 2.687006 2.687006 5.374012
W 0.000000 2.687006 2.687006
Y 2.687006 0.000000 2.687006


-16.363467	7a9a62400
10

Y 0.000000 0.000000 0.000000
Y 2.687006 2.687006 0.000000
D 5.374012 5.374012 0.000000
P 8.061017 5.374012 2.687006
E 8.061017 8.061017 5.374012
T 5.374012 5.374012 5.374012
G 2.687006 5.374012 2.687006
T 2.687006 2.687006 5.374012
W 0.000000 2.687006 2.687006
Y 2.687006 0.000000 2.687006


-16.363467	7a8b72b00
10

Y 0.000000 0.000000 0.000000
Y 2.687006 2.687006 0.000000
D 5.374012 5.374012 0.000000
P 2.687006 5.374012 2.687006
E 2.687006 8.061017 5.374012
T 5.374012 5.374012 5.374012
G 2.687006 5.374012 8.061017
T 2.687006 2.687006 5.374012
W 0.000000 2.687006 2.687006
Y 2.687006 0.000000 2.687006


-16.363467	19b815800
10

Y 0.000000 0.000000 0.000000
Y 2.687006 2.687006 0.000000
D 5.374012 5.374012 0.000000
P 5.374012 2.687006 -2.687006
E 8.061017 2.687006 -5.374012
T 5.374012 5.374012 -5.374012
G 5.374012 2.687006 -8.061017
T 2.687006 2.687006 -5.374012
W 2.687006 0.000000 -2.687006
Y 0.000000 2.687006 -2.687006


-16.363467	19a97a300
10

Y 0.000000 0.000000 0.000000
Y 2.687006 2.687006 0.000000
D 5.374012 5.374012 0.000000
P 5.374012 8.061017 -2.687006
E 2.687006 8.061017 -5.374012
T 5.374012 5.374012 -5.374012
G 5.374012 2.687006 -2.687006
T 2.687006 2.687006 -5.374012
W 2.687006 0.000000 -2.687006
Y 0.000000 2.687006 -2.687006


-16.363467	19a965300
10

Y 0.000000 0.000000 0.000000
Y 2.687006 2.687006 0.000000
D 5.374012 5.374012 0.000000
P 5.374012 8.061017 -2.687006
E 8.061017 8.061017 -5.374012
T 5.374012 5.374012 -5.374012
G 5.374012 2.687006 -2.687006
T 2.687006 2.687006 -5.374012
W 2.687006 0.000000 -2.687006
Y 0.000000 2.687006 -2.687006


-16.363467	199a73a00
10

Y 0.000000 0.000000 0.000000
Y 2.687006 2.687006 0.000000
D 5.374012 5.374012 0.000000
P 2.687006 5.374012 -2.687006
E 2.687006 8.061017 -5.374012
T 5.374012 5.374012 -5.374012
G 2.687006 5.374012 -8.061017
T 2.687006 2.687006 -5.374012
W 2.687006 0.000000 -2.687006
Y 0.000000 2.687006 -2.687006


-16.363467	198b18500
10

Y 0.000000 0.000000 0.000000
Y 2.687006 2.687006 0.000000
D 5.374012 5.374012 0.000000
P 8.061017 5.374012 -2.687006
E 8.061017 2.687006 -5.374012
T 5.374012 5.374012 -5.374012
G 2.687006 5.374012 -2.687006
T 2.687006 2.687006 -5.374012
W 2.687006 0.000000 -2.687006
Y 0.000000 2.687006 -2.687006


-16.363467	198b63500
10

Y 0.000000 0.000000 0.000000
Y 2.687006 2.687006 0.000000
D 5.374012 5.374012 0.000000
P 8.061017 5.374012 -2.687006
E 8.061017 8.061017 -5.374012
T 5.374012 5.374012 -5.374012
G 2.687006 5.374012 -2.687006
T 2.687006 2.687006 -5.374012
W 2.687006 0.000000 -2.687006
Y 0.000000 2.687006 -2.687006


-16.363467	18b87b200
10

Y 0.000000 0.000000 0.000000
Y 2.687006 2.687006 0.000000
D 5.374012 5.374012 0.000000
P 5.374012 8.061017 2.687006
E 2.687006 8.061017 5.374012
T 5.374012 5.374012 5.374012
G 5.374012 2.687006 2.687006
T 2.687006 2.687006 5.374012
W 2.687006 0.000000 2.687006
Y 0.000000 2.687006 2.687006


-16.363467	18b864200
10

Y 0.000000 0.000000 0.000000
Y 2.687006 2.687006 0.000000
D 5.374012 5.374012 0.000000
P 5.374012 8.061017 2.687006
E 8.061017 8.061017 5.374012
T 5.374012 5.374012 5.374012
G 5.374012 2.687006 2.687006
T 2.687006 2.687006 5.374012
W 2.687006 0.000000 2.687006
Y 0.000000 2.687006 2.687006


-16.363467	18a914900
10

Y 0.000000 0.000000 0.000000
Y 2.687006 2.687006 0.000000
D 5.374012 5.374012 0.000000
P 5.374012 2.687006 2.687006
E 8.061017 2.687006 5.374012
T 5.374012 5.374012 5.374012
G 5.374012 2.687006 8.061017
T 2.687006 2.687006 5.374012
W 2.687006 0.000000 2.687006
Y 0.000000 2.687006 2.687006


-16.363467	189a19400
10

Y 0.000000 0.000000 0.000000
Y 2.687006 2.687006 0.000000
D 5.374012 5.374012 0.000000
P 8.061017 5.374012 2.687006
E 8.061017 2.687006 5.374012
T 5.374012 5.374012 5.374012
G 2.687006 5.374012 2.687006
T 2.687006 2.687006 5.374012
W 2.687006 0.000000 2.687006
Y 0.000000 2.687006 2.687006


-16.363467	189a62400
10

Y 0.000000 0.000000 0.000000
Y 2.687006 2.687006 0.000000
D 5.374012 5.374012 0.000000
P 8.061017 5.374012 2.687006
E 8.061017 8.061017 5.374012
T 5.374012 5.374012 5.374012
G 2.687006 5.374012 2.687006
T 2.687006 2.687006 5.374012
W 2.687006 0.000000 2.687006
Y 0.000000 2.687006 2.687006


-16.363467	188b72b00
10

Y 0.000000 0.000000 0.000000
Y 2.687006 2.687006 0.000000
D 5.374012 5.374012 0.000000
P 2.687006 5.374012 2.687006
E 2.687006 8.061017 5.374012
T 5.374012 5.374012 5.374012
G 2.687006 5.374012 8.061017
T 2.687006 2.687006 5.374012
W 2.687006 0.000000 2.687006
Y 0.000000 2.687006 2.687006
