-59.320000	8b8b70910
10

Q 0.000000 0.000000 0.000000
Y 2.687006 2.687006 0.000000
Q 0.000000 5.374012 0.000000
F 0.000000 2.687006 2.687006
W 2.687006 5.374012 2.687006
K 5.374012 2.687006 2.687006
N 2.687006 2.687006 5.374012
F 2.687006 0.000000 2.687006
Q 0.000000 0.000000 5.374012
T 0.000000 -2.687006 2.687006


-59.320000	9a9a70810
10

Q 0.000000 0.000000 0.000000
Y 2.687006 2.687006 0.000000
Q 0.000000 5.374012 0.000000
F 0.000000 2.687006 -2.687006
W 2.687006 5.374012 -2.687006
K 5.374012 2.687006 -2.687006
N 2.687006 2.687006 -5.374012
F 2.687006 0.000000 -2.687006
Q 0.000000 0.000000 -5.374012
T 0.000000 -2.687006 -2.687006


-59.320000	ab8b70910
10

Q 0.000000 0.000000 0.000000
Y 2.687006 2.687006 0.000000
Q 0.000000 5.374012 0.000000
F 0.000000 2.687006 2.687006
W 2.687006 5.374012 2.687006
K 5.374012 2.687006 2.687006
N 2.687006 2.687006 5.374012
F 2.687006 0.000000 2.687006
Q 0.000000 0.000000 5.374012
T -2.687006 0.000000 2.687006


-59.320000	ba9a70810
10

Q 0.000000 0.000000 0.000000
Y 2.687006 2.687006 0.000000
Q 0.000000 5.374012 0.000000
F 0.000000 2.687006 -2.687006
W 2.687006 5.374012 -2.687006
K 5.374012 2.687006 -2.687006
N 2.687006 2.687006 -5.374012
F 2.687006 0.000000 -2.687006
Q 0.000000 0.000000 -5.374012
T -2.687006 0.000000 -2.687006


-59.320000	ab3b07910
10

Q 0.000000 0.000000 0.000000
Y 2.687006 2.687006 0.000000
Q 0.000000 5.374012 0.000000
F 0.000000 2.687006 2.687006
W 2.687006 0.000000 2.687006
K 5.374012 2.687006 2.687006
N 2.687006 2.687006 5.374012
F 2.687006 5.374012 2.687006
Q 0.000000 5.374012 5.374012
T -2.687006 5.374012 2.687006


-59.320000	ba2a07810
10

Q 0.000000 0.000000 0.000000
Y 2.687006 2.687006 0.000000
Q 0.000000 5.374012 0.000000
F 0.000000 2.687006 -2.687006
W 2.687006 0.000000 -2.687006
K 5.374012 2.687006 -2.687006
N 2.687006 2.687006 -5.374012
F 2.687006 5.374012 -2.687006
Q 0.000000 5.374012 -5.374012
T -2.687006 5.374012 -2.687006


-59.320000	2a2a07810
10

Q 0.000000 0.000000 0.000000
Y 2.687006 2.687006 0.000000
Q 0.000000 5.374012 0.000000
F 0.000000 2.687006 -2.687006
W 2.687006 0.000000 -2.687006
K 5.374012 2.687006 -2.687006
N 2.687006 2.687006 -5.374012
F 2.687006 5.374012 -2.687006
Q 0.000000 5.374012 -5.374012
T 0.000000 8.061017 -2.687006


-59.320000	3b3b07910
10

Q 0.000000 0.000000 0.000000
Y 2.687006 2.687006 0.000000
Q 0.000000 5.374012 0.000000
F 0.000000 2.687006 2.687006
W 2.687006 0.000000 2.687006
K 5.374012 2.687006 2.687006
N 2.687006 2.687006 5.374012
F 2.687006 5.374012 2.687006
Q 0.000000 5.374012 5.374012
T 0.000000 8.061017 2.687006
