-57.220000	b36512640
10

Q 0.000000 0.000000 0.000000
Y 2.687006 2.687006 0.000000
Q 5.374012 2.687006 2.687006
F 2.687006 0.000000 2.687006
W 2.687006 2.687006 5.374012
K 0.000000 5.374012 5.374012
N 2.687006 5.374012 2.687006
F 0.000000 2.687006 2.687006
Q 0.000000 5.374012 0.000000
T -2.687006 5.374012 2.687006


-57.220000	7b9523ba0
10

Q 0.000000 0.000000 0.000000
Y 2.687006 2.687006 0.000000
Q 0.000000 2.687006 -2.687006
F -2.687006 2.687006 0.000000
W -2.687006 5.374012 -2.687006
K -2.687006 8.061017 0.000000
N 0.000000 8.061017 -2.687006
F 0.000000 5.374012 0.000000
Q -2.687006 5.374012 2.687006
T 0.000000 2.687006 2.687006


-57.220000	9a7ab42a0
10

Q 0.000000 0.000000 0.000000
Y 2.687006 2.687006 0.000000
Q 0.000000 2.687006 -2.687006
F 0.000000 5.374012 0.000000
W 2.687006 5.374012 2.687006
K 0.000000 5.374012 5.374012
N -2.687006 5.374012 2.687006
F 0.000000 2.687006 2.687006
Q -2.687006 2.687006 0.000000
T -2.687006 0.000000 2.687006


-57.220000	7248ba2a0
10

Q 0.000000 0.000000 0.000000
Y 2.687006 2.687006 0.000000
Q 0.000000 2.687006 -2.687006
F 0.000000 5.374012 0.000000
W -2.687006 5.374012 -2.687006
K -5.374012 5.374012 0.000000
N -5.374012 2.687006 -2.687006
F -2.687006 2.687006 0.000000
Q -2.687006 5.374012 2.687006
T 0.000000 2.687006 2.687006


-57.220000	3a7ab42a0
10

Q 0.000000 0.000000 0.000000
Y 2.687006 2.687006 0.000000
Q 0.000000 2.687006 -2.687006
F 0.000000 5.374012 0.000000
W 2.687006 5.374012 2.687006
K 0.000000 5.374012 5.374012
N -2.687006 5.374012 2.687006
F 0.000000 2.687006 2.687006
Q -2.687006 2.687006 0.000000
T -2.687006 5.374012 -2.687006


-57.220000	6aa048640
10

Q 0.000000 0.000000 0.000000
Y 2.687006 2.687006 0.000000
Q 5.374012 2.687006 2.687006
F 2.687006 0.000000 2.687006
W 2.687006 -2.687006 0.000000
K 5.374012 -2.687006 2.687006
N 8.061017 0.000000 2.687006
F 5.374012 0.000000 0.000000
Q 2.687006 0.000000 -2.687006
T 0.000000 -2.687006 -2.687006


-57.220000	1552b7910
10

Q 0.000000 0.000000 0.000000
Y 2.687006 2.687006 0.000000
Q 0.000000 5.374012 0.000000
F 0.000000 2.687006 2.687006
W 2.687006 0.000000 2.687006
K 0.000000 0.000000 5.374012
N 0.000000 2.687006 8.061017
F 2.687006 2.687006 5.374012
Q 5.374012 2.687006 2.687006
T 2.687006 5.374012 2.687006


-57.220000	1534b7910
10

Q 0.000000 0.000000 0.000000
Y 2.687006 2.687006 0.000000
Q 0.000000 5.374012 0.000000
F 0.000000 2.687006 2.687006
W 2.687006 0.000000 2.687006
K 0.000000 0.000000 5.374012
N 2.687006 0.000000 8.061017
F 2.687006 2.687006 5.374012
Q 5.374012 2.687006 2.687006
T 2.687006 5.374012 2.687006


-57.220000	1443a7810
10

Q 0.000000 0.000000 0.000000
Y 2.687006 2.687006 0.000000
Q 0.000000 5.374012 0.000000
F 0.000000 2.687006 -2.687006
W 2.687006 0.000000 -2.687006
K 0.000000 0.000000 -5.374012
N 0.000000 2.687006 -8.061017
F 2.687006 2.687006 -5.374012
Q 5.374012 2.687006 -2.687006
T 2.687006 5.374012 -2.687006


-57.220000	1425a7810
10

Q 0.000000 0.000000 0.000000
Y 2.687006 2.687006 0.000000
Q 0.000000 5.374012 0.000000
F 0.000000 2.687006 -2.687006
W 2.687006 0.000000 -2.687006
K 0.000000 0.000000 -5.374012
N 2.687006 0.000000 -8.061017
F 2.687006 2.687006 -5.374012
Q 5.374012 2.687006 -2.687006
T 2.687006 5.374012 -2.687006


-57.220000	6584b0910
10

Q 0.000000 0.000000 0.000000
Y 2.687006 2.687006 0.000000
Q 0.000000 5.374012 0.000000
F 0.000000 2.687006 2.687006
W 2.687006 5.374012 2.687006
K 0.000000 5.374012 5.374012
N 2.687006 5.374012 8.061017
F 2.687006 2.687006 5.374012
Q 5.374012 2.687006 2.687006
T 2.687006 0.000000 2.687006


-57.220000	4351b8b40
10

Q 0.000000 0.000000 0.000000
Y 2.687006 2.687006 0.000000
Q 5.374012 2.687006 2.687006
F 2.687006 2.687006 5.374012
W 2.687006 0.000000 2.687006
K 0.000000 0.000000 5.374012
N -2.687006 2.687006 5.374012
F 0.000000 2.687006 2.687006
Q 0.000000 5.374012 0.000000
T 2.687006 5.374012 2.687006


-57.220000	6559b0910
10

Q 0.000000 0.000000 0.000000
Y 2.687006 2.687006 0.000000
Q 0.000000 5.374012 0.000000
F 0.000000 2.687006 2.687006
W 2.687006 5.374012 2.687006
K 0.000000 5.374012 5.374012
N 0.000000 2.687006 8.061017
F 2.687006 2.687006 5.374012
Q 5.374012 2.687006 2.687006
T 2.687006 0.000000 2.687006


-57.220000	6495a0810
10

Q 0.000000 0.000000 0.000000
Y 2.687006 2.687006 0.000000
Q 0.000000 5.374012 0.000000
F 0.000000 2.687006 -2.687006
W 2.687006 5.374012 -2.687006
K 0.000000 5.374012 -5.374012
N 2.687006 5.374012 -8.061017
F 2.687006 2.687006 -5.374012
Q 5.374012 2.687006 -2.687006
T 2.687006 0.000000 -2.687006


-57.220000	6448a0810
10

Q 0.000000 0.000000 0.000000
Y 2.687006 2.687006 0.000000
Q 0.000000 5.374012 0.000000
F 0.000000 2.687006 -2.687006
W 2.687006 5.374012 -2.687006
K 0.000000 5.374012 -5.374012
N 0.000000 2.687006 -8.061017
F 2.687006 2.687006 -5.374012
Q 5.374012 2.687006 -2.687006
T 2.687006 0.000000 -2.687006


-57.220000	400a62640
10

Q 0.000000 0.000000 0.000000
Y 2.687006 2.687006 0.000000
Q 5.374012 2.687006 2.687006
F 2.687006 0.000000 2.687006
W 2.687006 2.687006 5.374012
K 0.000000 0.000000 5.374012
N -2.687006 0.000000 2.687006
F 0.000000 2.687006 2.687006
Q 2.687006 5.374012 2.687006
T 5.374012 5.374012 5.374012


-57.220000	9a76142a0
10

Q 0.000000 0.000000 0.000000
Y 2.687006 2.687006 0.000000
Q 0.000000 2.687006 -2.687006
F 0.000000 5.374012 0.000000
W 2.687006 5.374012 2.687006
K 0.000000 8.061017 2.687006
N -2.687006 5.374012 2.687006
F 0.000000 2.687006 2.687006
Q -2.687006 2.687006 0.000000
T -2.687006 0.000000 2.687006


-57.220000	513729ba0
10

Q 0.000000 0.000000 0.000000
Y 2.687006 2.687006 0.000000
Q 0.000000 2.687006 -2.687006
F -2.687006 2.687006 0.000000
W -2.687006 0.000000 2.687006
K -2.687006 2.687006 5.374012
N 0.000000 0.000000 5.374012
F 0.000000 2.687006 2.687006
Q -2.687006 5.374012 2.687006
T 0.000000 5.374012 0.000000


-57.220000	734158640
10

Q 0.000000 0.000000 0.000000
Y 2.687006 2.687006 0.000000
Q 5.374012 2.687006 2.687006
F 2.687006 0.000000 2.687006
W 2.687006 -2.687006 0.000000
K 5.374012 -2.687006 -2.687006
N 2.687006 0.000000 -2.687006
F 5.374012 0.000000 0.000000
Q 5.374012 2.687006 -2.687006
T 8.061017 0.000000 -2.687006


-57.220000	3a76142a0
10

Q 0.000000 0.000000 0.000000
Y 2.687006 2.687006 0.000000
Q 0.000000 2.687006 -2.687006
F 0.000000 5.374012 0.000000
W 2.687006 5.374012 2.687006
K 0.000000 8.061017 2.687006
N -2.687006 5.374012 2.687006
F 0.000000 2.687006 2.687006
Q -2.687006 2.687006 0.000000
T -2.687006 5.374012 -2.687006
