689, 690, 691, 686, 977, 978, 979, 974, 1265, 1266, 1271, 1272, 1275, 1274, 1273, 940, 989, 986, 985, 694
398, 689, 690, 691, 686, 977, 978, 979, 974, 1265, 932, 1223, 1218, 1217, 926, 925, 880, 929, 638, 643
403, 398, 689, 690, 691, 686, 977, 978, 979, 974, 973, 924, 1257, 966, 971, 968, 967, 678, 683, 682
402, 403, 398, 689, 690, 691, 686, 977, 978, 979, 976, 1021, 1022, 1313, 980, 1029, 1026, 1025, 692, 741
401, 402, 403, 398, 689, 690, 691, 686, 977, 978, 983, 984, 987, 986, 985, 652, 701, 698, 697, 406
110, 401, 402, 403, 398, 689, 690, 691, 686, 977, 644, 935, 930, 929, 638, 637, 592, 641, 350, 355
441, 392, 395, 396, 687, 398, 689, 690, 691, 686, 685, 636, 969, 970, 971, 968, 967, 678, 683, 680
166, 455, 450, 453, 404, 403, 398, 689, 690, 691, 688, 733, 734, 1025, 1026, 1031, 740, 739, 738, 743
635, 634, 639, 348, 681, 682, 687, 398, 689, 690, 691, 692, 741, 738, 739, 734, 1025, 976, 975, 970
360, 405, 402, 401, 352, 397, 348, 639, 640, 689, 690, 691, 686, 977, 978, 983, 692, 741, 696, 745
351, 352, 401, 110, 399, 400, 445, 396, 687, 398, 689, 690, 691, 686, 977, 644, 693, 648, 647, 358
108, 399, 110, 115, 116, 407, 408, 453, 404, 403, 398, 689, 690, 691, 686, 685, 640, 639, 348, 347
165, 116, 115, 114, 117, 68, 359, 360, 405, 402, 403, 398, 689, 690, 691, 688, 687, 396, 445, 442
388, 679, 674, 673, 340, 631, 342, 347, 348, 681, 682, 685, 640, 689, 690, 691, 686, 975, 684, 1017
1081, 1032, 1031, 742, 741, 738, 743, 452, 451, 446, 737, 688, 687, 398, 689, 690, 691, 692, 983, 984
972, 1021, 976, 975, 686, 977, 928, 931, 930, 935, 644, 693, 648, 647, 356, 689, 690, 691, 688, 733
699, 696, 745, 412, 411, 406, 697, 364, 363, 360, 405, 356, 647, 642, 643, 640, 689, 690, 691, 688
402, 403, 400, 399, 394, 397, 352, 351, 346, 347, 348, 639, 350, 641, 642, 643, 640, 689, 690, 691
