-49.520000	2518692a0
10

Y 0.000000 0.000000 0.000000
Y 2.687006 2.687006 0.000000
D 0.000000 2.687006 -2.687006
P 0.000000 5.374012 0.000000
E 0.000000 2.687006 2.687006
T -2.687006 0.000000 2.687006
G -2.687006 -2.687006 0.000000
T -5.374012 0.000000 0.000000
W -2.687006 0.000000 -2.687006
Y -2.687006 2.687006 0.000000


-49.520000	237a692a0
10

Y 0.000000 0.000000 0.000000
Y 2.687006 2.687006 0.000000
D 0.000000 2.687006 -2.687006
P 0.000000 5.374012 0.000000
E 0.000000 2.687006 2.687006
T -2.687006 0.000000 2.687006
G -5.374012 0.000000 0.000000
T -2.687006 -2.687006 0.000000
W -2.687006 0.000000 -2.687006
Y -2.687006 2.687006 0.000000


-49.520000	ba7304ba0
10

Y 0.000000 0.000000 0.000000
Y 2.687006 2.687006 0.000000
D 0.000000 2.687006 -2.687006
P -2.687006 2.687006 0.000000
E 0.000000 2.687006 2.687006
T 2.687006 5.374012 2.687006
G 2.687006 8.061017 0.000000
T 5.374012 5.374012 0.000000
W 2.687006 5.374012 -2.687006
Y 0.000000 5.374012 0.000000


-49.520000	b81504ba0
10

Y 0.000000 0.000000 0.000000
Y 2.687006 2.687006 0.000000
D 0.000000 2.687006 -2.687006
P -2.687006 2.687006 0.000000
E 0.000000 2.687006 2.687006
T 2.687006 5.374012 2.687006
G 5.374012 5.374012 0.000000
T 2.687006 8.061017 0.000000
W 2.687006 5.374012 -2.687006
Y 0.000000 5.374012 0.000000
