-48.050000	152b97810
10

Y 0.000000 0.000000 0.000000
Y 2.687006 2.687006 0.000000
D 0.000000 5.374012 0.000000
P 0.000000 2.687006 -2.687006
E 2.687006 0.000000 -2.687006
T 2.687006 -2.687006 0.000000
G 0.000000 -2.687006 2.687006
T 0.000000 0.000000 5.374012
W 2.687006 0.000000 2.687006
Y 0.000000 2.687006 2.687006


-48.050000	143a87910
10

Y 0.000000 0.000000 0.000000
Y 2.687006 2.687006 0.000000
D 0.000000 5.374012 0.000000
P 0.000000 2.687006 2.687006
E 2.687006 0.000000 2.687006
T 2.687006 -2.687006 0.000000
G 0.000000 -2.687006 -2.687006
T 0.000000 0.000000 -5.374012
W 2.687006 0.000000 -2.687006
Y 0.000000 2.687006 -2.687006


-48.050000	165049ba0
10

Y 0.000000 0.000000 0.000000
Y 2.687006 2.687006 0.000000
D 0.000000 2.687006 -2.687006
P -2.687006 2.687006 0.000000
E -2.687006 0.000000 2.687006
T 0.000000 0.000000 5.374012
G 2.687006 2.687006 5.374012
T 5.374012 2.687006 2.687006
W 2.687006 0.000000 2.687006
Y 0.000000 2.687006 2.687006


-48.050000	165049610
10

Y 0.000000 0.000000 0.000000
Y 2.687006 2.687006 0.000000
D 0.000000 5.374012 0.000000
P -2.687006 2.687006 0.000000
E -2.687006 0.000000 2.687006
T 0.000000 0.000000 5.374012
G 2.687006 2.687006 5.374012
T 5.374012 2.687006 2.687006
W 2.687006 0.000000 2.687006
Y 0.000000 2.687006 2.687006


-48.050000	164058610
10

Y 0.000000 0.000000 0.000000
Y 2.687006 2.687006 0.000000
D 0.000000 5.374012 0.000000
P -2.687006 2.687006 0.000000
E -2.687006 0.000000 -2.687006
T 0.000000 0.000000 -5.374012
G 2.687006 2.687006 -5.374012
T 5.374012 2.687006 -2.687006
W 2.687006 0.000000 -2.687006
Y 0.000000 2.687006 -2.687006


-48.050000	1268742a0
10

Y 0.000000 0.000000 0.000000
Y 2.687006 2.687006 0.000000
D 0.000000 2.687006 -2.687006
P 0.000000 5.374012 0.000000
E 2.687006 5.374012 2.687006
T 5.374012 2.687006 2.687006
G 5.374012 0.000000 0.000000
T 2.687006 -2.687006 0.000000
W 2.687006 0.000000 2.687006
Y 0.000000 2.687006 2.687006


-48.050000	1086942a0
10

Y 0.000000 0.000000 0.000000
Y 2.687006 2.687006 0.000000
D 0.000000 2.687006 -2.687006
P 0.000000 5.374012 0.000000
E 2.687006 5.374012 2.687006
T 2.687006 2.687006 5.374012
G 0.000000 0.000000 5.374012
T 0.000000 -2.687006 2.687006
W 2.687006 0.000000 2.687006
Y 0.000000 2.687006 2.687006


-48.050000	1b0579ba0
10

Y 0.000000 0.000000 0.000000
Y 2.687006 2.687006 0.000000
D 0.000000 2.687006 -2.687006
P -2.687006 2.687006 0.000000
E -2.687006 0.000000 2.687006
T 0.000000 -2.687006 2.687006
G 2.687006 -2.687006 0.000000
T 5.374012 0.000000 0.000000
W 2.687006 0.000000 2.687006
Y 0.000000 2.687006 2.687006


-48.050000	1b0579610
10

Y 0.000000 0.000000 0.000000
Y 2.687006 2.687006 0.000000
D 0.000000 5.374012 0.000000
P -2.687006 2.687006 0.000000
E -2.687006 0.000000 2.687006
T 0.000000 -2.687006 2.687006
G 2.687006 -2.687006 0.000000
T 5.374012 0.000000 0.000000
W 2.687006 0.000000 2.687006
Y 0.000000 2.687006 2.687006


-48.050000	1a0478610
10

Y 0.000000 0.000000 0.000000
Y 2.687006 2.687006 0.000000
D 0.000000 5.374012 0.000000
P -2.687006 2.687006 0.000000
E -2.687006 0.000000 -2.687006
T 0.000000 -2.687006 -2.687006
G 2.687006 -2.687006 0.000000
T 5.374012 0.000000 0.000000
W 2.687006 0.000000 -2.687006
Y 0.000000 2.687006 -2.687006


-48.050000	19a357910
10

Y 0.000000 0.000000 0.000000
Y 2.687006 2.687006 0.000000
D 0.000000 5.374012 0.000000
P 0.000000 2.687006 2.687006
E 2.687006 0.000000 2.687006
T 5.374012 0.000000 0.000000
G 5.374012 2.687006 -2.687006
T 2.687006 2.687006 -5.374012
W 2.687006 0.000000 -2.687006
Y 0.000000 2.687006 -2.687006


-48.050000	18b247810
10

Y 0.000000 0.000000 0.000000
Y 2.687006 2.687006 0.000000
D 0.000000 5.374012 0.000000
P 0.000000 2.687006 -2.687006
E 2.687006 0.000000 -2.687006
T 5.374012 0.000000 0.000000
G 5.374012 2.687006 2.687006
T 2.687006 2.687006 5.374012
W 2.687006 0.000000 2.687006
Y 0.000000 2.687006 2.687006
