-48.590000	6a074b1a0
10

Y 0.000000 0.000000 0.000000
Y 2.687006 2.687006 0.000000
D 0.000000 2.687006 -2.687006
P -2.687006 5.374012 -2.687006
E -5.374012 5.374012 0.000000
T -2.687006 5.374012 2.687006
G 0.000000 2.687006 2.687006
T 2.687006 5.374012 2.687006
W 0.000000 5.374012 0.000000
Y -2.687006 2.687006 0.000000


-48.590000	0367921a0
10

Y 0.000000 0.000000 0.000000
Y 2.687006 2.687006 0.000000
D 0.000000 2.687006 -2.687006
P -2.687006 5.374012 -2.687006
E -2.687006 8.061017 0.000000
T -2.687006 5.374012 2.687006
G 0.000000 2.687006 2.687006
T -2.687006 0.000000 2.687006
W -2.687006 2.687006 0.000000
Y 0.000000 5.374012 0.000000


-48.590000	0810296a0
10

Y 0.000000 0.000000 0.000000
Y 2.687006 2.687006 0.000000
D 0.000000 2.687006 -2.687006
P -2.687006 0.000000 -2.687006
E -2.687006 -2.687006 0.000000
T -2.687006 0.000000 2.687006
G 0.000000 2.687006 2.687006
T -2.687006 5.374012 2.687006
W -2.687006 2.687006 0.000000
Y 0.000000 5.374012 0.000000


-48.590000	6516b40a0
10

Y 0.000000 0.000000 0.000000
Y 2.687006 2.687006 0.000000
D 0.000000 2.687006 -2.687006
P 2.687006 5.374012 -2.687006
E 5.374012 5.374012 0.000000
T 2.687006 5.374012 2.687006
G 0.000000 2.687006 2.687006
T -2.687006 5.374012 2.687006
W 0.000000 5.374012 0.000000
Y -2.687006 2.687006 0.000000
