-26.450000	69098a340
10

Q 0.000000 0.000000 0.000000
Y 2.687006 2.687006 0.000000
Q 5.374012 2.687006 2.687006
F 5.374012 5.374012 0.000000
W 2.687006 5.374012 -2.687006
K 2.687006 2.687006 -5.374012
N 2.687006 0.000000 -2.687006
F 5.374012 2.687006 -2.687006
Q 5.374012 0.000000 0.000000
T 2.687006 -2.687006 0.000000


-26.450000	926a670a0
10

Q 0.000000 0.000000 0.000000
Y 2.687006 2.687006 0.000000
Q 0.000000 2.687006 -2.687006
F 2.687006 5.374012 -2.687006
W 5.374012 2.687006 -2.687006
K 2.687006 0.000000 -2.687006
N 0.000000 0.000000 -5.374012
F -2.687006 -2.687006 -5.374012
Q -2.687006 0.000000 -2.687006
T -2.687006 -2.687006 0.000000


-26.450000	164b180a0
10

Q 0.000000 0.000000 0.000000
Y 2.687006 2.687006 0.000000
Q 0.000000 2.687006 -2.687006
F 2.687006 5.374012 -2.687006
W 2.687006 2.687006 -5.374012
K 0.000000 5.374012 -5.374012
N -2.687006 5.374012 -2.687006
F 0.000000 5.374012 0.000000
Q -2.687006 2.687006 0.000000
T -5.374012 5.374012 0.000000


-26.450000	164ba25a0
10

Q 0.000000 0.000000 0.000000
Y 2.687006 2.687006 0.000000
Q 0.000000 2.687006 -2.687006
F 2.687006 2.687006 -5.374012
W 2.687006 5.374012 -2.687006
K 0.000000 5.374012 -5.374012
N -2.687006 5.374012 -2.687006
F 0.000000 5.374012 0.000000
Q -2.687006 2.687006 0.000000
T -5.374012 5.374012 0.000000


-26.450000	8916742a0
10

Q 0.000000 0.000000 0.000000
Y 2.687006 2.687006 0.000000
Q 0.000000 2.687006 -2.687006
F 0.000000 5.374012 0.000000
W 2.687006 5.374012 2.687006
K 5.374012 2.687006 2.687006
N 2.687006 0.000000 2.687006
F 0.000000 2.687006 2.687006
Q 0.000000 0.000000 5.374012
T 0.000000 -2.687006 2.687006


-26.450000	6647810a0
10

Q 0.000000 0.000000 0.000000
Y 2.687006 2.687006 0.000000
Q 0.000000 2.687006 -2.687006
F 2.687006 5.374012 -2.687006
W 0.000000 8.061017 -2.687006
K 0.000000 5.374012 -5.374012
N 2.687006 2.687006 -5.374012
F 5.374012 2.687006 -2.687006
Q 2.687006 0.000000 -2.687006
T 0.000000 -2.687006 -2.687006


-26.450000	6647630a0
10

Q 0.000000 0.000000 0.000000
Y 2.687006 2.687006 0.000000
Q 0.000000 2.687006 -2.687006
F 2.687006 5.374012 -2.687006
W 2.687006 8.061017 -5.374012
K 0.000000 5.374012 -5.374012
N 2.687006 2.687006 -5.374012
F 5.374012 2.687006 -2.687006
Q 2.687006 0.000000 -2.687006
T 0.000000 -2.687006 -2.687006


-26.450000	32a6670a0
10

Q 0.000000 0.000000 0.000000
Y 2.687006 2.687006 0.000000
Q 0.000000 2.687006 -2.687006
F 2.687006 5.374012 -2.687006
W 5.374012 2.687006 -2.687006
K 2.687006 0.000000 -2.687006
N 0.000000 -2.687006 -2.687006
F -2.687006 -2.687006 -5.374012
Q -2.687006 0.000000 -2.687006
T -2.687006 2.687006 -5.374012


-26.450000	7616742a0
10

Q 0.000000 0.000000 0.000000
Y 2.687006 2.687006 0.000000
Q 0.000000 2.687006 -2.687006
F 0.000000 5.374012 0.000000
W 2.687006 5.374012 2.687006
K 5.374012 2.687006 2.687006
N 2.687006 0.000000 2.687006
F 0.000000 2.687006 2.687006
Q -2.687006 0.000000 2.687006
T 0.000000 -2.687006 2.687006


-26.450000	9647810a0
10

Q 0.000000 0.000000 0.000000
Y 2.687006 2.687006 0.000000
Q 0.000000 2.687006 -2.687006
F 2.687006 5.374012 -2.687006
W 0.000000 8.061017 -2.687006
K 0.000000 5.374012 -5.374012
N 2.687006 2.687006 -5.374012
F 5.374012 2.687006 -2.687006
Q 2.687006 0.000000 -2.687006
T 2.687006 -2.687006 0.000000


-26.450000	9647630a0
10

Q 0.000000 0.000000 0.000000
Y 2.687006 2.687006 0.000000
Q 0.000000 2.687006 -2.687006
F 2.687006 5.374012 -2.687006
W 2.687006 8.061017 -5.374012
K 0.000000 5.374012 -5.374012
N 2.687006 2.687006 -5.374012
F 5.374012 2.687006 -2.687006
Q 2.687006 0.000000 -2.687006
T 2.687006 -2.687006 0.000000


-26.450000	964b180a0
10

Q 0.000000 0.000000 0.000000
Y 2.687006 2.687006 0.000000
Q 0.000000 2.687006 -2.687006
F 2.687006 5.374012 -2.687006
W 2.687006 2.687006 -5.374012
K 0.000000 5.374012 -5.374012
N -2.687006 5.374012 -2.687006
F 0.000000 5.374012 0.000000
Q -2.687006 2.687006 0.000000
T -2.687006 0.000000 2.687006


-26.450000	964ba25a0
10

Q 0.000000 0.000000 0.000000
Y 2.687006 2.687006 0.000000
Q 0.000000 2.687006 -2.687006
F 2.687006 2.687006 -5.374012
W 2.687006 5.374012 -2.687006
K 0.000000 5.374012 -5.374012
N -2.687006 5.374012 -2.687006
F 0.000000 5.374012 0.000000
Q -2.687006 2.687006 0.000000
T -2.687006 0.000000 2.687006


-26.450000	a64b180a0
10

Q 0.000000 0.000000 0.000000
Y 2.687006 2.687006 0.000000
Q 0.000000 2.687006 -2.687006
F 2.687006 5.374012 -2.687006
W 2.687006 2.687006 -5.374012
K 0.000000 5.374012 -5.374012
N -2.687006 5.374012 -2.687006
F 0.000000 5.374012 0.000000
Q -2.687006 2.687006 0.000000
T -5.374012 2.687006 -2.687006


-26.450000	a64ba25a0
10

Q 0.000000 0.000000 0.000000
Y 2.687006 2.687006 0.000000
Q 0.000000 2.687006 -2.687006
F 2.687006 2.687006 -5.374012
W 2.687006 5.374012 -2.687006
K 0.000000 5.374012 -5.374012
N -2.687006 5.374012 -2.687006
F 0.000000 5.374012 0.000000
Q -2.687006 2.687006 0.000000
T -5.374012 2.687006 -2.687006


-26.450000	1649812a0
10

Q 0.000000 0.000000 0.000000
Y 2.687006 2.687006 0.000000
Q 0.000000 2.687006 -2.687006
F 0.000000 5.374012 0.000000
W -2.687006 8.061017 0.000000
K -2.687006 5.374012 -2.687006
N -2.687006 2.687006 0.000000
F 0.000000 2.687006 2.687006
Q -2.687006 0.000000 2.687006
T -5.374012 2.687006 2.687006


-26.450000	1649632a0
10

Q 0.000000 0.000000 0.000000
Y 2.687006 2.687006 0.000000
Q 0.000000 2.687006 -2.687006
F 0.000000 5.374012 0.000000
W 0.000000 8.061017 -2.687006
K -2.687006 5.374012 -2.687006
N -2.687006 2.687006 0.000000
F 0.000000 2.687006 2.687006
Q -2.687006 0.000000 2.687006
T -5.374012 2.687006 2.687006


-26.450000	8a36942a0
10

Q 0.000000 0.000000 0.000000
Y 2.687006 2.687006 0.000000
Q 0.000000 2.687006 -2.687006
F 0.000000 5.374012 0.000000
W 2.687006 5.374012 2.687006
K 2.687006 2.687006 5.374012
N 0.000000 0.000000 5.374012
F 0.000000 2.687006 2.687006
Q -2.687006 2.687006 0.000000
T -2.687006 0.000000 -2.687006


-26.450000	8a56b42a0
10

Q 0.000000 0.000000 0.000000
Y 2.687006 2.687006 0.000000
Q 0.000000 2.687006 -2.687006
F 0.000000 5.374012 0.000000
W 2.687006 5.374012 2.687006
K 0.000000 5.374012 5.374012
N -2.687006 2.687006 5.374012
F 0.000000 2.687006 2.687006
Q -2.687006 2.687006 0.000000
T -2.687006 0.000000 -2.687006


-26.450000	7649812a0
10

Q 0.000000 0.000000 0.000000
Y 2.687006 2.687006 0.000000
Q 0.000000 2.687006 -2.687006
F 0.000000 5.374012 0.000000
W -2.687006 8.061017 0.000000
K -2.687006 5.374012 -2.687006
N -2.687006 2.687006 0.000000
F 0.000000 2.687006 2.687006
Q -2.687006 0.000000 2.687006
T 0.000000 -2.687006 2.687006


-26.450000	7649632a0
10

Q 0.000000 0.000000 0.000000
Y 2.687006 2.687006 0.000000
Q 0.000000 2.687006 -2.687006
F 0.000000 5.374012 0.000000
W 0.000000 8.061017 -2.687006
K -2.687006 5.374012 -2.687006
N -2.687006 2.687006 0.000000
F 0.000000 2.687006 2.687006
Q -2.687006 0.000000 2.687006
T 0.000000 -2.687006 2.687006


-26.450000	7618942a0
10

Q 0.000000 0.000000 0.000000
Y 2.687006 2.687006 0.000000
Q 0.000000 2.687006 -2.687006
F 0.000000 5.374012 0.000000
W 2.687006 5.374012 2.687006
K 2.687006 2.687006 5.374012
N 2.687006 0.000000 2.687006
F 0.000000 2.687006 2.687006
Q -2.687006 0.000000 2.687006
T 0.000000 -2.687006 2.687006


-26.450000	8649812a0
10

Q 0.000000 0.000000 0.000000
Y 2.687006 2.687006 0.000000
Q 0.000000 2.687006 -2.687006
F 0.000000 5.374012 0.000000
W -2.687006 8.061017 0.000000
K -2.687006 5.374012 -2.687006
N -2.687006 2.687006 0.000000
F 0.000000 2.687006 2.687006
Q -2.687006 0.000000 2.687006
T -2.687006 -2.687006 0.000000


-26.450000	8649632a0
10

Q 0.000000 0.000000 0.000000
Y 2.687006 2.687006 0.000000
Q 0.000000 2.687006 -2.687006
F 0.000000 5.374012 0.000000
W 0.000000 8.061017 -2.687006
K -2.687006 5.374012 -2.687006
N -2.687006 2.687006 0.000000
F 0.000000 2.687006 2.687006
Q -2.687006 0.000000 2.687006
T -2.687006 -2.687006 0.000000


-26.450000	a649812a0
10

Q 0.000000 0.000000 0.000000
Y 2.687006 2.687006 0.000000
Q 0.000000 2.687006 -2.687006
F 0.000000 5.374012 0.000000
W -2.687006 8.061017 0.000000
K -2.687006 5.374012 -2.687006
N -2.687006 2.687006 0.000000
F 0.000000 2.687006 2.687006
Q -2.687006 0.000000 2.687006
T -5.374012 0.000000 0.000000


-26.450000	a649632a0
10

Q 0.000000 0.000000 0.000000
Y 2.687006 2.687006 0.000000
Q 0.000000 2.687006 -2.687006
F 0.000000 5.374012 0.000000
W 0.000000 8.061017 -2.687006
K -2.687006 5.374012 -2.687006
N -2.687006 2.687006 0.000000
F 0.000000 2.687006 2.687006
Q -2.687006 0.000000 2.687006
T -5.374012 0.000000 0.000000
