-48.530000	752186b40
10

Y 0.000000 0.000000 0.000000
Y 2.687006 2.687006 0.000000
D 5.374012 2.687006 2.687006
P 2.687006 2.687006 5.374012
E 0.000000 0.000000 5.374012
T 0.000000 -2.687006 2.687006
G -2.687006 0.000000 2.687006
T -2.687006 2.687006 5.374012
W 0.000000 2.687006 2.687006
Y 2.687006 0.000000 2.687006


-48.530000	781b742a0
10

Y 0.000000 0.000000 0.000000
Y 2.687006 2.687006 0.000000
D 0.000000 2.687006 -2.687006
P 0.000000 5.374012 0.000000
E 2.687006 5.374012 2.687006
T 5.374012 2.687006 2.687006
G 2.687006 2.687006 5.374012
T 0.000000 5.374012 5.374012
W 0.000000 2.687006 2.687006
Y 2.687006 0.000000 2.687006


-48.530000	45a6b47a0
10

Y 0.000000 0.000000 0.000000
Y 2.687006 2.687006 0.000000
D 0.000000 2.687006 -2.687006
P 2.687006 0.000000 -2.687006
E 5.374012 0.000000 0.000000
T 2.687006 0.000000 2.687006
G 0.000000 -2.687006 2.687006
T -2.687006 -2.687006 0.000000
W 0.000000 -2.687006 -2.687006
Y 2.687006 -2.687006 0.000000


-48.530000	772b8a140
10

Y 0.000000 0.000000 0.000000
Y 2.687006 2.687006 0.000000
D 5.374012 2.687006 2.687006
P 2.687006 5.374012 2.687006
E 0.000000 5.374012 0.000000
T 0.000000 2.687006 -2.687006
G -2.687006 2.687006 0.000000
T -2.687006 5.374012 2.687006
W 0.000000 2.687006 2.687006
Y 2.687006 0.000000 2.687006


-48.530000	6502967a0
10

Y 0.000000 0.000000 0.000000
Y 2.687006 2.687006 0.000000
D 0.000000 2.687006 -2.687006
P 2.687006 0.000000 -2.687006
E 0.000000 -2.687006 -2.687006
T 0.000000 -5.374012 0.000000
G 0.000000 -2.687006 2.687006
T 2.687006 0.000000 2.687006
W 5.374012 0.000000 0.000000
Y 2.687006 -2.687006 0.000000


-48.530000	751279ba0
10

Y 0.000000 0.000000 0.000000
Y 2.687006 2.687006 0.000000
D 0.000000 2.687006 -2.687006
P -2.687006 2.687006 0.000000
E -2.687006 0.000000 2.687006
T 0.000000 -2.687006 2.687006
G 0.000000 0.000000 5.374012
T -2.687006 2.687006 5.374012
W 0.000000 2.687006 2.687006
Y 2.687006 0.000000 2.687006


-48.530000	0975a1640
10

Y 0.000000 0.000000 0.000000
Y 2.687006 2.687006 0.000000
D 5.374012 2.687006 2.687006
P 2.687006 0.000000 2.687006
E 0.000000 2.687006 2.687006
T -2.687006 2.687006 0.000000
G 0.000000 2.687006 -2.687006
T 2.687006 0.000000 -2.687006
W 2.687006 -2.687006 0.000000
Y 5.374012 0.000000 0.000000


-48.530000	834169840
10

Y 0.000000 0.000000 0.000000
Y 2.687006 2.687006 0.000000
D 5.374012 2.687006 2.687006
P 5.374012 0.000000 0.000000
E 5.374012 -2.687006 2.687006
T 2.687006 -5.374012 2.687006
G 0.000000 -2.687006 2.687006
T 2.687006 -2.687006 5.374012
W 2.687006 0.000000 2.687006
Y 2.687006 -2.687006 0.000000


-48.530000	2761247a0
10

Y 0.000000 0.000000 0.000000
Y 2.687006 2.687006 0.000000
D 0.000000 2.687006 -2.687006
P 2.687006 0.000000 -2.687006
E 5.374012 0.000000 0.000000
T 5.374012 2.687006 2.687006
G 2.687006 5.374012 2.687006
T 0.000000 2.687006 2.687006
W 2.687006 0.000000 2.687006
Y 2.687006 2.687006 5.374012


-48.530000	4386b47a0
10

Y 0.000000 0.000000 0.000000
Y 2.687006 2.687006 0.000000
D 0.000000 2.687006 -2.687006
P 2.687006 0.000000 -2.687006
E 5.374012 0.000000 0.000000
T 2.687006 0.000000 2.687006
G 0.000000 -2.687006 2.687006
T 0.000000 -5.374012 0.000000
W 0.000000 -2.687006 -2.687006
Y 2.687006 -2.687006 0.000000


-48.530000	6504b67a0
10

Y 0.000000 0.000000 0.000000
Y 2.687006 2.687006 0.000000
D 0.000000 2.687006 -2.687006
P 2.687006 0.000000 -2.687006
E 0.000000 -2.687006 -2.687006
T -2.687006 -2.687006 0.000000
G 0.000000 -2.687006 2.687006
T 2.687006 0.000000 2.687006
W 5.374012 0.000000 0.000000
Y 2.687006 -2.687006 0.000000


-48.530000	097831640
10

Y 0.000000 0.000000 0.000000
Y 2.687006 2.687006 0.000000
D 5.374012 2.687006 2.687006
P 2.687006 0.000000 2.687006
E 0.000000 2.687006 2.687006
T 0.000000 5.374012 0.000000
G 0.000000 2.687006 -2.687006
T 2.687006 0.000000 -2.687006
W 2.687006 -2.687006 0.000000
Y 5.374012 0.000000 0.000000


-48.530000	b701b97a0
10

Y 0.000000 0.000000 0.000000
Y 2.687006 2.687006 0.000000
D 0.000000 2.687006 -2.687006
P 2.687006 0.000000 -2.687006
E 2.687006 -2.687006 0.000000
T 0.000000 -2.687006 2.687006
G -2.687006 0.000000 2.687006
T 0.000000 2.687006 2.687006
W 2.687006 0.000000 2.687006
Y 0.000000 0.000000 5.374012


-48.530000	086b407a0
10

Y 0.000000 0.000000 0.000000
Y 2.687006 2.687006 0.000000
D 0.000000 2.687006 -2.687006
P 2.687006 0.000000 -2.687006
E 5.374012 2.687006 -2.687006
T 8.061017 2.687006 0.000000
G 5.374012 2.687006 2.687006
T 2.687006 0.000000 2.687006
W 2.687006 -2.687006 0.000000
Y 5.374012 0.000000 0.000000


-48.530000	0869207a0
10

Y 0.000000 0.000000 0.000000
Y 2.687006 2.687006 0.000000
D 0.000000 2.687006 -2.687006
P 2.687006 0.000000 -2.687006
E 5.374012 2.687006 -2.687006
T 5.374012 5.374012 0.000000
G 5.374012 2.687006 2.687006
T 2.687006 0.000000 2.687006
W 2.687006 -2.687006 0.000000
Y 5.374012 0.000000 0.000000


-48.530000	9a50297a0
10

Y 0.000000 0.000000 0.000000
Y 2.687006 2.687006 0.000000
D 0.000000 2.687006 -2.687006
P 2.687006 0.000000 -2.687006
E 2.687006 -2.687006 0.000000
T 2.687006 0.000000 2.687006
G 5.374012 2.687006 2.687006
T 8.061017 2.687006 0.000000
W 5.374012 2.687006 -2.687006
Y 5.374012 0.000000 0.000000


-48.530000	9830297a0
10

Y 0.000000 0.000000 0.000000
Y 2.687006 2.687006 0.000000
D 0.000000 2.687006 -2.687006
P 2.687006 0.000000 -2.687006
E 2.687006 -2.687006 0.000000
T 2.687006 0.000000 2.687006
G 5.374012 2.687006 2.687006
T 5.374012 5.374012 0.000000
W 5.374012 2.687006 -2.687006
Y 5.374012 0.000000 0.000000
