-57.640000	7b7b03ba0
10

Q 0.000000 0.000000 0.000000
Y 2.687006 2.687006 0.000000
Q 0.000000 2.687006 -2.687006
F -2.687006 2.687006 0.000000
W -2.687006 5.374012 -2.687006
K 0.000000 8.061017 -2.687006
N -2.687006 8.061017 0.000000
F 0.000000 5.374012 0.000000
Q -2.687006 5.374012 2.687006
T 0.000000 2.687006 2.687006


-57.640000	72726a2a0
10

Q 0.000000 0.000000 0.000000
Y 2.687006 2.687006 0.000000
Q 0.000000 2.687006 -2.687006
F 0.000000 5.374012 0.000000
W -2.687006 5.374012 -2.687006
K -5.374012 2.687006 -2.687006
N -5.374012 5.374012 0.000000
F -2.687006 2.687006 0.000000
Q -2.687006 5.374012 2.687006
T 0.000000 2.687006 2.687006


-57.640000	27b037810
10

Q 0.000000 0.000000 0.000000
Y 2.687006 2.687006 0.000000
Q 0.000000 5.374012 0.000000
F 0.000000 2.687006 -2.687006
W 2.687006 0.000000 -2.687006
K 2.687006 2.687006 -5.374012
N 5.374012 5.374012 -5.374012
F 2.687006 5.374012 -2.687006
Q 5.374012 2.687006 -2.687006
T 5.374012 5.374012 0.000000


-57.640000	a351497a0
10

Q 0.000000 0.000000 0.000000
Y 2.687006 2.687006 0.000000
Q 0.000000 2.687006 -2.687006
F 2.687006 0.000000 -2.687006
W 2.687006 -2.687006 0.000000
K 5.374012 -2.687006 2.687006
N 2.687006 0.000000 2.687006
F 5.374012 0.000000 0.000000
Q 5.374012 2.687006 -2.687006
T 2.687006 2.687006 -5.374012


-57.640000	37a027910
10

Q 0.000000 0.000000 0.000000
Y 2.687006 2.687006 0.000000
Q 0.000000 5.374012 0.000000
F 0.000000 2.687006 2.687006
W 2.687006 0.000000 2.687006
K 2.687006 2.687006 5.374012
N 5.374012 5.374012 5.374012
F 2.687006 5.374012 2.687006
Q 5.374012 2.687006 2.687006
T 5.374012 5.374012 0.000000


-57.640000	697b037a0
10

Q 0.000000 0.000000 0.000000
Y 2.687006 2.687006 0.000000
Q 0.000000 2.687006 -2.687006
F 2.687006 0.000000 -2.687006
W 2.687006 2.687006 -5.374012
K 5.374012 5.374012 -5.374012
N 2.687006 5.374012 -2.687006
F 5.374012 2.687006 -2.687006
Q 5.374012 0.000000 0.000000
T 2.687006 -2.687006 0.000000


-57.640000	80a790910
10

Q 0.000000 0.000000 0.000000
Y 2.687006 2.687006 0.000000
Q 0.000000 5.374012 0.000000
F 0.000000 2.687006 2.687006
W 2.687006 5.374012 2.687006
K 2.687006 2.687006 5.374012
N 5.374012 0.000000 5.374012
F 2.687006 0.000000 2.687006
Q 5.374012 2.687006 2.687006
T 5.374012 0.000000 0.000000


-57.640000	90b780810
10

Q 0.000000 0.000000 0.000000
Y 2.687006 2.687006 0.000000
Q 0.000000 5.374012 0.000000
F 0.000000 2.687006 -2.687006
W 2.687006 5.374012 -2.687006
K 2.687006 2.687006 -5.374012
N 5.374012 0.000000 -5.374012
F 2.687006 0.000000 -2.687006
Q 5.374012 2.687006 -2.687006
T 5.374012 0.000000 0.000000


-57.640000	515149ba0
10

Q 0.000000 0.000000 0.000000
Y 2.687006 2.687006 0.000000
Q 0.000000 2.687006 -2.687006
F -2.687006 2.687006 0.000000
W -2.687006 0.000000 2.687006
K 0.000000 0.000000 5.374012
N -2.687006 2.687006 5.374012
F 0.000000 2.687006 2.687006
Q -2.687006 5.374012 2.687006
T 0.000000 5.374012 0.000000
