-28.400000	6807692a0
10

Q 0.000000 0.000000 0.000000
Y 2.687006 2.687006 0.000000
Q 0.000000 2.687006 -2.687006
F 0.000000 5.374012 0.000000
W 0.000000 2.687006 2.687006
K -2.687006 0.000000 2.687006
N 0.000000 -2.687006 2.687006
F 2.687006 0.000000 2.687006
Q 2.687006 -2.687006 0.000000
T 0.000000 -5.374012 0.000000


-28.400000	aa29870a0
10

Q 0.000000 0.000000 0.000000
Y 2.687006 2.687006 0.000000
Q 0.000000 2.687006 -2.687006
F 2.687006 5.374012 -2.687006
W 5.374012 2.687006 -2.687006
K 5.374012 0.000000 -5.374012
N 5.374012 -2.687006 -2.687006
F 5.374012 0.000000 0.000000
Q 2.687006 0.000000 -2.687006
T 0.000000 0.000000 -5.374012


-28.400000	5569610a0
10

Q 0.000000 0.000000 0.000000
Y 2.687006 2.687006 0.000000
Q 0.000000 2.687006 -2.687006
F 2.687006 5.374012 -2.687006
W 0.000000 8.061017 -2.687006
K -2.687006 5.374012 -2.687006
N -2.687006 2.687006 0.000000
F -5.374012 0.000000 0.000000
Q -2.687006 0.000000 -2.687006
T 0.000000 0.000000 -5.374012


-28.400000	9807692a0
10

Q 0.000000 0.000000 0.000000
Y 2.687006 2.687006 0.000000
Q 0.000000 2.687006 -2.687006
F 0.000000 5.374012 0.000000
W 0.000000 2.687006 2.687006
K -2.687006 0.000000 2.687006
N 0.000000 -2.687006 2.687006
F 2.687006 0.000000 2.687006
Q 2.687006 -2.687006 0.000000
T 2.687006 -5.374012 2.687006


-28.400000	a807692a0
10

Q 0.000000 0.000000 0.000000
Y 2.687006 2.687006 0.000000
Q 0.000000 2.687006 -2.687006
F 0.000000 5.374012 0.000000
W 0.000000 2.687006 2.687006
K -2.687006 0.000000 2.687006
N 0.000000 -2.687006 2.687006
F 2.687006 0.000000 2.687006
Q 2.687006 -2.687006 0.000000
T 0.000000 -2.687006 -2.687006


-28.400000	7569610a0
10

Q 0.000000 0.000000 0.000000
Y 2.687006 2.687006 0.000000
Q 0.000000 2.687006 -2.687006
F 2.687006 5.374012 -2.687006
W 0.000000 8.061017 -2.687006
K -2.687006 5.374012 -2.687006
N -2.687006 2.687006 0.000000
F -5.374012 0.000000 0.000000
Q -2.687006 0.000000 -2.687006
T 0.000000 -2.687006 -2.687006


-28.400000	6a29870a0
10

Q 0.000000 0.000000 0.000000
Y 2.687006 2.687006 0.000000
Q 0.000000 2.687006 -2.687006
F 2.687006 5.374012 -2.687006
W 5.374012 2.687006 -2.687006
K 5.374012 0.000000 -5.374012
N 5.374012 -2.687006 -2.687006
F 5.374012 0.000000 0.000000
Q 2.687006 0.000000 -2.687006
T 0.000000 -2.687006 -2.687006


-28.400000	57a8bb0a0
10

Q 0.000000 0.000000 0.000000
Y 2.687006 2.687006 0.000000
Q 0.000000 2.687006 -2.687006
F 2.687006 5.374012 -2.687006
W 0.000000 5.374012 0.000000
K -2.687006 5.374012 2.687006
N -2.687006 2.687006 0.000000
F -5.374012 2.687006 -2.687006
Q -2.687006 0.000000 -2.687006
T 0.000000 0.000000 -5.374012


-28.400000	57a84b1a0
10

Q 0.000000 0.000000 0.000000
Y 2.687006 2.687006 0.000000
Q 0.000000 2.687006 -2.687006
F -2.687006 5.374012 -2.687006
W -5.374012 5.374012 0.000000
K -2.687006 5.374012 2.687006
N -2.687006 2.687006 0.000000
F -5.374012 2.687006 -2.687006
Q -2.687006 0.000000 -2.687006
T 0.000000 0.000000 -5.374012


-28.400000	57a59b1a0
10

Q 0.000000 0.000000 0.000000
Y 2.687006 2.687006 0.000000
Q 0.000000 2.687006 -2.687006
F -2.687006 5.374012 -2.687006
W -5.374012 5.374012 0.000000
K -5.374012 2.687006 2.687006
N -2.687006 2.687006 0.000000
F -5.374012 2.687006 -2.687006
Q -2.687006 0.000000 -2.687006
T 0.000000 0.000000 -5.374012


-28.400000	3568bb0a0
10

Q 0.000000 0.000000 0.000000
Y 2.687006 2.687006 0.000000
Q 0.000000 2.687006 -2.687006
F 2.687006 5.374012 -2.687006
W 0.000000 5.374012 0.000000
K -2.687006 5.374012 2.687006
N -2.687006 2.687006 0.000000
F -5.374012 0.000000 0.000000
Q -2.687006 0.000000 -2.687006
T -2.687006 2.687006 -5.374012


-28.400000	77a8bb0a0
10

Q 0.000000 0.000000 0.000000
Y 2.687006 2.687006 0.000000
Q 0.000000 2.687006 -2.687006
F 2.687006 5.374012 -2.687006
W 0.000000 5.374012 0.000000
K -2.687006 5.374012 2.687006
N -2.687006 2.687006 0.000000
F -5.374012 2.687006 -2.687006
Q -2.687006 0.000000 -2.687006
T 0.000000 -2.687006 -2.687006


-28.400000	77a84b1a0
10

Q 0.000000 0.000000 0.000000
Y 2.687006 2.687006 0.000000
Q 0.000000 2.687006 -2.687006
F -2.687006 5.374012 -2.687006
W -5.374012 5.374012 0.000000
K -2.687006 5.374012 2.687006
N -2.687006 2.687006 0.000000
F -5.374012 2.687006 -2.687006
Q -2.687006 0.000000 -2.687006
T 0.000000 -2.687006 -2.687006


-28.400000	77a59b1a0
10

Q 0.000000 0.000000 0.000000
Y 2.687006 2.687006 0.000000
Q 0.000000 2.687006 -2.687006
F -2.687006 5.374012 -2.687006
W -5.374012 5.374012 0.000000
K -5.374012 2.687006 2.687006
N -2.687006 2.687006 0.000000
F -5.374012 2.687006 -2.687006
Q -2.687006 0.000000 -2.687006
T 0.000000 -2.687006 -2.687006


-28.400000	5568bb0a0
10

Q 0.000000 0.000000 0.000000
Y 2.687006 2.687006 0.000000
Q 0.000000 2.687006 -2.687006
F 2.687006 5.374012 -2.687006
W 0.000000 5.374012 0.000000
K -2.687006 5.374012 2.687006
N -2.687006 2.687006 0.000000
F -5.374012 0.000000 0.000000
Q -2.687006 0.000000 -2.687006
T 0.000000 0.000000 -5.374012


-28.400000	97a8bb0a0
10

Q 0.000000 0.000000 0.000000
Y 2.687006 2.687006 0.000000
Q 0.000000 2.687006 -2.687006
F 2.687006 5.374012 -2.687006
W 0.000000 5.374012 0.000000
K -2.687006 5.374012 2.687006
N -2.687006 2.687006 0.000000
F -5.374012 2.687006 -2.687006
Q -2.687006 0.000000 -2.687006
T -2.687006 -2.687006 0.000000


-28.400000	97a84b1a0
10

Q 0.000000 0.000000 0.000000
Y 2.687006 2.687006 0.000000
Q 0.000000 2.687006 -2.687006
F -2.687006 5.374012 -2.687006
W -5.374012 5.374012 0.000000
K -2.687006 5.374012 2.687006
N -2.687006 2.687006 0.000000
F -5.374012 2.687006 -2.687006
Q -2.687006 0.000000 -2.687006
T -2.687006 -2.687006 0.000000


-28.400000	97a59b1a0
10

Q 0.000000 0.000000 0.000000
Y 2.687006 2.687006 0.000000
Q 0.000000 2.687006 -2.687006
F -2.687006 5.374012 -2.687006
W -5.374012 5.374012 0.000000
K -5.374012 2.687006 2.687006
N -2.687006 2.687006 0.000000
F -5.374012 2.687006 -2.687006
Q -2.687006 0.000000 -2.687006
T -2.687006 -2.687006 0.000000


-28.400000	7568bb0a0
10

Q 0.000000 0.000000 0.000000
Y 2.687006 2.687006 0.000000
Q 0.000000 2.687006 -2.687006
F 2.687006 5.374012 -2.687006
W 0.000000 5.374012 0.000000
K -2.687006 5.374012 2.687006
N -2.687006 2.687006 0.000000
F -5.374012 0.000000 0.000000
Q -2.687006 0.000000 -2.687006
T 0.000000 -2.687006 -2.687006


-28.400000	941276aa0
10

Q 0.000000 0.000000 0.000000
Y 2.687006 2.687006 0.000000
Q 0.000000 2.687006 -2.687006
F -2.687006 2.687006 -5.374012
W -5.374012 0.000000 -5.374012
K -2.687006 -2.687006 -5.374012
N -2.687006 0.000000 -2.687006
F -5.374012 2.687006 -2.687006
Q -2.687006 2.687006 0.000000
T -2.687006 0.000000 2.687006


-28.400000	941096aa0
10

Q 0.000000 0.000000 0.000000
Y 2.687006 2.687006 0.000000
Q 0.000000 2.687006 -2.687006
F -2.687006 2.687006 -5.374012
W -5.374012 0.000000 -5.374012
K -5.374012 -2.687006 -2.687006
N -2.687006 0.000000 -2.687006
F -5.374012 2.687006 -2.687006
Q -2.687006 2.687006 0.000000
T -2.687006 0.000000 2.687006
