-1.000000	103203101	1000110100110
10

Y 0.000000 0.000000 0.000000
Y 2.193931 2.193931 -2.193931
D 4.387862 0.000000 -4.387862
P 6.581793 2.193931 -6.581793
E 4.387862 4.387862 -8.775724
T 2.193931 6.581793 -6.581793
G 4.387862 8.775724 -4.387862
T 6.581793 6.581793 -2.193931
W 8.775724 4.387862 -4.387862
Y 10.969655 6.581793 -6.581793


-1.000000	321021301	1101100001101
10

Y 0.000000 0.000000 0.000000
Y 2.193931 2.193931 -2.193931
D 4.387862 0.000000 -4.387862
P 6.581793 -2.193931 -2.193931
E 4.387862 -4.387862 0.000000
T 2.193931 -6.581793 -2.193931
G 4.387862 -8.775724 -4.387862
T 6.581793 -6.581793 -6.581793
W 8.775724 -4.387862 -4.387862
Y 10.969655 -6.581793 -2.193931


-1.000000	210310101	0110001110000
10

Y 0.000000 0.000000 0.000000
Y 2.193931 2.193931 -2.193931
D 4.387862 0.000000 -4.387862
P 6.581793 2.193931 -6.581793
E 8.775724 0.000000 -8.775724
T 10.969655 2.193931 -10.969655
G 8.775724 4.387862 -13.163586
T 6.581793 6.581793 -10.969655
W 4.387862 4.387862 -8.775724
Y 2.193931 2.193931 -10.969655


-1.000000	032132301	0011011011011
10

Y 0.000000 0.000000 0.000000
Y 2.193931 2.193931 -2.193931
D 4.387862 0.000000 -4.387862
P 6.581793 -2.193931 -2.193931
E 8.775724 0.000000 0.000000
T 10.969655 -2.193931 2.193931
G 8.775724 -4.387862 4.387862
T 6.581793 -6.581793 2.193931
W 4.387862 -4.387862 0.000000
Y 2.193931 -2.193931 2.193931


-1.000000	102302101	1000011100010
10

Y 0.000000 0.000000 0.000000
Y 2.193931 2.193931 -2.193931
D 4.387862 0.000000 -4.387862
P 6.581793 2.193931 -6.581793
E 8.775724 4.387862 -4.387862
T 6.581793 6.581793 -2.193931
G 4.387862 8.775724 -4.387862
T 2.193931 6.581793 -6.581793
W 4.387862 4.387862 -8.775724
Y 6.581793 6.581793 -10.969655


-1.000000	320120301	1101001001001
10

Y 0.000000 0.000000 0.000000
Y 2.193931 2.193931 -2.193931
D 4.387862 0.000000 -4.387862
P 6.581793 -2.193931 -2.193931
E 8.775724 -4.387862 -4.387862
T 6.581793 -6.581793 -6.581793
G 4.387862 -8.775724 -4.387862
T 2.193931 -6.581793 -2.193931
W 4.387862 -4.387862 -0.000000
Y 6.581793 -6.581793 2.193931


-1.000000	213013101	0110110010110
10

Y 0.000000 0.000000 0.000000
Y 2.193931 2.193931 -2.193931
D 4.387862 0.000000 -4.387862
P 6.581793 2.193931 -6.581793
E 4.387862 4.387862 -8.775724
T 6.581793 6.581793 -10.969655
G 8.775724 4.387862 -13.163586
T 10.969655 2.193931 -10.969655
W 8.775724 0.000000 -8.775724
Y 6.581793 -2.193931 -10.969655


-1.000000	031231301	0011100111101
10

Y 0.000000 0.000000 0.000000
Y 2.193931 2.193931 -2.193931
D 4.387862 0.000000 -4.387862
P 6.581793 -2.193931 -2.193931
E 4.387862 -4.387862 0.000000
T 6.581793 -6.581793 2.193931
G 8.775724 -4.387862 4.387862
T 10.969655 -2.193931 2.193931
W 8.775724 -0.000000 0.000000
Y 6.581793 2.193931 2.193931


-1.000000	212012101	0110010010010
10

Y 0.000000 0.000000 0.000000
Y 2.193931 2.193931 -2.193931
D 4.387862 0.000000 -4.387862
P 6.581793 2.193931 -6.581793
E 8.775724 4.387862 -4.387862
T 10.969655 6.581793 -6.581793
G 13.163586 4.387862 -8.775724
T 10.969655 2.193931 -10.969655
W 8.775724 0.000000 -8.775724
Y 6.581793 -2.193931 -10.969655


-1.000000	030230301	0011000111001
10

Y 0.000000 0.000000 0.000000
Y 2.193931 2.193931 -2.193931
D 4.387862 0.000000 -4.387862
P 6.581793 -2.193931 -2.193931
E 8.775724 -4.387862 -4.387862
T 10.969655 -6.581793 -2.193931
G 13.163586 -4.387862 0.000000
T 10.969655 -2.193931 2.193931
W 8.775724 -0.000000 0.000000
Y 6.581793 2.193931 2.193931


-1.000000	030230101	0011000111000
10

Y 0.000000 0.000000 0.000000
Y 2.193931 2.193931 -2.193931
D 4.387862 0.000000 -4.387862
P 6.581793 2.193931 -6.581793
E 8.775724 0.000000 -8.775724
T 10.969655 -2.193931 -6.581793
G 13.163586 0.000000 -4.387862
T 10.969655 2.193931 -2.193931
W 8.775724 4.387862 -4.387862
Y 6.581793 6.581793 -2.193931


-1.000000	212012301	0110010010011
10

Y 0.000000 0.000000 0.000000
Y 2.193931 2.193931 -2.193931
D 4.387862 0.000000 -4.387862
P 6.581793 -2.193931 -2.193931
E 8.775724 0.000000 0.000000
T 10.969655 2.193931 -2.193931
G 13.163586 0.000000 -4.387862
T 10.969655 -2.193931 -6.581793
W 8.775724 -4.387862 -4.387862
Y 6.581793 -6.581793 -6.581793


-1.000000	212312101	0110011110010
10

Y 0.000000 0.000000 0.000000
Y 2.193931 2.193931 -2.193931
D 4.387862 0.000000 -4.387862
P 6.581793 2.193931 -6.581793
E 8.775724 4.387862 -4.387862
T 10.969655 6.581793 -6.581793
G 8.775724 8.775724 -8.775724
T 6.581793 6.581793 -10.969655
W 4.387862 4.387862 -8.775724
Y 2.193931 2.193931 -10.969655


-1.000000	030130301	0011001011001
10

Y 0.000000 0.000000 0.000000
Y 2.193931 2.193931 -2.193931
D 4.387862 0.000000 -4.387862
P 6.581793 -2.193931 -2.193931
E 8.775724 -4.387862 -4.387862
T 10.969655 -6.581793 -2.193931
G 8.775724 -8.775724 0.000000
T 6.581793 -6.581793 2.193931
W 4.387862 -4.387862 0.000000
Y 2.193931 -2.193931 2.193931


-1.000000	323023101	1101110001110
10

Y 0.000000 0.000000 0.000000
Y 2.193931 2.193931 -2.193931
D 4.387862 0.000000 -4.387862
P 6.581793 2.193931 -6.581793
E 4.387862 4.387862 -8.775724
T 2.193931 2.193931 -10.969655
G 4.387862 0.000000 -13.163586
T 6.581793 -2.193931 -10.969655
W 8.775724 0.000000 -8.775724
Y 10.969655 -2.193931 -6.581793


-1.000000	101201301	1000100100101
10

Y 0.000000 0.000000 0.000000
Y 2.193931 2.193931 -2.193931
D 4.387862 0.000000 -4.387862
P 6.581793 -2.193931 -2.193931
E 4.387862 -4.387862 0.000000
T 2.193931 -2.193931 2.193931
G 4.387862 0.000000 4.387862
T 6.581793 2.193931 2.193931
W 8.775724 0.000000 0.000000
Y 10.969655 2.193931 -2.193931


-1.000000	132032101	1011010011010
10

Y 0.000000 0.000000 0.000000
Y 2.193931 2.193931 -2.193931
D 4.387862 0.000000 -4.387862
P 6.581793 2.193931 -6.581793
E 8.775724 4.387862 -4.387862
T 10.969655 2.193931 -2.193931
G 13.163586 0.000000 -4.387862
T 10.969655 -2.193931 -6.581793
W 8.775724 0.000000 -8.775724
Y 10.969655 2.193931 -10.969655


-1.000000	310210301	1110000110001
10

Y 0.000000 0.000000 0.000000
Y 2.193931 2.193931 -2.193931
D 4.387862 0.000000 -4.387862
P 6.581793 -2.193931 -2.193931
E 8.775724 -4.387862 -4.387862
T 10.969655 -2.193931 -6.581793
G 13.163586 0.000000 -4.387862
T 10.969655 2.193931 -2.193931
W 8.775724 0.000000 -0.000000
Y 10.969655 -2.193931 2.193931


-1.000000	310210101	1110000110000
10

Y 0.000000 0.000000 0.000000
Y 2.193931 2.193931 -2.193931
D 4.387862 0.000000 -4.387862
P 6.581793 2.193931 -6.581793
E 8.775724 0.000000 -8.775724
T 10.969655 2.193931 -10.969655
G 13.163586 4.387862 -8.775724
T 10.969655 6.581793 -6.581793
W 8.775724 4.387862 -4.387862
Y 10.969655 2.193931 -2.193931


-1.000000	132032301	1011010011011
10

Y 0.000000 0.000000 0.000000
Y 2.193931 2.193931 -2.193931
D 4.387862 0.000000 -4.387862
P 6.581793 -2.193931 -2.193931
E 8.775724 0.000000 0.000000
T 10.969655 -2.193931 2.193931
G 13.163586 -4.387862 0.000000
T 10.969655 -6.581793 -2.193931
W 8.775724 -4.387862 -4.387862
Y 10.969655 -2.193931 -6.581793


-1.000000	313213101	1110110110110
10

Y 0.000000 0.000000 0.000000
Y 2.193931 2.193931 -2.193931
D 4.387862 0.000000 -4.387862
P 6.581793 2.193931 -6.581793
E 4.387862 4.387862 -8.775724
T 6.581793 6.581793 -10.969655
G 8.775724 8.775724 -8.775724
T 10.969655 6.581793 -6.581793
W 8.775724 4.387862 -4.387862
Y 10.969655 2.193931 -2.193931


-1.000000	131031301	1011100011101
10

Y 0.000000 0.000000 0.000000
Y 2.193931 2.193931 -2.193931
D 4.387862 0.000000 -4.387862
P 6.581793 -2.193931 -2.193931
E 4.387862 -4.387862 0.000000
T 6.581793 -6.581793 2.193931
G 8.775724 -8.775724 0.000000
T 10.969655 -6.581793 -2.193931
W 8.775724 -4.387862 -4.387862
Y 10.969655 -2.193931 -6.581793


-1.000000	020320101	0001001101000
10

Y 0.000000 0.000000 0.000000
Y 2.193931 2.193931 -2.193931
D 4.387862 0.000000 -4.387862
P 6.581793 2.193931 -6.581793
E 8.775724 0.000000 -8.775724
T 6.581793 -2.193931 -10.969655
G 4.387862 0.000000 -13.163586
T 2.193931 2.193931 -10.969655
W 4.387862 4.387862 -8.775724
Y 2.193931 6.581793 -6.581793


-1.000000	202102301	0100011000011
10

Y 0.000000 0.000000 0.000000
Y 2.193931 2.193931 -2.193931
D 4.387862 0.000000 -4.387862
P 6.581793 -2.193931 -2.193931
E 8.775724 0.000000 0.000000
T 6.581793 2.193931 2.193931
G 4.387862 0.000000 4.387862
T 2.193931 -2.193931 2.193931
W 4.387862 -4.387862 0.000000
Y 2.193931 -6.581793 -2.193931


-1.000000	202302101	0100011100010
10

Y 0.000000 0.000000 0.000000
Y 2.193931 2.193931 -2.193931
D 4.387862 0.000000 -4.387862
P 6.581793 2.193931 -6.581793
E 8.775724 4.387862 -4.387862
T 6.581793 6.581793 -2.193931
G 4.387862 8.775724 -4.387862
T 2.193931 6.581793 -6.581793
W 4.387862 4.387862 -8.775724
Y 2.193931 2.193931 -10.969655


-1.000000	020120301	0001001001001
10

Y 0.000000 0.000000 0.000000
Y 2.193931 2.193931 -2.193931
D 4.387862 0.000000 -4.387862
P 6.581793 -2.193931 -2.193931
E 8.775724 -4.387862 -4.387862
T 6.581793 -6.581793 -6.581793
G 4.387862 -8.775724 -4.387862
T 2.193931 -6.581793 -2.193931
W 4.387862 -4.387862 -0.000000
Y 2.193931 -2.193931 2.193931


-1.000000	313013101	1110110010110
10

Y 0.000000 0.000000 0.000000
Y 2.193931 2.193931 -2.193931
D 4.387862 0.000000 -4.387862
P 6.581793 2.193931 -6.581793
E 4.387862 4.387862 -8.775724
T 6.581793 6.581793 -10.969655
G 8.775724 4.387862 -13.163586
T 10.969655 2.193931 -10.969655
W 8.775724 0.000000 -8.775724
Y 10.969655 -2.193931 -6.581793


-1.000000	131231301	1011100111101
10

Y 0.000000 0.000000 0.000000
Y 2.193931 2.193931 -2.193931
D 4.387862 0.000000 -4.387862
P 6.581793 -2.193931 -2.193931
E 4.387862 -4.387862 0.000000
T 6.581793 -6.581793 2.193931
G 8.775724 -4.387862 4.387862
T 10.969655 -2.193931 2.193931
W 8.775724 -0.000000 0.000000
Y 10.969655 2.193931 -2.193931


-1.000000	312012101	1110010010010
10

Y 0.000000 0.000000 0.000000
Y 2.193931 2.193931 -2.193931
D 4.387862 0.000000 -4.387862
P 6.581793 2.193931 -6.581793
E 8.775724 4.387862 -4.387862
T 10.969655 6.581793 -6.581793
G 13.163586 4.387862 -8.775724
T 10.969655 2.193931 -10.969655
W 8.775724 0.000000 -8.775724
Y 10.969655 -2.193931 -6.581793


-1.000000	130230301	1011000111001
10

Y 0.000000 0.000000 0.000000
Y 2.193931 2.193931 -2.193931
D 4.387862 0.000000 -4.387862
P 6.581793 -2.193931 -2.193931
E 8.775724 -4.387862 -4.387862
T 10.969655 -6.581793 -2.193931
G 13.163586 -4.387862 0.000000
T 10.969655 -2.193931 2.193931
W 8.775724 -0.000000 0.000000
Y 10.969655 2.193931 -2.193931


-1.000000	130230101	1011000111000
10

Y 0.000000 0.000000 0.000000
Y 2.193931 2.193931 -2.193931
D 4.387862 0.000000 -4.387862
P 6.581793 2.193931 -6.581793
E 8.775724 0.000000 -8.775724
T 10.969655 -2.193931 -6.581793
G 13.163586 0.000000 -4.387862
T 10.969655 2.193931 -2.193931
W 8.775724 4.387862 -4.387862
Y 10.969655 6.581793 -6.581793


-1.000000	312012301	1110010010011
10

Y 0.000000 0.000000 0.000000
Y 2.193931 2.193931 -2.193931
D 4.387862 0.000000 -4.387862
P 6.581793 -2.193931 -2.193931
E 8.775724 0.000000 0.000000
T 10.969655 2.193931 -2.193931
G 13.163586 0.000000 -4.387862
T 10.969655 -2.193931 -6.581793
W 8.775724 -4.387862 -4.387862
Y 10.969655 -6.581793 -2.193931


-1.000000	303203101	1100110100110
10

Y 0.000000 0.000000 0.000000
Y 2.193931 2.193931 -2.193931
D 4.387862 0.000000 -4.387862
P 6.581793 2.193931 -6.581793
E 4.387862 4.387862 -8.775724
T 2.193931 6.581793 -6.581793
G 4.387862 8.775724 -4.387862
T 6.581793 6.581793 -2.193931
W 8.775724 4.387862 -4.387862
Y 10.969655 2.193931 -2.193931


-1.000000	121021301	1001100001101
10

Y 0.000000 0.000000 0.000000
Y 2.193931 2.193931 -2.193931
D 4.387862 0.000000 -4.387862
P 6.581793 -2.193931 -2.193931
E 4.387862 -4.387862 0.000000
T 2.193931 -6.581793 -2.193931
G 4.387862 -8.775724 -4.387862
T 6.581793 -6.581793 -6.581793
W 8.775724 -4.387862 -4.387862
Y 10.969655 -2.193931 -6.581793


-1.000000	010310101	0010001110000
10

Y 0.000000 0.000000 0.000000
Y 2.193931 2.193931 -2.193931
D 4.387862 0.000000 -4.387862
P 6.581793 2.193931 -6.581793
E 8.775724 0.000000 -8.775724
T 10.969655 2.193931 -10.969655
G 8.775724 4.387862 -13.163586
T 6.581793 6.581793 -10.969655
W 4.387862 4.387862 -8.775724
Y 2.193931 6.581793 -6.581793


-1.000000	232132301	0111011011011
10

Y 0.000000 0.000000 0.000000
Y 2.193931 2.193931 -2.193931
D 4.387862 0.000000 -4.387862
P 6.581793 -2.193931 -2.193931
E 8.775724 0.000000 0.000000
T 10.969655 -2.193931 2.193931
G 8.775724 -4.387862 4.387862
T 6.581793 -6.581793 2.193931
W 4.387862 -4.387862 0.000000
Y 2.193931 -6.581793 -2.193931


-1.000000	232032101	0111010011010
10

Y 0.000000 0.000000 0.000000
Y 2.193931 2.193931 -2.193931
D 4.387862 0.000000 -4.387862
P 6.581793 2.193931 -6.581793
E 8.775724 4.387862 -4.387862
T 10.969655 2.193931 -2.193931
G 13.163586 0.000000 -4.387862
T 10.969655 -2.193931 -6.581793
W 8.775724 0.000000 -8.775724
Y 6.581793 -2.193931 -10.969655


-1.000000	010210301	0010000110001
10

Y 0.000000 0.000000 0.000000
Y 2.193931 2.193931 -2.193931
D 4.387862 0.000000 -4.387862
P 6.581793 -2.193931 -2.193931
E 8.775724 -4.387862 -4.387862
T 10.969655 -2.193931 -6.581793
G 13.163586 0.000000 -4.387862
T 10.969655 2.193931 -2.193931
W 8.775724 0.000000 -0.000000
Y 6.581793 2.193931 2.193931


-1.000000	010210101	0010000110000
10

Y 0.000000 0.000000 0.000000
Y 2.193931 2.193931 -2.193931
D 4.387862 0.000000 -4.387862
P 6.581793 2.193931 -6.581793
E 8.775724 0.000000 -8.775724
T 10.969655 2.193931 -10.969655
G 13.163586 4.387862 -8.775724
T 10.969655 6.581793 -6.581793
W 8.775724 4.387862 -4.387862
Y 6.581793 6.581793 -2.193931


-1.000000	232032301	0111010011011
10

Y 0.000000 0.000000 0.000000
Y 2.193931 2.193931 -2.193931
D 4.387862 0.000000 -4.387862
P 6.581793 -2.193931 -2.193931
E 8.775724 0.000000 0.000000
T 10.969655 -2.193931 2.193931
G 13.163586 -4.387862 0.000000
T 10.969655 -6.581793 -2.193931
W 8.775724 -4.387862 -4.387862
Y 6.581793 -6.581793 -6.581793


-1.000000	013213101	0010110110110
10

Y 0.000000 0.000000 0.000000
Y 2.193931 2.193931 -2.193931
D 4.387862 0.000000 -4.387862
P 6.581793 2.193931 -6.581793
E 4.387862 4.387862 -8.775724
T 6.581793 6.581793 -10.969655
G 8.775724 8.775724 -8.775724
T 10.969655 6.581793 -6.581793
W 8.775724 4.387862 -4.387862
Y 6.581793 6.581793 -2.193931


-1.000000	231031301	0111100011101
10

Y 0.000000 0.000000 0.000000
Y 2.193931 2.193931 -2.193931
D 4.387862 0.000000 -4.387862
P 6.581793 -2.193931 -2.193931
E 4.387862 -4.387862 0.000000
T 6.581793 -6.581793 2.193931
G 8.775724 -8.775724 0.000000
T 10.969655 -6.581793 -2.193931
W 8.775724 -4.387862 -4.387862
Y 6.581793 -6.581793 -6.581793


-1.000000	120320101	1001001101000
10

Y 0.000000 0.000000 0.000000
Y 2.193931 2.193931 -2.193931
D 4.387862 0.000000 -4.387862
P 6.581793 2.193931 -6.581793
E 8.775724 0.000000 -8.775724
T 6.581793 -2.193931 -10.969655
G 4.387862 0.000000 -13.163586
T 2.193931 2.193931 -10.969655
W 4.387862 4.387862 -8.775724
Y 6.581793 6.581793 -10.969655


-1.000000	302102301	1100011000011
10

Y 0.000000 0.000000 0.000000
Y 2.193931 2.193931 -2.193931
D 4.387862 0.000000 -4.387862
P 6.581793 -2.193931 -2.193931
E 8.775724 0.000000 0.000000
T 6.581793 2.193931 2.193931
G 4.387862 0.000000 4.387862
T 2.193931 -2.193931 2.193931
W 4.387862 -4.387862 0.000000
Y 6.581793 -6.581793 2.193931


-1.000000	012312101	0010011110010
10

Y 0.000000 0.000000 0.000000
Y 2.193931 2.193931 -2.193931
D 4.387862 0.000000 -4.387862
P 6.581793 2.193931 -6.581793
E 8.775724 4.387862 -4.387862
T 10.969655 6.581793 -6.581793
G 8.775724 8.775724 -8.775724
T 6.581793 6.581793 -10.969655
W 4.387862 4.387862 -8.775724
Y 2.193931 6.581793 -6.581793


-1.000000	230130301	0111001011001
10

Y 0.000000 0.000000 0.000000
Y 2.193931 2.193931 -2.193931
D 4.387862 0.000000 -4.387862
P 6.581793 -2.193931 -2.193931
E 8.775724 -4.387862 -4.387862
T 10.969655 -6.581793 -2.193931
G 8.775724 -8.775724 0.000000
T 6.581793 -6.581793 2.193931
W 4.387862 -4.387862 0.000000
Y 2.193931 -6.581793 -2.193931


-1.000000	123023101	1001110001110
10

Y 0.000000 0.000000 0.000000
Y 2.193931 2.193931 -2.193931
D 4.387862 0.000000 -4.387862
P 6.581793 2.193931 -6.581793
E 4.387862 4.387862 -8.775724
T 2.193931 2.193931 -10.969655
G 4.387862 0.000000 -13.163586
T 6.581793 -2.193931 -10.969655
W 8.775724 0.000000 -8.775724
Y 10.969655 2.193931 -10.969655


-1.000000	301201301	1100100100101
10

Y 0.000000 0.000000 0.000000
Y 2.193931 2.193931 -2.193931
D 4.387862 0.000000 -4.387862
P 6.581793 -2.193931 -2.193931
E 4.387862 -4.387862 0.000000
T 2.193931 -2.193931 2.193931
G 4.387862 0.000000 4.387862
T 6.581793 2.193931 2.193931
W 8.775724 0.000000 0.000000
Y 10.969655 -2.193931 2.193931


0.000000	321032101	1101100011010
10

Y 0.000000 0.000000 0.000000
Y 2.193931 2.193931 -2.193931
D 4.387862 0.000000 -4.387862
P 6.581793 2.193931 -6.581793
E 8.775724 4.387862 -4.387862
T 10.969655 2.193931 -2.193931
G 13.163586 0.000000 -4.387862
T 15.357517 2.193931 -6.581793
W 17.551448 4.387862 -4.387862
Y 19.745379 2.193931 -2.193931


0.000000	103210301	1000110110001
10

Y 0.000000 0.000000 0.000000
Y 2.193931 2.193931 -2.193931
D 4.387862 0.000000 -4.387862
P 6.581793 -2.193931 -2.193931
E 8.775724 -4.387862 -4.387862
T 10.969655 -2.193931 -6.581793
G 13.163586 0.000000 -4.387862
T 15.357517 -2.193931 -2.193931
W 17.551448 -4.387862 -4.387862
Y 19.745379 -2.193931 -6.581793


0.000000	032103101	0011011000110
10

Y 0.000000 0.000000 0.000000
Y 2.193931 2.193931 -2.193931
D 4.387862 0.000000 -4.387862
P 6.581793 2.193931 -6.581793
E 4.387862 4.387862 -8.775724
T 2.193931 6.581793 -6.581793
G 0.000000 4.387862 -4.387862
T -2.193931 2.193931 -6.581793
W -4.387862 4.387862 -8.775724
Y -6.581793 6.581793 -6.581793


0.000000	210321301	0110001101101
10

Y 0.000000 0.000000 0.000000
Y 2.193931 2.193931 -2.193931
D 4.387862 0.000000 -4.387862
P 6.581793 -2.193931 -2.193931
E 4.387862 -4.387862 0.000000
T 2.193931 -6.581793 -2.193931
G 0.000000 -4.387862 -4.387862
T -2.193931 -2.193931 -2.193931
W -4.387862 -4.387862 0.000000
Y -6.581793 -6.581793 -2.193931


0.000000	103210101	1000110110000
10

Y 0.000000 0.000000 0.000000
Y 2.193931 2.193931 -2.193931
D 4.387862 0.000000 -4.387862
P 6.581793 2.193931 -6.581793
E 8.775724 0.000000 -8.775724
T 10.969655 2.193931 -10.969655
G 13.163586 4.387862 -8.775724
T 15.357517 2.193931 -6.581793
W 17.551448 0.000000 -8.775724
Y 19.745379 2.193931 -10.969655


0.000000	321032301	1101100011011
10

Y 0.000000 0.000000 0.000000
Y 2.193931 2.193931 -2.193931
D 4.387862 0.000000 -4.387862
P 6.581793 -2.193931 -2.193931
E 8.775724 0.000000 0.000000
T 10.969655 -2.193931 2.193931
G 13.163586 -4.387862 0.000000
T 15.357517 -2.193931 -2.193931
W 17.551448 0.000000 0.000000
Y 19.745379 -2.193931 2.193931


0.000000	210320301	0110001101001
10

Y 0.000000 0.000000 0.000000
Y 2.193931 2.193931 -2.193931
D 4.387862 0.000000 -4.387862
P 6.581793 -2.193931 -2.193931
E 8.775724 -4.387862 -4.387862
T 6.581793 -6.581793 -6.581793
G 4.387862 -4.387862 -8.775724
T 2.193931 -2.193931 -6.581793
W 0.000000 -4.387862 -4.387862
Y -2.193931 -6.581793 -6.581793


0.000000	103213101	1000110110110
10

Y 0.000000 0.000000 0.000000
Y 2.193931 2.193931 -2.193931
D 4.387862 0.000000 -4.387862
P 6.581793 2.193931 -6.581793
E 4.387862 4.387862 -8.775724
T 6.581793 6.581793 -10.969655
G 8.775724 8.775724 -8.775724
T 10.969655 6.581793 -6.581793
W 13.163586 4.387862 -8.775724
Y 15.357517 6.581793 -10.969655


0.000000	321031301	1101100011101
10

Y 0.000000 0.000000 0.000000
Y 2.193931 2.193931 -2.193931
D 4.387862 0.000000 -4.387862
P 6.581793 -2.193931 -2.193931
E 4.387862 -4.387862 0.000000
T 6.581793 -6.581793 2.193931
G 8.775724 -8.775724 0.000000
T 10.969655 -6.581793 -2.193931
W 13.163586 -4.387862 0.000000
Y 15.357517 -6.581793 2.193931


0.000000	210320101	0110001101000
10

Y 0.000000 0.000000 0.000000
Y 2.193931 2.193931 -2.193931
D 4.387862 0.000000 -4.387862
P 6.581793 2.193931 -6.581793
E 8.775724 0.000000 -8.775724
T 6.581793 -2.193931 -10.969655
G 4.387862 0.000000 -13.163586
T 2.193931 2.193931 -10.969655
W 0.000000 0.000000 -8.775724
Y -2.193931 -2.193931 -10.969655


0.000000	103212101	1000110110010
10

Y 0.000000 0.000000 0.000000
Y 2.193931 2.193931 -2.193931
D 4.387862 0.000000 -4.387862
P 6.581793 2.193931 -6.581793
E 8.775724 4.387862 -4.387862
T 10.969655 6.581793 -6.581793
G 13.163586 8.775724 -4.387862
T 15.357517 6.581793 -2.193931
W 17.551448 4.387862 -4.387862
Y 19.745379 6.581793 -6.581793


0.000000	321030301	1101100011001
10

Y 0.000000 0.000000 0.000000
Y 2.193931 2.193931 -2.193931
D 4.387862 0.000000 -4.387862
P 6.581793 -2.193931 -2.193931
E 8.775724 -4.387862 -4.387862
T 10.969655 -6.581793 -2.193931
G 13.163586 -8.775724 -4.387862
T 15.357517 -6.581793 -6.581793
W 17.551448 -4.387862 -4.387862
Y 19.745379 -6.581793 -2.193931


0.000000	210323101	0110001101110
10

Y 0.000000 0.000000 0.000000
Y 2.193931 2.193931 -2.193931
D 4.387862 0.000000 -4.387862
P 6.581793 2.193931 -6.581793
E 4.387862 4.387862 -8.775724
T 2.193931 2.193931 -10.969655
G 0.000000 4.387862 -13.163586
T -2.193931 6.581793 -10.969655
W -4.387862 4.387862 -8.775724
Y -6.581793 2.193931 -10.969655


0.000000	032101301	0011011000101
10

Y 0.000000 0.000000 0.000000
Y 2.193931 2.193931 -2.193931
D 4.387862 0.000000 -4.387862
P 6.581793 -2.193931 -2.193931
E 4.387862 -4.387862 0.000000
T 2.193931 -2.193931 2.193931
G 0.000000 -4.387862 4.387862
T -2.193931 -6.581793 2.193931
W -4.387862 -4.387862 0.000000
Y -6.581793 -2.193931 2.193931


0.000000	321030101	1101100011000
10

Y 0.000000 0.000000 0.000000
Y 2.193931 2.193931 -2.193931
D 4.387862 0.000000 -4.387862
P 6.581793 2.193931 -6.581793
E 8.775724 0.000000 -8.775724
T 10.969655 -2.193931 -6.581793
G 13.163586 -4.387862 -8.775724
T 15.357517 -2.193931 -10.969655
W 17.551448 0.000000 -8.775724
Y 19.745379 -2.193931 -6.581793


0.000000	103212301	1000110110011
10

Y 0.000000 0.000000 0.000000
Y 2.193931 2.193931 -2.193931
D 4.387862 0.000000 -4.387862
P 6.581793 -2.193931 -2.193931
E 8.775724 0.000000 0.000000
T 10.969655 2.193931 -2.193931
G 13.163586 4.387862 0.000000
T 15.357517 2.193931 2.193931
W 17.551448 0.000000 0.000000
Y 19.745379 2.193931 -2.193931


0.000000	103202101	1000110100010
10

Y 0.000000 0.000000 0.000000
Y 2.193931 2.193931 -2.193931
D 4.387862 0.000000 -4.387862
P 6.581793 2.193931 -6.581793
E 8.775724 4.387862 -4.387862
T 6.581793 6.581793 -2.193931
G 8.775724 8.775724 -0.000000
T 10.969655 6.581793 2.193931
W 13.163586 4.387862 -0.000000
Y 15.357517 6.581793 -2.193931


0.000000	321020301	1101100001001
10

Y 0.000000 0.000000 0.000000
Y 2.193931 2.193931 -2.193931
D 4.387862 0.000000 -4.387862
P 6.581793 -2.193931 -2.193931
E 8.775724 -4.387862 -4.387862
T 6.581793 -6.581793 -6.581793
G 8.775724 -8.775724 -8.775724
T 10.969655 -6.581793 -10.969655
W 13.163586 -4.387862 -8.775724
Y 15.357517 -6.581793 -6.581793


0.000000	210313101	0110001110110
10

Y 0.000000 0.000000 0.000000
Y 2.193931 2.193931 -2.193931
D 4.387862 0.000000 -4.387862
P 6.581793 2.193931 -6.581793
E 4.387862 4.387862 -8.775724
T 6.581793 6.581793 -10.969655
G 4.387862 8.775724 -13.163586
T 2.193931 10.969655 -10.969655
W 0.000000 8.775724 -8.775724
Y -2.193931 6.581793 -10.969655


0.000000	032131301	0011011011101
10

Y 0.000000 0.000000 0.000000
Y 2.193931 2.193931 -2.193931
D 4.387862 0.000000 -4.387862
P 6.581793 -2.193931 -2.193931
E 4.387862 -4.387862 0.000000
T 6.581793 -6.581793 2.193931
G 4.387862 -8.775724 4.387862
T 2.193931 -10.969655 2.193931
W 0.000000 -8.775724 0.000000
Y -2.193931 -6.581793 2.193931


0.000000	321020101	1101100001000
10

Y 0.000000 0.000000 0.000000
Y 2.193931 2.193931 -2.193931
D 4.387862 0.000000 -4.387862
P 6.581793 2.193931 -6.581793
E 8.775724 0.000000 -8.775724
T 6.581793 -2.193931 -10.969655
G 8.775724 -4.387862 -13.163586
T 10.969655 -2.193931 -15.357517
W 13.163586 0.000000 -13.163586
Y 15.357517 -2.193931 -10.969655


0.000000	103202301	1000110100011
10

Y 0.000000 0.000000 0.000000
Y 2.193931 2.193931 -2.193931
D 4.387862 0.000000 -4.387862
P 6.581793 -2.193931 -2.193931
E 8.775724 0.000000 0.000000
T 6.581793 2.193931 2.193931
G 8.775724 4.387862 4.387862
T 10.969655 2.193931 6.581793
W 13.163586 0.000000 4.387862
Y 15.357517 2.193931 2.193931


0.000000	210312101	0110001110010
10

Y 0.000000 0.000000 0.000000
Y 2.193931 2.193931 -2.193931
D 4.387862 0.000000 -4.387862
P 6.581793 2.193931 -6.581793
E 8.775724 4.387862 -4.387862
T 10.969655 6.581793 -6.581793
G 8.775724 8.775724 -8.775724
T 6.581793 10.969655 -6.581793
W 4.387862 8.775724 -4.387862
Y 2.193931 6.581793 -6.581793


0.000000	032130301	0011011011001
10

Y 0.000000 0.000000 0.000000
Y 2.193931 2.193931 -2.193931
D 4.387862 0.000000 -4.387862
P 6.581793 -2.193931 -2.193931
E 8.775724 -4.387862 -4.387862
T 10.969655 -6.581793 -2.193931
G 8.775724 -8.775724 0.000000
T 6.581793 -10.969655 -2.193931
W 4.387862 -8.775724 -4.387862
Y 2.193931 -6.581793 -2.193931


0.000000	321023101	1101100001110
10

Y 0.000000 0.000000 0.000000
Y 2.193931 2.193931 -2.193931
D 4.387862 0.000000 -4.387862
P 6.581793 2.193931 -6.581793
E 4.387862 4.387862 -8.775724
T 2.193931 2.193931 -10.969655
G 4.387862 0.000000 -13.163586
T 6.581793 2.193931 -15.357517
W 8.775724 4.387862 -13.163586
Y 10.969655 2.193931 -10.969655


0.000000	103201301	1000110100101
10

Y 0.000000 0.000000 0.000000
Y 2.193931 2.193931 -2.193931
D 4.387862 0.000000 -4.387862
P 6.581793 -2.193931 -2.193931
E 4.387862 -4.387862 0.000000
T 2.193931 -2.193931 2.193931
G 4.387862 0.000000 4.387862
T 6.581793 -2.193931 6.581793
W 8.775724 -4.387862 4.387862
Y 10.969655 -2.193931 2.193931


0.000000	032130101	0011011011000
10

Y 0.000000 0.000000 0.000000
Y 2.193931 2.193931 -2.193931
D 4.387862 0.000000 -4.387862
P 6.581793 2.193931 -6.581793
E 8.775724 0.000000 -8.775724
T 10.969655 -2.193931 -6.581793
G 8.775724 -4.387862 -4.387862
T 6.581793 -6.581793 -6.581793
W 4.387862 -4.387862 -8.775724
Y 2.193931 -2.193931 -6.581793


0.000000	103232101	1000110111010
10

Y 0.000000 0.000000 0.000000
Y 2.193931 2.193931 -2.193931
D 4.387862 0.000000 -4.387862
P 6.581793 2.193931 -6.581793
E 8.775724 4.387862 -4.387862
T 10.969655 2.193931 -2.193931
G 13.163586 4.387862 -0.000000
T 15.357517 2.193931 2.193931
W 17.551448 0.000000 -0.000000
Y 19.745379 2.193931 -2.193931


0.000000	321010301	1101100010001
10

Y 0.000000 0.000000 0.000000
Y 2.193931 2.193931 -2.193931
D 4.387862 0.000000 -4.387862
P 6.581793 -2.193931 -2.193931
E 8.775724 -4.387862 -4.387862
T 10.969655 -2.193931 -6.581793
G 13.163586 -4.387862 -8.775724
T 15.357517 -2.193931 -10.969655
W 17.551448 0.000000 -8.775724
Y 19.745379 -2.193931 -6.581793


0.000000	210303101	0110001100110
10

Y 0.000000 0.000000 0.000000
Y 2.193931 2.193931 -2.193931
D 4.387862 0.000000 -4.387862
P 6.581793 2.193931 -6.581793
E 4.387862 4.387862 -8.775724
T 2.193931 6.581793 -6.581793
G 0.000000 8.775724 -8.775724
T -2.193931 10.969655 -6.581793
W -4.387862 8.775724 -4.387862
Y -6.581793 6.581793 -6.581793


0.000000	032121301	0011011001101
10

Y 0.000000 0.000000 0.000000
Y 2.193931 2.193931 -2.193931
D 4.387862 0.000000 -4.387862
P 6.581793 -2.193931 -2.193931
E 4.387862 -4.387862 0.000000
T 2.193931 -6.581793 -2.193931
G 0.000000 -8.775724 0.000000
T -2.193931 -10.969655 -2.193931
W -4.387862 -8.775724 -4.387862
Y -6.581793 -6.581793 -2.193931


0.000000	321010101	1101100010000
10

Y 0.000000 0.000000 0.000000
Y 2.193931 2.193931 -2.193931
D 4.387862 0.000000 -4.387862
P 6.581793 2.193931 -6.581793
E 8.775724 0.000000 -8.775724
T 10.969655 2.193931 -10.969655
G 13.163586 0.000000 -13.163586
T 15.357517 2.193931 -15.357517
W 17.551448 4.387862 -13.163586
Y 19.745379 2.193931 -10.969655


0.000000	103232301	1000110111011
10

Y 0.000000 0.000000 0.000000
Y 2.193931 2.193931 -2.193931
D 4.387862 0.000000 -4.387862
P 6.581793 -2.193931 -2.193931
E 8.775724 0.000000 0.000000
T 10.969655 -2.193931 2.193931
G 13.163586 0.000000 4.387862
T 15.357517 -2.193931 6.581793
W 17.551448 -4.387862 4.387862
Y 19.745379 -2.193931 2.193931


0.000000	210302101	0110001100010
10

Y 0.000000 0.000000 0.000000
Y 2.193931 2.193931 -2.193931
D 4.387862 0.000000 -4.387862
P 6.581793 2.193931 -6.581793
E 8.775724 4.387862 -4.387862
T 6.581793 6.581793 -2.193931
G 4.387862 8.775724 -4.387862
T 2.193931 10.969655 -2.193931
W 0.000000 8.775724 -0.000000
Y -2.193931 6.581793 -2.193931


0.000000	032120301	0011011001001
10

Y 0.000000 0.000000 0.000000
Y 2.193931 2.193931 -2.193931
D 4.387862 0.000000 -4.387862
P 6.581793 -2.193931 -2.193931
E 8.775724 -4.387862 -4.387862
T 6.581793 -6.581793 -6.581793
G 4.387862 -8.775724 -4.387862
T 2.193931 -10.969655 -6.581793
W 0.000000 -8.775724 -8.775724
Y -2.193931 -6.581793 -6.581793


0.000000	321013101	1101100010110
10

Y 0.000000 0.000000 0.000000
Y 2.193931 2.193931 -2.193931
D 4.387862 0.000000 -4.387862
P 6.581793 2.193931 -6.581793
E 4.387862 4.387862 -8.775724
T 6.581793 6.581793 -10.969655
G 8.775724 4.387862 -13.163586
T 10.969655 6.581793 -15.357517
W 13.163586 8.775724 -13.163586
Y 15.357517 6.581793 -10.969655


0.000000	103231301	1000110111101
10

Y 0.000000 0.000000 0.000000
Y 2.193931 2.193931 -2.193931
D 4.387862 0.000000 -4.387862
P 6.581793 -2.193931 -2.193931
E 4.387862 -4.387862 0.000000
T 6.581793 -6.581793 2.193931
G 8.775724 -4.387862 4.387862
T 10.969655 -6.581793 6.581793
W 13.163586 -8.775724 4.387862
Y 15.357517 -6.581793 2.193931


0.000000	032120101	0011011001000
10

Y 0.000000 0.000000 0.000000
Y 2.193931 2.193931 -2.193931
D 4.387862 0.000000 -4.387862
P 6.581793 2.193931 -6.581793
E 8.775724 0.000000 -8.775724
T 6.581793 -2.193931 -10.969655
G 4.387862 -4.387862 -8.775724
T 2.193931 -6.581793 -10.969655
W 0.000000 -4.387862 -13.163586
Y -2.193931 -2.193931 -10.969655


0.000000	210302301	0110001100011
10

Y 0.000000 0.000000 0.000000
Y 2.193931 2.193931 -2.193931
D 4.387862 0.000000 -4.387862
P 6.581793 -2.193931 -2.193931
E 8.775724 0.000000 0.000000
T 6.581793 2.193931 2.193931
G 4.387862 4.387862 0.000000
T 2.193931 6.581793 2.193931
W 0.000000 4.387862 4.387862
Y -2.193931 2.193931 2.193931


0.000000	321012101	1101100010010
10

Y 0.000000 0.000000 0.000000
Y 2.193931 2.193931 -2.193931
D 4.387862 0.000000 -4.387862
P 6.581793 2.193931 -6.581793
E 8.775724 4.387862 -4.387862
T 10.969655 6.581793 -6.581793
G 13.163586 4.387862 -8.775724
T 15.357517 6.581793 -10.969655
W 17.551448 8.775724 -8.775724
Y 19.745379 6.581793 -6.581793


0.000000	103230301	1000110111001
10

Y 0.000000 0.000000 0.000000
Y 2.193931 2.193931 -2.193931
D 4.387862 0.000000 -4.387862
P 6.581793 -2.193931 -2.193931
E 8.775724 -4.387862 -4.387862
T 10.969655 -6.581793 -2.193931
G 13.163586 -4.387862 0.000000
T 15.357517 -6.581793 2.193931
W 17.551448 -8.775724 0.000000
Y 19.745379 -6.581793 -2.193931


0.000000	032123101	0011011001110
10

Y 0.000000 0.000000 0.000000
Y 2.193931 2.193931 -2.193931
D 4.387862 0.000000 -4.387862
P 6.581793 2.193931 -6.581793
E 4.387862 4.387862 -8.775724
T 2.193931 2.193931 -10.969655
G 0.000000 0.000000 -8.775724
T -2.193931 -2.193931 -10.969655
W -4.387862 0.000000 -13.163586
Y -6.581793 2.193931 -10.969655


0.000000	103230101	1000110111000
10

Y 0.000000 0.000000 0.000000
Y 2.193931 2.193931 -2.193931
D 4.387862 0.000000 -4.387862
P 6.581793 2.193931 -6.581793
E 8.775724 0.000000 -8.775724
T 10.969655 -2.193931 -6.581793
G 13.163586 0.000000 -4.387862
T 15.357517 -2.193931 -2.193931
W 17.551448 -4.387862 -4.387862
Y 19.745379 -2.193931 -6.581793


0.000000	321012301	1101100010011
10

Y 0.000000 0.000000 0.000000
Y 2.193931 2.193931 -2.193931
D 4.387862 0.000000 -4.387862
P 6.581793 -2.193931 -2.193931
E 8.775724 0.000000 0.000000
T 10.969655 2.193931 -2.193931
G 13.163586 0.000000 -4.387862
T 15.357517 2.193931 -6.581793
W 17.551448 4.387862 -4.387862
Y 19.745379 2.193931 -2.193931


0.000000	103102101	1000111000010
10

Y 0.000000 0.000000 0.000000
Y 2.193931 2.193931 -2.193931
D 4.387862 0.000000 -4.387862
P 6.581793 2.193931 -6.581793
E 8.775724 4.387862 -4.387862
T 6.581793 6.581793 -2.193931
G 4.387862 4.387862 -0.000000
T 6.581793 2.193931 2.193931
W 8.775724 0.000000 -0.000000
Y 10.969655 2.193931 -2.193931


0.000000	321320301	1101101101001
10

Y 0.000000 0.000000 0.000000
Y 2.193931 2.193931 -2.193931
D 4.387862 0.000000 -4.387862
P 6.581793 -2.193931 -2.193931
E 8.775724 -4.387862 -4.387862
T 6.581793 -6.581793 -6.581793
G 4.387862 -4.387862 -8.775724
T 6.581793 -2.193931 -10.969655
W 8.775724 -0.000000 -8.775724
Y 10.969655 -2.193931 -6.581793


0.000000	210213101	0110000110110
10

Y 0.000000 0.000000 0.000000
Y 2.193931 2.193931 -2.193931
D 4.387862 0.000000 -4.387862
P 6.581793 2.193931 -6.581793
E 4.387862 4.387862 -8.775724
T 6.581793 6.581793 -10.969655
G 8.775724 8.775724 -8.775724
T 6.581793 10.969655 -6.581793
W 4.387862 8.775724 -4.387862
Y 2.193931 6.581793 -6.581793


0.000000	032031301	0011010011101
10

Y 0.000000 0.000000 0.000000
Y 2.193931 2.193931 -2.193931
D 4.387862 0.000000 -4.387862
P 6.581793 -2.193931 -2.193931
E 4.387862 -4.387862 0.000000
T 6.581793 -6.581793 2.193931
G 8.775724 -8.775724 0.000000
T 6.581793 -10.969655 -2.193931
W 4.387862 -8.775724 -4.387862
Y 2.193931 -6.581793 -2.193931


0.000000	321320101	1101101101000
10

Y 0.000000 0.000000 0.000000
Y 2.193931 2.193931 -2.193931
D 4.387862 0.000000 -4.387862
P 6.581793 2.193931 -6.581793
E 8.775724 0.000000 -8.775724
T 6.581793 -2.193931 -10.969655
G 4.387862 0.000000 -13.163586
T 6.581793 2.193931 -15.357517
W 8.775724 4.387862 -13.163586
Y 10.969655 2.193931 -10.969655


0.000000	103102301	1000111000011
10

Y 0.000000 0.000000 0.000000
Y 2.193931 2.193931 -2.193931
D 4.387862 0.000000 -4.387862
P 6.581793 -2.193931 -2.193931
E 8.775724 0.000000 0.000000
T 6.581793 2.193931 2.193931
G 4.387862 0.000000 4.387862
T 6.581793 -2.193931 6.581793
W 8.775724 -4.387862 4.387862
Y 10.969655 -2.193931 2.193931


0.000000	210212101	0110000110010
10

Y 0.000000 0.000000 0.000000
Y 2.193931 2.193931 -2.193931
D 4.387862 0.000000 -4.387862
P 6.581793 2.193931 -6.581793
E 8.775724 4.387862 -4.387862
T 10.969655 6.581793 -6.581793
G 13.163586 8.775724 -4.387862
T 10.969655 10.969655 -2.193931
W 8.775724 8.775724 -0.000000
Y 6.581793 6.581793 -2.193931


0.000000	032030301	0011010011001
10

Y 0.000000 0.000000 0.000000
Y 2.193931 2.193931 -2.193931
D 4.387862 0.000000 -4.387862
P 6.581793 -2.193931 -2.193931
E 8.775724 -4.387862 -4.387862
T 10.969655 -6.581793 -2.193931
G 13.163586 -8.775724 -4.387862
T 10.969655 -10.969655 -6.581793
W 8.775724 -8.775724 -8.775724
Y 6.581793 -6.581793 -6.581793


