-57.680000	2734b6840
10

Q 0.000000 0.000000 0.000000
Y 2.687006 2.687006 0.000000
Q 5.374012 2.687006 2.687006
F 5.374012 0.000000 0.000000
W 2.687006 -2.687006 0.000000
K 0.000000 -2.687006 2.687006
N 2.687006 -2.687006 5.374012
F 2.687006 0.000000 2.687006
Q 5.374012 -2.687006 2.687006
T 5.374012 0.000000 5.374012


-57.680000	167b01640
10

Q 0.000000 0.000000 0.000000
Y 2.687006 2.687006 0.000000
Q 5.374012 2.687006 2.687006
F 2.687006 0.000000 2.687006
W 0.000000 2.687006 2.687006
K 2.687006 5.374012 2.687006
N 0.000000 5.374012 5.374012
F 2.687006 2.687006 5.374012
Q 0.000000 0.000000 5.374012
T -2.687006 2.687006 5.374012


-57.680000	54b7a5640
10

Q 0.000000 0.000000 0.000000
Y 2.687006 2.687006 0.000000
Q 5.374012 2.687006 2.687006
F 2.687006 0.000000 2.687006
W 5.374012 0.000000 0.000000
K 2.687006 0.000000 -2.687006
N 5.374012 -2.687006 -2.687006
F 2.687006 -2.687006 0.000000
Q 5.374012 -2.687006 2.687006
T 8.061017 -2.687006 0.000000


-57.680000	a05162640
10

Q 0.000000 0.000000 0.000000
Y 2.687006 2.687006 0.000000
Q 5.374012 2.687006 2.687006
F 2.687006 0.000000 2.687006
W 2.687006 2.687006 5.374012
K 0.000000 0.000000 5.374012
N -2.687006 2.687006 5.374012
F 0.000000 2.687006 2.687006
Q 2.687006 5.374012 2.687006
T 0.000000 5.374012 0.000000


-57.680000	0a1548640
10

Q 0.000000 0.000000 0.000000
Y 2.687006 2.687006 0.000000
Q 5.374012 2.687006 2.687006
F 2.687006 0.000000 2.687006
W 2.687006 -2.687006 0.000000
K 5.374012 -2.687006 2.687006
N 8.061017 -2.687006 0.000000
F 5.374012 0.000000 0.000000
Q 2.687006 0.000000 -2.687006
T 5.374012 2.687006 -2.687006
