-58.440000	a21807810
10

Q 0.000000 0.000000 0.000000
Y 2.687006 2.687006 0.000000
Q 0.000000 5.374012 0.000000
F 0.000000 2.687006 -2.687006
W 2.687006 0.000000 -2.687006
K 5.374012 2.687006 -2.687006
N 5.374012 0.000000 -5.374012
F 2.687006 2.687006 -5.374012
Q 2.687006 5.374012 -2.687006
T 0.000000 5.374012 -5.374012


-58.440000	b31907910
10

Q 0.000000 0.000000 0.000000
Y 2.687006 2.687006 0.000000
Q 0.000000 5.374012 0.000000
F 0.000000 2.687006 2.687006
W 2.687006 0.000000 2.687006
K 5.374012 2.687006 2.687006
N 5.374012 0.000000 5.374012
F 2.687006 2.687006 5.374012
Q 2.687006 5.374012 2.687006
T 0.000000 5.374012 5.374012


-58.440000	a96370810
10

Q 0.000000 0.000000 0.000000
Y 2.687006 2.687006 0.000000
Q 0.000000 5.374012 0.000000
F 0.000000 2.687006 -2.687006
W 2.687006 5.374012 -2.687006
K 5.374012 2.687006 -2.687006
N 5.374012 5.374012 -5.374012
F 2.687006 2.687006 -5.374012
Q 2.687006 0.000000 -2.687006
T 0.000000 0.000000 -5.374012


-58.440000	b86270910
10

Q 0.000000 0.000000 0.000000
Y 2.687006 2.687006 0.000000
Q 0.000000 5.374012 0.000000
F 0.000000 2.687006 2.687006
W 2.687006 5.374012 2.687006
K 5.374012 2.687006 2.687006
N 5.374012 5.374012 5.374012
F 2.687006 2.687006 5.374012
Q 2.687006 0.000000 2.687006
T 0.000000 0.000000 5.374012


-58.440000	27983b140
10

Q 0.000000 0.000000 0.000000
Y 2.687006 2.687006 0.000000
Q 5.374012 2.687006 2.687006
F 2.687006 5.374012 2.687006
W 0.000000 5.374012 5.374012
K 0.000000 8.061017 2.687006
N 0.000000 5.374012 0.000000
F 0.000000 2.687006 2.687006
Q 2.687006 0.000000 2.687006
T 2.687006 2.687006 5.374012


-58.440000	8132957a0
10

Q 0.000000 0.000000 0.000000
Y 2.687006 2.687006 0.000000
Q 0.000000 2.687006 -2.687006
F 2.687006 0.000000 -2.687006
W 5.374012 0.000000 -5.374012
K 5.374012 -2.687006 -2.687006
N 5.374012 0.000000 0.000000
F 5.374012 2.687006 -2.687006
Q 2.687006 5.374012 -2.687006
T 2.687006 2.687006 -5.374012


-58.440000	2795ab140
10

Q 0.000000 0.000000 0.000000
Y 2.687006 2.687006 0.000000
Q 5.374012 2.687006 2.687006
F 2.687006 5.374012 2.687006
W 0.000000 5.374012 5.374012
K -2.687006 5.374012 2.687006
N 0.000000 5.374012 0.000000
F 0.000000 2.687006 2.687006
Q 2.687006 0.000000 2.687006
T 2.687006 2.687006 5.374012


-58.440000	813b457a0
10

Q 0.000000 0.000000 0.000000
Y 2.687006 2.687006 0.000000
Q 0.000000 2.687006 -2.687006
F 2.687006 0.000000 -2.687006
W 5.374012 0.000000 -5.374012
K 8.061017 0.000000 -2.687006
N 5.374012 0.000000 0.000000
F 5.374012 2.687006 -2.687006
Q 2.687006 5.374012 -2.687006
T 2.687006 2.687006 -5.374012


-58.440000	8b92377a0
10

Q 0.000000 0.000000 0.000000
Y 2.687006 2.687006 0.000000
Q 0.000000 2.687006 -2.687006
F 2.687006 0.000000 -2.687006
W 5.374012 -2.687006 -2.687006
K 5.374012 0.000000 -5.374012
N 5.374012 2.687006 -2.687006
F 5.374012 0.000000 0.000000
Q 2.687006 0.000000 2.687006
T 2.687006 -2.687006 0.000000


-58.440000	8b91077a0
10

Q 0.000000 0.000000 0.000000
Y 2.687006 2.687006 0.000000
Q 0.000000 2.687006 -2.687006
F 2.687006 0.000000 -2.687006
W 5.374012 -2.687006 -2.687006
K 8.061017 0.000000 -2.687006
N 5.374012 2.687006 -2.687006
F 5.374012 0.000000 0.000000
Q 2.687006 0.000000 2.687006
T 2.687006 -2.687006 0.000000


-58.440000	796512640
10

Q 0.000000 0.000000 0.000000
Y 2.687006 2.687006 0.000000
Q 5.374012 2.687006 2.687006
F 2.687006 0.000000 2.687006
W 2.687006 2.687006 5.374012
K 0.000000 5.374012 5.374012
N 2.687006 5.374012 2.687006
F 0.000000 2.687006 2.687006
Q 0.000000 0.000000 5.374012
T 2.687006 -2.687006 5.374012


-58.440000	b94158640
10

Q 0.000000 0.000000 0.000000
Y 2.687006 2.687006 0.000000
Q 5.374012 2.687006 2.687006
F 2.687006 0.000000 2.687006
W 2.687006 -2.687006 0.000000
K 5.374012 -2.687006 -2.687006
N 2.687006 0.000000 -2.687006
F 5.374012 0.000000 0.000000
Q 5.374012 -2.687006 2.687006
T 2.687006 -2.687006 5.374012
