-57.590000	56ab09840
10

Q 0.000000 0.000000 0.000000
Y 2.687006 2.687006 0.000000
Q 5.374012 2.687006 2.687006
F 5.374012 0.000000 0.000000
W 5.374012 -2.687006 2.687006
K 8.061017 0.000000 2.687006
N 5.374012 0.000000 5.374012
F 2.687006 0.000000 2.687006
Q 0.000000 -2.687006 2.687006
T 2.687006 -2.687006 0.000000


-57.590000	56a0b9840
10

Q 0.000000 0.000000 0.000000
Y 2.687006 2.687006 0.000000
Q 5.374012 2.687006 2.687006
F 5.374012 0.000000 0.000000
W 5.374012 -2.687006 2.687006
K 2.687006 -2.687006 5.374012
N 5.374012 0.000000 5.374012
F 2.687006 0.000000 2.687006
Q 0.000000 -2.687006 2.687006
T 2.687006 -2.687006 0.000000


-57.590000	563629840
10

Q 0.000000 0.000000 0.000000
Y 2.687006 2.687006 0.000000
Q 5.374012 2.687006 2.687006
F 5.374012 0.000000 0.000000
W 5.374012 -2.687006 2.687006
K 5.374012 0.000000 5.374012
N 2.687006 -2.687006 5.374012
F 2.687006 0.000000 2.687006
Q 0.000000 -2.687006 2.687006
T 2.687006 -2.687006 0.000000
