-58.860000	27b7a5640
10

Q 0.000000 0.000000 0.000000
Y 2.687006 2.687006 0.000000
Q 5.374012 2.687006 2.687006
F 2.687006 0.000000 2.687006
W 5.374012 0.000000 0.000000
K 2.687006 0.000000 -2.687006
N 5.374012 -2.687006 -2.687006
F 2.687006 -2.687006 0.000000
Q 5.374012 -5.374012 0.000000
T 5.374012 -2.687006 2.687006


-58.860000	7a10847a0
10

Q 0.000000 0.000000 0.000000
Y 2.687006 2.687006 0.000000
Q 0.000000 2.687006 -2.687006
F 2.687006 0.000000 -2.687006
W 5.374012 0.000000 0.000000
K 5.374012 -2.687006 -2.687006
N 8.061017 0.000000 -2.687006
F 5.374012 2.687006 -2.687006
Q 2.687006 2.687006 -5.374012
T 5.374012 0.000000 -5.374012


-58.860000	8b7b01640
10

Q 0.000000 0.000000 0.000000
Y 2.687006 2.687006 0.000000
Q 5.374012 2.687006 2.687006
F 2.687006 0.000000 2.687006
W 0.000000 2.687006 2.687006
K 2.687006 5.374012 2.687006
N 0.000000 5.374012 5.374012
F 2.687006 2.687006 5.374012
Q 0.000000 2.687006 8.061017
T 0.000000 0.000000 5.374012


-58.860000	56b4807a0
10

Q 0.000000 0.000000 0.000000
Y 2.687006 2.687006 0.000000
Q 0.000000 2.687006 -2.687006
F 2.687006 0.000000 -2.687006
W 5.374012 2.687006 -2.687006
K 5.374012 0.000000 -5.374012
N 8.061017 0.000000 -2.687006
F 5.374012 0.000000 0.000000
Q 2.687006 -2.687006 0.000000
T 5.374012 -2.687006 -2.687006


-58.860000	466370810
10

Q 0.000000 0.000000 0.000000
Y 2.687006 2.687006 0.000000
Q 0.000000 5.374012 0.000000
F 0.000000 2.687006 -2.687006
W 2.687006 5.374012 -2.687006
K 5.374012 2.687006 -2.687006
N 5.374012 5.374012 -5.374012
F 2.687006 2.687006 -5.374012
Q 0.000000 0.000000 -5.374012
T 2.687006 0.000000 -2.687006


-58.860000	566270910
10

Q 0.000000 0.000000 0.000000
Y 2.687006 2.687006 0.000000
Q 0.000000 5.374012 0.000000
F 0.000000 2.687006 2.687006
W 2.687006 5.374012 2.687006
K 5.374012 2.687006 2.687006
N 5.374012 5.374012 5.374012
F 2.687006 2.687006 5.374012
Q 0.000000 0.000000 5.374012
T 2.687006 0.000000 2.687006


-58.860000	411807810
10

Q 0.000000 0.000000 0.000000
Y 2.687006 2.687006 0.000000
Q 0.000000 5.374012 0.000000
F 0.000000 2.687006 -2.687006
W 2.687006 0.000000 -2.687006
K 5.374012 2.687006 -2.687006
N 5.374012 0.000000 -5.374012
F 2.687006 2.687006 -5.374012
Q 0.000000 5.374012 -5.374012
T 2.687006 5.374012 -2.687006


-58.860000	511907910
10

Q 0.000000 0.000000 0.000000
Y 2.687006 2.687006 0.000000
Q 0.000000 5.374012 0.000000
F 0.000000 2.687006 2.687006
W 2.687006 0.000000 2.687006
K 5.374012 2.687006 2.687006
N 5.374012 0.000000 5.374012
F 2.687006 2.687006 5.374012
Q 0.000000 5.374012 5.374012
T 2.687006 5.374012 2.687006
