  1    2
  2    3
  2    5
  2    7
  3    4
  4   53
  4  295
  4  337
  5    6
  6   11
  6  295
  6  297
  7    8
  8   11
  8   53
  8   57
  9   10
 10   11
 10   13
 10   15
 11   12
 12   61
 12  303
 12  345
 13   14
 14   19
 14  303
 14  305
 15   16
 16   19
 16   61
 16   65
 17   18
 18   19
 18   21
 18   23
 19   20
 20   69
 20  311
 20  353
 21   22
 22   27
 22  311
 22  313
 23   24
 24   27
 24   69
 24   73
 25   26
 26   27
 26   29
 26   31
 27   28
 28   77
 28  319
 28  361
 29   30
 30   35
 30  319
 30  321
 31   32
 32   35
 32   77
 32   81
 33   34
 34   35
 34   37
 34   39
 35   36
 36   85
 36  327
 36  369
 37   38
 38   43
 38  327
 38  329
 39   40
 40   43
 40   85
 40   89
 41   42
 42   43
 42   45
 42   47
 43   44
 44   93
 44  335
 44  377
 45   46
 46  335
 47   48
 48   93
 49   50
 50   51
 50   53
 50   55
 51   52
 52  101
 52  343
 52  385
 53   54
 54   59
 54  343
 54  345
 55   56
 56   59
 56  101
 56  105
 57   58
 58   59
 58   61
 58   63
 59   60
 60  109
 60  351
 60  393
 61   62
 62   67
 62  351
 62  353
 63   64
 64   67
 64  109
 64  113
 65   66
 66   67
 66   69
 66   71
 67   68
 68  117
 68  359
 68  401
 69   70
 70   75
 70  359
 70  361
 71   72
 72   75
 72  117
 72  121
 73   74
 74   75
 74   77
 74   79
 75   76
 76  125
 76  367
 76  409
 77   78
 78   83
 78  367
 78  369
 79   80
 80   83
 80  125
 80  129
 81   82
 82   83
 82   85
 82   87
 83   84
 84  133
 84  375
 84  417
 85   86
 86   91
 86  375
 86  377
 87   88
 88   91
 88  133
 88  137
 89   90
 90   91
 90   93
 90   95
 91   92
 92  141
 92  383
 92  425
 93   94
 94  383
 95   96
 96  141
 97   98
 98   99
 98  101
 98  103
 99  100
100  149
100  391
100  433
101  102
102  107
102  391
102  393
103  104
104  107
104  149
104  153
105  106
106  107
106  109
106  111
107  108
108  157
108  399
108  441
109  110
110  115
110  399
110  401
111  112
112  115
112  157
112  161
113  114
114  115
114  117
114  119
115  116
116  165
116  407
116  449
117  118
118  123
118  407
118  409
119  120
120  123
120  165
120  169
121  122
122  123
122  125
122  127
123  124
124  173
124  415
124  457
125  126
126  131
126  415
126  417
127  128
128  131
128  173
128  177
129  130
130  131
130  133
130  135
131  132
132  181
132  423
132  465
133  134
134  139
134  423
134  425
135  136
136  139
136  181
136  185
137  138
138  139
138  141
138  143
139  140
140  189
140  431
140  473
141  142
142  431
143  144
144  189
145  146
146  147
146  149
146  151
147  148
148  197
148  439
148  481
149  150
150  155
150  439
150  441
151  152
152  155
152  197
152  201
153  154
154  155
154  157
154  159
155  156
156  205
156  447
156  489
157  158
158  163
158  447
158  449
159  160
160  163
160  205
160  209
161  162
162  163
162  165
162  167
163  164
164  213
164  455
164  497
165  166
166  171
166  455
166  457
167  168
168  171
168  213
168  217
169  170
170  171
170  173
170  175
171  172
172  221
172  463
172  505
173  174
174  179
174  463
174  465
175  176
176  179
176  221
176  225
177  178
178  179
178  181
178  183
179  180
180  229
180  471
180  513
181  182
182  187
182  471
182  473
183  184
184  187
184  229
184  233
185  186
186  187
186  189
186  191
187  188
188  237
188  479
188  521
189  190
190  479
191  192
192  237
193  194
194  195
194  197
194  199
195  196
196  245
196  487
196  529
197  198
198  203
198  487
198  489
199  200
200  203
200  245
200  249
201  202
202  203
202  205
202  207
203  204
204  253
204  495
204  537
205  206
206  211
206  495
206  497
207  208
208  211
208  253
208  257
209  210
210  211
210  213
210  215
211  212
212  261
212  503
212  545
213  214
214  219
214  503
214  505
215  216
216  219
216  261
216  265
217  218
218  219
218  221
218  223
219  220
220  269
220  511
220  553
221  222
222  227
222  511
222  513
223  224
224  227
224  269
224  273
225  226
226  227
226  229
226  231
227  228
228  277
228  519
228  561
229  230
230  235
230  519
230  521
231  232
232  235
232  277
232  281
233  234
234  235
234  237
234  239
235  236
236  285
236  527
236  569
237  238
238  527
239  240
240  285
241  242
242  243
242  245
242  247
243  244
244  535
245  246
246  251
246  535
246  537
247  248
248  251
249  250
250  251
250  253
250  255
251  252
252  543
253  254
254  259
254  543
254  545
255  256
256  259
257  258
258  259
258  261
258  263
259  260
260  551
261  262
262  267
262  551
262  553
263  264
264  267
265  266
266  267
266  269
266  271
267  268
268  559
269  270
270  275
270  559
270  561
271  272
272  275
273  274
274  275
274  277
274  279
275  276
276  567
277  278
278  283
278  567
278  569
279  280
280  283
281  282
282  283
282  285
282  287
283  284
284  575
285  286
286  575
287  288
289  290
290  291
290  293
290  295
291  292
292  341
292  583
292  625
293  294
294  299
294  583
294  585
295  296
296  299
296  341
296  345
297  298
298  299
298  301
298  303
299  300
300  349
300  591
300  633
301  302
302  307
302  591
302  593
303  304
304  307
304  349
304  353
305  306
306  307
306  309
306  311
307  308
308  357
308  599
308  641
309  310
310  315
310  599
310  601
311  312
312  315
312  357
312  361
313  314
314  315
314  317
314  319
315  316
316  365
316  607
316  649
317  318
318  323
318  607
318  609
319  320
320  323
320  365
320  369
321  322
322  323
322  325
322  327
323  324
324  373
324  615
324  657
325  326
326  331
326  615
326  617
327  328
328  331
328  373
328  377
329  330
330  331
330  333
330  335
331  332
332  381
332  623
332  665
333  334
334  623
335  336
336  381
337  338
338  339
338  341
338  343
339  340
340  389
340  631
340  673
341  342
342  347
342  631
342  633
343  344
344  347
344  389
344  393
345  346
346  347
346  349
346  351
347  348
348  397
348  639
348  681
349  350
350  355
350  639
350  641
351  352
352  355
352  397
352  401
353  354
354  355
354  357
354  359
355  356
356  405
356  647
356  689
357  358
358  363
358  647
358  649
359  360
360  363
360  405
360  409
361  362
362  363
362  365
362  367
363  364
364  413
364  655
364  697
365  366
366  371
366  655
366  657
367  368
368  371
368  413
368  417
369  370
370  371
370  373
370  375
371  372
372  421
372  663
372  705
373  374
374  379
374  663
374  665
375  376
376  379
376  421
376  425
377  378
378  379
378  381
378  383
379  380
380  429
380  671
380  713
381  382
382  671
383  384
384  429
385  386
386  387
386  389
386  391
387  388
388  437
388  679
388  721
389  390
390  395
390  679
390  681
391  392
392  395
392  437
392  441
393  394
394  395
394  397
394  399
395  396
396  445
396  687
396  729
397  398
398  403
398  687
398  689
399  400
400  403
400  445
400  449
401  402
402  403
402  405
402  407
403  404
404  453
404  695
404  737
405  406
406  411
406  695
406  697
407  408
408  411
408  453
408  457
409  410
410  411
410  413
410  415
411  412
412  461
412  703
412  745
413  414
414  419
414  703
414  705
415  416
416  419
416  461
416  465
417  418
418  419
418  421
418  423
419  420
420  469
420  711
420  753
421  422
422  427
422  711
422  713
423  424
424  427
424  469
424  473
425  426
426  427
426  429
426  431
427  428
428  477
428  719
428  761
429  430
430  719
431  432
432  477
433  434
434  435
434  437
434  439
435  436
436  485
436  727
436  769
437  438
438  443
438  727
438  729
439  440
440  443
440  485
440  489
441  442
442  443
442  445
442  447
443  444
444  493
444  735
444  777
445  446
446  451
446  735
446  737
447  448
448  451
448  493
448  497
449  450
450  451
450  453
450  455
451  452
452  501
452  743
452  785
453  454
454  459
454  743
454  745
455  456
456  459
456  501
456  505
457  458
458  459
458  461
458  463
459  460
460  509
460  751
460  793
461  462
462  467
462  751
462  753
463  464
464  467
464  509
464  513
465  466
466  467
466  469
466  471
467  468
468  517
468  759
468  801
469  470
470  475
470  759
470  761
471  472
472  475
472  517
472  521
473  474
474  475
474  477
474  479
475  476
476  525
476  767
476  809
477  478
478  767
479  480
480  525
481  482
482  483
482  485
482  487
483  484
484  533
484  775
484  817
485  486
486  491
486  775
486  777
487  488
488  491
488  533
488  537
489  490
490  491
490  493
490  495
491  492
492  541
492  783
492  825
493  494
494  499
494  783
494  785
495  496
496  499
496  541
496  545
497  498
498  499
498  501
498  503
499  500
500  549
500  791
500  833
501  502
502  507
502  791
502  793
503  504
504  507
504  549
504  553
505  506
506  507
506  509
506  511
507  508
508  557
508  799
508  841
509  510
510  515
510  799
510  801
511  512
512  515
512  557
512  561
513  514
514  515
514  517
514  519
515  516
516  565
516  807
516  849
517  518
518  523
518  807
518  809
519  520
520  523
520  565
520  569
521  522
522  523
522  525
522  527
523  524
524  573
524  815
524  857
525  526
526  815
527  528
528  573
529  530
530  531
530  533
530  535
531  532
532  823
533  534
534  539
534  823
534  825
535  536
536  539
537  538
538  539
538  541
538  543
539  540
540  831
541  542
542  547
542  831
542  833
543  544
544  547
545  546
546  547
546  549
546  551
547  548
548  839
549  550
550  555
550  839
550  841
551  552
552  555
553  554
554  555
554  557
554  559
555  556
556  847
557  558
558  563
558  847
558  849
559  560
560  563
561  562
562  563
562  565
562  567
563  564
564  855
565  566
566  571
566  855
566  857
567  568
568  571
569  570
570  571
570  573
570  575
571  572
572  863
573  574
574  863
575  576
577  578
578  579
578  581
578  583
579  580
580  629
580  871
580  913
581  582
582  587
582  871
582  873
583  584
584  587
584  629
584  633
585  586
586  587
586  589
586  591
587  588
588  637
588  879
588  921
589  590
590  595
590  879
590  881
591  592
592  595
592  637
592  641
593  594
594  595
594  597
594  599
595  596
596  645
596  887
596  929
597  598
598  603
598  887
598  889
599  600
600  603
600  645
600  649
601  602
602  603
602  605
602  607
603  604
604  653
604  895
604  937
605  606
606  611
606  895
606  897
607  608
608  611
608  653
608  657
609  610
610  611
610  613
610  615
611  612
612  661
612  903
612  945
613  614
614  619
614  903
614  905
615  616
616  619
616  661
616  665
617  618
618  619
618  621
618  623
619  620
620  669
620  911
620  953
621  622
622  911
623  624
624  669
625  626
626  627
626  629
626  631
627  628
628  677
628  919
628  961
629  630
630  635
630  919
630  921
631  632
632  635
632  677
632  681
633  634
634  635
634  637
634  639
635  636
636  685
636  927
636  969
637  638
638  643
638  927
638  929
639  640
640  643
640  685
640  689
641  642
642  643
642  645
642  647
643  644
644  693
644  935
644  977
645  646
646  651
646  935
646  937
647  648
648  651
648  693
648  697
649  650
650  651
650  653
650  655
651  652
652  701
652  943
652  985
653  654
654  659
654  943
654  945
655  656
656  659
656  701
656  705
657  658
658  659
658  661
658  663
659  660
660  709
660  951
660  993
661  662
662  667
662  951
662  953
663  664
664  667
664  709
664  713
665  666
666  667
666  669
666  671
667  668
668  717
668  959
668 1001
669  670
670  959
671  672
672  717
673  674
674  675
674  677
674  679
675  676
676  725
676  967
676 1009
677  678
678  683
678  967
678  969
679  680
680  683
680  725
680  729
681  682
682  683
682  685
682  687
683  684
684  733
684  975
684 1017
685  686
686  691
686  975
686  977
687  688
688  691
688  733
688  737
689  690
690  691
690  693
690  695
691  692
692  741
692  983
692 1025
693  694
694  699
694  983
694  985
695  696
696  699
696  741
696  745
697  698
698  699
698  701
698  703
699  700
700  749
700  991
700 1033
701  702
702  707
702  991
702  993
703  704
704  707
704  749
704  753
705  706
706  707
706  709
706  711
707  708
708  757
708  999
708 1041
709  710
710  715
710  999
710 1001
711  712
712  715
712  757
712  761
713  714
714  715
714  717
714  719
715  716
716  765
716 1007
716 1049
717  718
718 1007
719  720
720  765
721  722
722  723
722  725
722  727
723  724
724  773
724 1015
724 1057
725  726
726  731
726 1015
726 1017
727  728
728  731
728  773
728  777
729  730
730  731
730  733
730  735
731  732
732  781
732 1023
732 1065
733  734
734  739
734 1023
734 1025
735  736
736  739
736  781
736  785
737  738
738  739
738  741
738  743
739  740
740  789
740 1031
740 1073
741  742
742  747
742 1031
742 1033
743  744
744  747
744  789
744  793
745  746
746  747
746  749
746  751
747  748
748  797
748 1039
748 1081
749  750
750  755
750 1039
750 1041
751  752
752  755
752  797
752  801
753  754
754  755
754  757
754  759
755  756
756  805
756 1047
756 1089
757  758
758  763
758 1047
758 1049
759  760
760  763
760  805
760  809
761  762
762  763
762  765
762  767
763  764
764  813
764 1055
764 1097
765  766
766 1055
767  768
768  813
769  770
770  771
770  773
770  775
771  772
772  821
772 1063
772 1105
773  774
774  779
774 1063
774 1065
775  776
776  779
776  821
776  825
777  778
778  779
778  781
778  783
779  780
780  829
780 1071
780 1113
781  782
782  787
782 1071
782 1073
783  784
784  787
784  829
784  833
785  786
786  787
786  789
786  791
787  788
788  837
788 1079
788 1121
789  790
790  795
790 1079
790 1081
791  792
792  795
792  837
792  841
793  794
794  795
794  797
794  799
795  796
796  845
796 1087
796 1129
797  798
798  803
798 1087
798 1089
799  800
800  803
800  845
800  849
801  802
802  803
802  805
802  807
803  804
804  853
804 1095
804 1137
805  806
806  811
806 1095
806 1097
807  808
808  811
808  853
808  857
809  810
810  811
810  813
810  815
811  812
812  861
812 1103
812 1145
813  814
814 1103
815  816
816  861
817  818
818  819
818  821
818  823
819  820
820 1111
821  822
822  827
822 1111
822 1113
823  824
824  827
825  826
826  827
826  829
826  831
827  828
828 1119
829  830
830  835
830 1119
830 1121
831  832
832  835
833  834
834  835
834  837
834  839
835  836
836 1127
837  838
838  843
838 1127
838 1129
839  840
840  843
841  842
842  843
842  845
842  847
843  844
844 1135
845  846
846  851
846 1135
846 1137
847  848
848  851
849  850
850  851
850  853
850  855
851  852
852 1143
853  854
854  859
854 1143
854 1145
855  856
856  859
857  858
858  859
858  861
858  863
859  860
860 1151
861  862
862 1151
863  864
865  866
866  867
866  869
866  871
867  868
868  917
868 1159
868 1201
869  870
870  875
870 1159
870 1161
871  872
872  875
872  917
872  921
873  874
874  875
874  877
874  879
875  876
876  925
876 1167
876 1209
877  878
878  883
878 1167
878 1169
879  880
880  883
880  925
880  929
881  882
882  883
882  885
882  887
883  884
884  933
884 1175
884 1217
885  886
886  891
886 1175
886 1177
887  888
888  891
888  933
888  937
889  890
890  891
890  893
890  895
891  892
892  941
892 1183
892 1225
893  894
894  899
894 1183
894 1185
895  896
896  899
896  941
896  945
897  898
898  899
898  901
898  903
899  900
900  949
900 1191
900 1233
901  902
902  907
902 1191
902 1193
903  904
904  907
904  949
904  953
905  906
906  907
906  909
906  911
907  908
908  957
908 1199
908 1241
909  910
910 1199
911  912
912  957
913  914
914  915
914  917
914  919
915  916
916  965
916 1207
916 1249
917  918
918  923
918 1207
918 1209
919  920
920  923
920  965
920  969
921  922
922  923
922  925
922  927
923  924
924  973
924 1215
924 1257
925  926
926  931
926 1215
926 1217
927  928
928  931
928  973
928  977
929  930
930  931
930  933
930  935
931  932
932  981
932 1223
932 1265
933  934
934  939
934 1223
934 1225
935  936
936  939
936  981
936  985
937  938
938  939
938  941
938  943
939  940
940  989
940 1231
940 1273
941  942
942  947
942 1231
942 1233
943  944
944  947
944  989
944  993
945  946
946  947
946  949
946  951
947  948
948  997
948 1239
948 1281
949  950
950  955
950 1239
950 1241
951  952
952  955
952  997
952 1001
953  954
954  955
954  957
954  959
955  956
956 1005
956 1247
956 1289
957  958
958 1247
959  960
960 1005
961  962
962  963
962  965
962  967
963  964
964 1013
964 1255
964 1297
965  966
966  971
966 1255
966 1257
967  968
968  971
968 1013
968 1017
969  970
970  971
970  973
970  975
971  972
972 1021
972 1263
972 1305
973  974
974  979
974 1263
974 1265
975  976
976  979
976 1021
976 1025
977  978
978  979
978  981
978  983
979  980
980 1029
980 1271
980 1313
981  982
982  987
982 1271
982 1273
983  984
984  987
984 1029
984 1033
985  986
986  987
986  989
986  991
987  988
988 1037
988 1279
988 1321
989  990
990  995
990 1279
990 1281
991  992
992  995
992 1037
992 1041
993  994
994  995
994  997
994  999
995  996
996 1045
996 1287
996 1329
997  998
998 1003
998 1287
998 1289
999 1000
1000 1003
1000 1045
1000 1049
1001 1002
1002 1003
1002 1005
1002 1007
1003 1004
1004 1053
1004 1295
1004 1337
1005 1006
1006 1295
1007 1008
1008 1053
1009 1010
1010 1011
1010 1013
1010 1015
1011 1012
1012 1061
1012 1303
1012 1345
1013 1014
1014 1019
1014 1303
1014 1305
1015 1016
1016 1019
1016 1061
1016 1065
1017 1018
1018 1019
1018 1021
1018 1023
1019 1020
1020 1069
1020 1311
1020 1353
1021 1022
1022 1027
1022 1311
1022 1313
1023 1024
1024 1027
1024 1069
1024 1073
1025 1026
1026 1027
1026 1029
1026 1031
1027 1028
1028 1077
1028 1319
1028 1361
1029 1030
1030 1035
1030 1319
1030 1321
1031 1032
1032 1035
1032 1077
1032 1081
1033 1034
1034 1035
1034 1037
1034 1039
1035 1036
1036 1085
1036 1327
1036 1369
1037 1038
1038 1043
1038 1327
1038 1329
1039 1040
1040 1043
1040 1085
1040 1089
1041 1042
1042 1043
1042 1045
1042 1047
1043 1044
1044 1093
1044 1335
1044 1377
1045 1046
1046 1051
1046 1335
1046 1337
1047 1048
1048 1051
1048 1093
1048 1097
1049 1050
1050 1051
1050 1053
1050 1055
1051 1052
1052 1101
1052 1343
1052 1385
1053 1054
1054 1343
1055 1056
1056 1101
1057 1058
1058 1059
1058 1061
1058 1063
1059 1060
1060 1109
1060 1351
1060 1393
1061 1062
1062 1067
1062 1351
1062 1353
1063 1064
1064 1067
1064 1109
1064 1113
1065 1066
1066 1067
1066 1069
1066 1071
1067 1068
1068 1117
1068 1359
1068 1401
1069 1070
1070 1075
1070 1359
1070 1361
1071 1072
1072 1075
1072 1117
1072 1121
1073 1074
1074 1075
1074 1077
1074 1079
1075 1076
1076 1125
1076 1367
1076 1409
1077 1078
1078 1083
1078 1367
1078 1369
1079 1080
1080 1083
1080 1125
1080 1129
1081 1082
1082 1083
1082 1085
1082 1087
1083 1084
1084 1133
1084 1375
1084 1417
1085 1086
1086 1091
1086 1375
1086 1377
1087 1088
1088 1091
1088 1133
1088 1137
1089 1090
1090 1091
1090 1093
1090 1095
1091 1092
1092 1141
1092 1383
1092 1425
1093 1094
1094 1099
1094 1383
1094 1385
1095 1096
1096 1099
1096 1141
1096 1145
1097 1098
1098 1099
1098 1101
1098 1103
1099 1100
1100 1149
1100 1391
1100 1433
1101 1102
1102 1391
1103 1104
1104 1149
1105 1106
1106 1107
1106 1109
1106 1111
1107 1108
1108 1399
1109 1110
1110 1115
1110 1399
1110 1401
1111 1112
1112 1115
1113 1114
1114 1115
1114 1117
1114 1119
1115 1116
1116 1407
1117 1118
1118 1123
1118 1407
1118 1409
1119 1120
1120 1123
1121 1122
1122 1123
1122 1125
1122 1127
1123 1124
1124 1415
1125 1126
1126 1131
1126 1415
1126 1417
1127 1128
1128 1131
1129 1130
1130 1131
1130 1133
1130 1135
1131 1132
1132 1423
1133 1134
1134 1139
1134 1423
1134 1425
1135 1136
1136 1139
1137 1138
1138 1139
1138 1141
1138 1143
1139 1140
1140 1431
1141 1142
1142 1147
1142 1431
1142 1433
1143 1144
1144 1147
1145 1146
1146 1147
1146 1149
1146 1151
1147 1148
1148 1439
1149 1150
1150 1439
1151 1152
1153 1154
1154 1155
1154 1157
1154 1159
1155 1156
1156 1205
1156 1447
1156 1489
1157 1158
1158 1163
1158 1447
1158 1449
1159 1160
1160 1163
1160 1205
1160 1209
1161 1162
1162 1163
1162 1165
1162 1167
1163 1164
1164 1213
1164 1455
1164 1497
1165 1166
1166 1171
1166 1455
1166 1457
1167 1168
1168 1171
1168 1213
1168 1217
1169 1170
1170 1171
1170 1173
1170 1175
1171 1172
1172 1221
1172 1463
1172 1505
1173 1174
1174 1179
1174 1463
1174 1465
1175 1176
1176 1179
1176 1221
1176 1225
1177 1178
1178 1179
1178 1181
1178 1183
1179 1180
1180 1229
1180 1471
1180 1513
1181 1182
1182 1187
1182 1471
1182 1473
1183 1184
1184 1187
1184 1229
1184 1233
1185 1186
1186 1187
1186 1189
1186 1191
1187 1188
1188 1237
1188 1479
1188 1521
1189 1190
1190 1195
1190 1479
1190 1481
1191 1192
1192 1195
1192 1237
1192 1241
1193 1194
1194 1195
1194 1197
1194 1199
1195 1196
1196 1245
1196 1487
1196 1529
1197 1198
1198 1487
1199 1200
1200 1245
1201 1202
1202 1203
1202 1205
1202 1207
1203 1204
1204 1253
1204 1495
1204 1537
1205 1206
1206 1211
1206 1495
1206 1497
1207 1208
1208 1211
1208 1253
1208 1257
1209 1210
1210 1211
1210 1213
1210 1215
1211 1212
1212 1261
1212 1503
1212 1545
1213 1214
1214 1219
1214 1503
1214 1505
1215 1216
1216 1219
1216 1261
1216 1265
1217 1218
1218 1219
1218 1221
1218 1223
1219 1220
1220 1269
1220 1511
1220 1553
1221 1222
1222 1227
1222 1511
1222 1513
1223 1224
1224 1227
1224 1269
1224 1273
1225 1226
1226 1227
1226 1229
1226 1231
1227 1228
1228 1277
1228 1519
1228 1561
1229 1230
1230 1235
1230 1519
1230 1521
1231 1232
1232 1235
1232 1277
1232 1281
1233 1234
1234 1235
1234 1237
1234 1239
1235 1236
1236 1285
1236 1527
1236 1569
1237 1238
1238 1243
1238 1527
1238 1529
1239 1240
1240 1243
1240 1285
1240 1289
1241 1242
1242 1243
1242 1245
1242 1247
1243 1244
1244 1293
1244 1535
1244 1577
1245 1246
1246 1535
1247 1248
1248 1293
1249 1250
1250 1251
1250 1253
1250 1255
1251 1252
1252 1301
1252 1543
1252 1585
1253 1254
1254 1259
1254 1543
1254 1545
1255 1256
1256 1259
1256 1301
1256 1305
1257 1258
1258 1259
1258 1261
1258 1263
1259 1260
1260 1309
1260 1551
1260 1593
1261 1262
1262 1267
1262 1551
1262 1553
1263 1264
1264 1267
1264 1309
1264 1313
1265 1266
1266 1267
1266 1269
1266 1271
1267 1268
1268 1317
1268 1559
1268 1601
1269 1270
1270 1275
1270 1559
1270 1561
1271 1272
1272 1275
1272 1317
1272 1321
1273 1274
1274 1275
1274 1277
1274 1279
1275 1276
1276 1325
1276 1567
1276 1609
1277 1278
1278 1283
1278 1567
1278 1569
1279 1280
1280 1283
1280 1325
1280 1329
1281 1282
1282 1283
1282 1285
1282 1287
1283 1284
1284 1333
1284 1575
1284 1617
1285 1286
1286 1291
1286 1575
1286 1577
1287 1288
1288 1291
1288 1333
1288 1337
1289 1290
1290 1291
1290 1293
1290 1295
1291 1292
1292 1341
1292 1583
1292 1625
1293 1294
1294 1583
1295 1296
1296 1341
1297 1298
1298 1299
1298 1301
1298 1303
1299 1300
1300 1349
1300 1591
1300 1633
1301 1302
1302 1307
1302 1591
1302 1593
1303 1304
1304 1307
1304 1349
1304 1353
1305 1306
1306 1307
1306 1309
1306 1311
1307 1308
1308 1357
1308 1599
1308 1641
1309 1310
1310 1315
1310 1599
1310 1601
1311 1312
1312 1315
1312 1357
1312 1361
1313 1314
1314 1315
1314 1317
1314 1319
1315 1316
1316 1365
1316 1607
1316 1649
1317 1318
1318 1323
1318 1607
1318 1609
1319 1320
1320 1323
1320 1365
1320 1369
1321 1322
1322 1323
1322 1325
1322 1327
1323 1324
1324 1373
1324 1615
1324 1657
1325 1326
1326 1331
1326 1615
1326 1617
1327 1328
1328 1331
1328 1373
1328 1377
1329 1330
1330 1331
1330 1333
1330 1335
1331 1332
1332 1381
1332 1623
1332 1665
1333 1334
1334 1339
1334 1623
1334 1625
1335 1336
1336 1339
1336 1381
1336 1385
1337 1338
1338 1339
1338 1341
1338 1343
1339 1340
1340 1389
1340 1631
1340 1673
1341 1342
1342 1631
1343 1344
1344 1389
1345 1346
1346 1347
1346 1349
1346 1351
1347 1348
1348 1397
1348 1639
1348 1681
1349 1350
1350 1355
1350 1639
1350 1641
1351 1352
1352 1355
1352 1397
1352 1401
1353 1354
1354 1355
1354 1357
1354 1359
1355 1356
1356 1405
1356 1647
1356 1689
1357 1358
1358 1363
1358 1647
1358 1649
1359 1360
1360 1363
1360 1405
1360 1409
1361 1362
1362 1363
1362 1365
1362 1367
1363 1364
1364 1413
1364 1655
1364 1697
1365 1366
1366 1371
1366 1655
1366 1657
1367 1368
1368 1371
1368 1413
1368 1417
1369 1370
1370 1371
1370 1373
1370 1375
1371 1372
1372 1421
1372 1663
1372 1705
1373 1374
1374 1379
1374 1663
1374 1665
1375 1376
1376 1379
1376 1421
1376 1425
1377 1378
1378 1379
1378 1381
1378 1383
1379 1380
1380 1429
1380 1671
1380 1713
1381 1382
1382 1387
1382 1671
1382 1673
1383 1384
1384 1387
1384 1429
1384 1433
1385 1386
1386 1387
1386 1389
1386 1391
1387 1388
1388 1437
1388 1679
1388 1721
1389 1390
1390 1679
1391 1392
1392 1437
1393 1394
1394 1395
1394 1397
1394 1399
1395 1396
1396 1687
1397 1398
1398 1403
1398 1687
1398 1689
1399 1400
1400 1403
1401 1402
1402 1403
1402 1405
1402 1407
1403 1404
1404 1695
1405 1406
1406 1411
1406 1695
1406 1697
1407 1408
1408 1411
1409 1410
1410 1411
1410 1413
1410 1415
1411 1412
1412 1703
1413 1414
1414 1419
1414 1703
1414 1705
1415 1416
1416 1419
1417 1418
1418 1419
1418 1421
1418 1423
1419 1420
1420 1711
1421 1422
1422 1427
1422 1711
1422 1713
1423 1424
1424 1427
1425 1426
1426 1427
1426 1429
1426 1431
1427 1428
1428 1719
1429 1430
1430 1435
1430 1719
1430 1721
1431 1432
1432 1435
1433 1434
1434 1435
1434 1437
1434 1439
1435 1436
1436 1727
1437 1438
1438 1727
1439 1440
1441 1442
1442 1443
1442 1445
1442 1447
1443 1444
1444 1493
1445 1446
1446 1451
1447 1448
1448 1451
1448 1493
1448 1497
1449 1450
1450 1451
1450 1453
1450 1455
1451 1452
1452 1501
1453 1454
1454 1459
1455 1456
1456 1459
1456 1501
1456 1505
1457 1458
1458 1459
1458 1461
1458 1463
1459 1460
1460 1509
1461 1462
1462 1467
1463 1464
1464 1467
1464 1509
1464 1513
1465 1466
1466 1467
1466 1469
1466 1471
1467 1468
1468 1517
1469 1470
1470 1475
1471 1472
1472 1475
1472 1517
1472 1521
1473 1474
1474 1475
1474 1477
1474 1479
1475 1476
1476 1525
1477 1478
1478 1483
1479 1480
1480 1483
1480 1525
1480 1529
1481 1482
1482 1483
1482 1485
1482 1487
1483 1484
1484 1533
1485 1486
1487 1488
1488 1533
1489 1490
1490 1491
1490 1493
1490 1495
1491 1492
1492 1541
1493 1494
1494 1499
1495 1496
1496 1499
1496 1541
1496 1545
1497 1498
1498 1499
1498 1501
1498 1503
1499 1500
1500 1549
1501 1502
1502 1507
1503 1504
1504 1507
1504 1549
1504 1553
1505 1506
1506 1507
1506 1509
1506 1511
1507 1508
1508 1557
1509 1510
1510 1515
1511 1512
1512 1515
1512 1557
1512 1561
1513 1514
1514 1515
1514 1517
1514 1519
1515 1516
1516 1565
1517 1518
1518 1523
1519 1520
1520 1523
1520 1565
1520 1569
1521 1522
1522 1523
1522 1525
1522 1527
1523 1524
1524 1573
1525 1526
1526 1531
1527 1528
1528 1531
1528 1573
1528 1577
1529 1530
1530 1531
1530 1533
1530 1535
1531 1532
1532 1581
1533 1534
1535 1536
1536 1581
1537 1538
1538 1539
1538 1541
1538 1543
1539 1540
1540 1589
1541 1542
1542 1547
1543 1544
1544 1547
1544 1589
1544 1593
1545 1546
1546 1547
1546 1549
1546 1551
1547 1548
1548 1597
1549 1550
1550 1555
1551 1552
1552 1555
1552 1597
1552 1601
1553 1554
1554 1555
1554 1557
1554 1559
1555 1556
1556 1605
1557 1558
1558 1563
1559 1560
1560 1563
1560 1605
1560 1609
1561 1562
1562 1563
1562 1565
1562 1567
1563 1564
1564 1613
1565 1566
1566 1571
1567 1568
1568 1571
1568 1613
1568 1617
1569 1570
1570 1571
1570 1573
1570 1575
1571 1572
1572 1621
1573 1574
1574 1579
1575 1576
1576 1579
1576 1621
1576 1625
1577 1578
1578 1579
1578 1581
1578 1583
1579 1580
1580 1629
1581 1582
1583 1584
1584 1629
1585 1586
1586 1587
1586 1589
1586 1591
1587 1588
1588 1637
1589 1590
1590 1595
1591 1592
1592 1595
1592 1637
1592 1641
1593 1594
1594 1595
1594 1597
1594 1599
1595 1596
1596 1645
1597 1598
1598 1603
1599 1600
1600 1603
1600 1645
1600 1649
1601 1602
1602 1603
1602 1605
1602 1607
1603 1604
1604 1653
1605 1606
1606 1611
1607 1608
1608 1611
1608 1653
1608 1657
1609 1610
1610 1611
1610 1613
1610 1615
1611 1612
1612 1661
1613 1614
1614 1619
1615 1616
1616 1619
1616 1661
1616 1665
1617 1618
1618 1619
1618 1621
1618 1623
1619 1620
1620 1669
1621 1622
1622 1627
1623 1624
1624 1627
1624 1669
1624 1673
1625 1626
1626 1627
1626 1629
1626 1631
1627 1628
1628 1677
1629 1630
1631 1632
1632 1677
1633 1634
1634 1635
1634 1637
1634 1639
1635 1636
1636 1685
1637 1638
1638 1643
1639 1640
1640 1643
1640 1685
1640 1689
1641 1642
1642 1643
1642 1645
1642 1647
1643 1644
1644 1693
1645 1646
1646 1651
1647 1648
1648 1651
1648 1693
1648 1697
1649 1650
1650 1651
1650 1653
1650 1655
1651 1652
1652 1701
1653 1654
1654 1659
1655 1656
1656 1659
1656 1701
1656 1705
1657 1658
1658 1659
1658 1661
1658 1663
1659 1660
1660 1709
1661 1662
1662 1667
1663 1664
1664 1667
1664 1709
1664 1713
1665 1666
1666 1667
1666 1669
1666 1671
1667 1668
1668 1717
1669 1670
1670 1675
1671 1672
1672 1675
1672 1717
1672 1721
1673 1674
1674 1675
1674 1677
1674 1679
1675 1676
1676 1725
1677 1678
1679 1680
1680 1725
1681 1682
1682 1683
1682 1685
1682 1687
1683 1684
1685 1686
1686 1691
1687 1688
1688 1691
1689 1690
1690 1691
1690 1693
1690 1695
1691 1692
1693 1694
1694 1699
1695 1696
1696 1699
1697 1698
1698 1699
1698 1701
1698 1703
1699 1700
1701 1702
1702 1707
1703 1704
1704 1707
1705 1706
1706 1707
1706 1709
1706 1711
1707 1708
1709 1710
1710 1715
1711 1712
1712 1715
1713 1714
1714 1715
1714 1717
1714 1719
1715 1716
1717 1718
1718 1723
1719 1720
1720 1723
1721 1722
1722 1723
1722 1725
1722 1727
1723 1724
1725 1726
1727 1728