-57.480000	897a02910
10

Q 0.000000 0.000000 0.000000
Y 2.687006 2.687006 0.000000
Q 0.000000 5.374012 0.000000
F 0.000000 2.687006 2.687006
W 0.000000 5.374012 5.374012
K 2.687006 8.061017 5.374012
N 0.000000 8.061017 2.687006
F 2.687006 5.374012 2.687006
Q 2.687006 2.687006 5.374012
T 2.687006 0.000000 2.687006


-57.480000	230b78810
10

Q 0.000000 0.000000 0.000000
Y 2.687006 2.687006 0.000000
Q 0.000000 5.374012 0.000000
F 0.000000 2.687006 -2.687006
W 0.000000 0.000000 -5.374012
K 2.687006 -2.687006 -5.374012
N 0.000000 -2.687006 -2.687006
F 2.687006 0.000000 -2.687006
Q 2.687006 2.687006 -5.374012
T 2.687006 5.374012 -2.687006


-57.480000	987b03810
10

Q 0.000000 0.000000 0.000000
Y 2.687006 2.687006 0.000000
Q 0.000000 5.374012 0.000000
F 0.000000 2.687006 -2.687006
W 0.000000 5.374012 -5.374012
K 2.687006 8.061017 -5.374012
N 0.000000 8.061017 -2.687006
F 2.687006 5.374012 -2.687006
Q 2.687006 2.687006 -5.374012
T 2.687006 0.000000 -2.687006


-57.480000	320a79910
10

Q 0.000000 0.000000 0.000000
Y 2.687006 2.687006 0.000000
Q 0.000000 5.374012 0.000000
F 0.000000 2.687006 2.687006
W 0.000000 0.000000 5.374012
K 2.687006 -2.687006 5.374012
N 0.000000 -2.687006 2.687006
F 2.687006 0.000000 2.687006
Q 2.687006 2.687006 5.374012
T 2.687006 5.374012 2.687006


-57.480000	84736b410
10

Q 0.000000 0.000000 0.000000
Y 2.687006 2.687006 0.000000
Q 0.000000 5.374012 0.000000
F 2.687006 5.374012 2.687006
W 0.000000 5.374012 5.374012
K -2.687006 2.687006 5.374012
N -2.687006 5.374012 2.687006
F 0.000000 2.687006 2.687006
Q 2.687006 2.687006 5.374012
T 2.687006 0.000000 2.687006


-57.480000	95726a510
10

Q 0.000000 0.000000 0.000000
Y 2.687006 2.687006 0.000000
Q 0.000000 5.374012 0.000000
F 2.687006 5.374012 -2.687006
W 0.000000 5.374012 -5.374012
K -2.687006 2.687006 -5.374012
N -2.687006 5.374012 -2.687006
F 0.000000 2.687006 -2.687006
Q 2.687006 2.687006 -5.374012
T 2.687006 0.000000 -2.687006


-57.480000	5983b9140
10

Q 0.000000 0.000000 0.000000
Y 2.687006 2.687006 0.000000
Q 5.374012 2.687006 2.687006
F 2.687006 5.374012 2.687006
W 2.687006 2.687006 5.374012
K 0.000000 2.687006 8.061017
N 0.000000 5.374012 5.374012
F 0.000000 2.687006 2.687006
Q 0.000000 0.000000 5.374012
T 2.687006 0.000000 2.687006
