-57.430000	7352b77a0
10

Q 0.000000 0.000000 0.000000
Y 2.687006 2.687006 0.000000
Q 0.000000 2.687006 -2.687006
F 2.687006 0.000000 -2.687006
W 5.374012 -2.687006 -2.687006
K 2.687006 -2.687006 0.000000
N 2.687006 0.000000 2.687006
F 5.374012 0.000000 0.000000
Q 5.374012 2.687006 -2.687006
T 8.061017 0.000000 -2.687006


-57.430000	8352b77a0
10

Q 0.000000 0.000000 0.000000
Y 2.687006 2.687006 0.000000
Q 0.000000 2.687006 -2.687006
F 2.687006 0.000000 -2.687006
W 5.374012 -2.687006 -2.687006
K 2.687006 -2.687006 0.000000
N 2.687006 0.000000 2.687006
F 5.374012 0.000000 0.000000
Q 5.374012 2.687006 -2.687006
T 5.374012 0.000000 -5.374012


-57.430000	1419847a0
10

Q 0.000000 0.000000 0.000000
Y 2.687006 2.687006 0.000000
Q 0.000000 2.687006 -2.687006
F 2.687006 0.000000 -2.687006
W 5.374012 0.000000 0.000000
K 5.374012 -2.687006 -2.687006
N 5.374012 -5.374012 0.000000
F 2.687006 -2.687006 0.000000
Q 5.374012 -2.687006 2.687006
T 2.687006 0.000000 2.687006


-57.430000	b0b3807a0
10

Q 0.000000 0.000000 0.000000
Y 2.687006 2.687006 0.000000
Q 0.000000 2.687006 -2.687006
F 2.687006 0.000000 -2.687006
W 5.374012 2.687006 -2.687006
K 5.374012 0.000000 -5.374012
N 5.374012 2.687006 -8.061017
F 2.687006 2.687006 -5.374012
Q 5.374012 5.374012 -5.374012
T 2.687006 5.374012 -2.687006


-57.430000	203a7b840
10

Q 0.000000 0.000000 0.000000
Y 2.687006 2.687006 0.000000
Q 5.374012 2.687006 2.687006
F 5.374012 0.000000 0.000000
W 2.687006 0.000000 2.687006
K 5.374012 -2.687006 2.687006
N 2.687006 -2.687006 0.000000
F 2.687006 0.000000 -2.687006
Q 5.374012 2.687006 -2.687006
T 5.374012 5.374012 0.000000


-57.430000	2a65922a0
10

Q 0.000000 0.000000 0.000000
Y 2.687006 2.687006 0.000000
Q 0.000000 2.687006 -2.687006
F 0.000000 5.374012 0.000000
W 0.000000 8.061017 2.687006
K 0.000000 5.374012 5.374012
N 2.687006 5.374012 2.687006
F 0.000000 2.687006 2.687006
Q -2.687006 2.687006 0.000000
T -2.687006 5.374012 2.687006


-57.430000	070b68510
10

Q 0.000000 0.000000 0.000000
Y 2.687006 2.687006 0.000000
Q 0.000000 5.374012 0.000000
F 2.687006 5.374012 -2.687006
W 2.687006 2.687006 -5.374012
K 0.000000 0.000000 -5.374012
N -2.687006 0.000000 -2.687006
F 0.000000 2.687006 -2.687006
Q 2.687006 0.000000 -2.687006
T 5.374012 2.687006 -2.687006


-57.430000	070a69410
10

Q 0.000000 0.000000 0.000000
Y 2.687006 2.687006 0.000000
Q 0.000000 5.374012 0.000000
F 2.687006 5.374012 2.687006
W 2.687006 2.687006 5.374012
K 0.000000 0.000000 5.374012
N -2.687006 0.000000 2.687006
F 0.000000 2.687006 2.687006
Q 2.687006 0.000000 2.687006
T 5.374012 2.687006 2.687006


-57.430000	5972157a0
10

Q 0.000000 0.000000 0.000000
Y 2.687006 2.687006 0.000000
Q 0.000000 2.687006 -2.687006
F 2.687006 0.000000 -2.687006
W 5.374012 0.000000 -5.374012
K 2.687006 2.687006 -5.374012
N 2.687006 5.374012 -2.687006
F 5.374012 2.687006 -2.687006
Q 5.374012 0.000000 0.000000
T 8.061017 0.000000 -2.687006


-57.430000	8972157a0
10

Q 0.000000 0.000000 0.000000
Y 2.687006 2.687006 0.000000
Q 0.000000 2.687006 -2.687006
F 2.687006 0.000000 -2.687006
W 5.374012 0.000000 -5.374012
K 2.687006 2.687006 -5.374012
N 2.687006 5.374012 -2.687006
F 5.374012 2.687006 -2.687006
Q 5.374012 0.000000 0.000000
T 5.374012 -2.687006 -2.687006
