-48.450000	6a08792a0
10

Y 0.000000 0.000000 0.000000
Y 2.687006 2.687006 0.000000
D 0.000000 2.687006 -2.687006
P 0.000000 5.374012 0.000000
E 0.000000 2.687006 2.687006
T 2.687006 0.000000 2.687006
G 2.687006 -2.687006 0.000000
T 5.374012 0.000000 0.000000
W 2.687006 0.000000 -2.687006
Y 0.000000 -2.687006 -2.687006


-48.450000	0365792a0
10

Y 0.000000 0.000000 0.000000
Y 2.687006 2.687006 0.000000
D 0.000000 2.687006 -2.687006
P 0.000000 5.374012 0.000000
E 0.000000 2.687006 2.687006
T 2.687006 0.000000 2.687006
G 5.374012 0.000000 0.000000
T 2.687006 -2.687006 0.000000
W 2.687006 0.000000 -2.687006
Y 5.374012 2.687006 -2.687006


-48.450000	036574ba0
10

Y 0.000000 0.000000 0.000000
Y 2.687006 2.687006 0.000000
D 0.000000 2.687006 -2.687006
P -2.687006 2.687006 0.000000
E 0.000000 2.687006 2.687006
T 2.687006 0.000000 2.687006
G 5.374012 0.000000 0.000000
T 2.687006 -2.687006 0.000000
W 2.687006 0.000000 -2.687006
Y 5.374012 2.687006 -2.687006


-48.450000	0a08792a0
10

Y 0.000000 0.000000 0.000000
Y 2.687006 2.687006 0.000000
D 0.000000 2.687006 -2.687006
P 0.000000 5.374012 0.000000
E 0.000000 2.687006 2.687006
T 2.687006 0.000000 2.687006
G 2.687006 -2.687006 0.000000
T 5.374012 0.000000 0.000000
W 2.687006 0.000000 -2.687006
Y 5.374012 2.687006 -2.687006


-48.450000	0a0874ba0
10

Y 0.000000 0.000000 0.000000
Y 2.687006 2.687006 0.000000
D 0.000000 2.687006 -2.687006
P -2.687006 2.687006 0.000000
E 0.000000 2.687006 2.687006
T 2.687006 0.000000 2.687006
G 2.687006 -2.687006 0.000000
T 5.374012 0.000000 0.000000
W 2.687006 0.000000 -2.687006
Y 5.374012 2.687006 -2.687006


-48.450000	41576b140
10

Y 0.000000 0.000000 0.000000
Y 2.687006 2.687006 0.000000
D 5.374012 2.687006 2.687006
P 2.687006 5.374012 2.687006
E 0.000000 5.374012 5.374012
T -2.687006 2.687006 5.374012
G 0.000000 0.000000 5.374012
T 2.687006 0.000000 2.687006
W 0.000000 2.687006 2.687006
Y 2.687006 2.687006 5.374012


-48.450000	6365792a0
10

Y 0.000000 0.000000 0.000000
Y 2.687006 2.687006 0.000000
D 0.000000 2.687006 -2.687006
P 0.000000 5.374012 0.000000
E 0.000000 2.687006 2.687006
T 2.687006 0.000000 2.687006
G 5.374012 0.000000 0.000000
T 2.687006 -2.687006 0.000000
W 2.687006 0.000000 -2.687006
Y 0.000000 -2.687006 -2.687006


-48.450000	016579210
10

Y 0.000000 0.000000 0.000000
Y 2.687006 2.687006 0.000000
D 0.000000 5.374012 0.000000
P 0.000000 8.061017 2.687006
E 0.000000 5.374012 5.374012
T 2.687006 2.687006 5.374012
G 5.374012 2.687006 2.687006
T 2.687006 0.000000 2.687006
W 0.000000 2.687006 2.687006
Y 2.687006 5.374012 2.687006


-48.450000	016478310
10

Y 0.000000 0.000000 0.000000
Y 2.687006 2.687006 0.000000
D 0.000000 5.374012 0.000000
P 0.000000 8.061017 -2.687006
E 0.000000 5.374012 -5.374012
T 2.687006 2.687006 -5.374012
G 5.374012 2.687006 -2.687006
T 2.687006 0.000000 -2.687006
W 0.000000 2.687006 -2.687006
Y 2.687006 5.374012 -2.687006


-48.450000	019a87010
10

Y 0.000000 0.000000 0.000000
Y 2.687006 2.687006 0.000000
D 0.000000 5.374012 0.000000
P 2.687006 8.061017 0.000000
E 5.374012 5.374012 0.000000
T 5.374012 2.687006 -2.687006
G 2.687006 2.687006 -5.374012
T 2.687006 0.000000 -2.687006
W 0.000000 2.687006 -2.687006
Y 2.687006 5.374012 -2.687006


-48.450000	018b97010
10

Y 0.000000 0.000000 0.000000
Y 2.687006 2.687006 0.000000
D 0.000000 5.374012 0.000000
P 2.687006 8.061017 0.000000
E 5.374012 5.374012 0.000000
T 5.374012 2.687006 2.687006
G 2.687006 2.687006 5.374012
T 2.687006 0.000000 2.687006
W 0.000000 2.687006 2.687006
Y 2.687006 5.374012 2.687006


-48.450000	0b3687010
10

Y 0.000000 0.000000 0.000000
Y 2.687006 2.687006 0.000000
D 0.000000 5.374012 0.000000
P 2.687006 8.061017 0.000000
E 5.374012 5.374012 0.000000
T 5.374012 2.687006 -2.687006
G 2.687006 0.000000 -2.687006
T 2.687006 2.687006 -5.374012
W 0.000000 2.687006 -2.687006
Y 2.687006 5.374012 -2.687006


-48.450000	0a2697010
10

Y 0.000000 0.000000 0.000000
Y 2.687006 2.687006 0.000000
D 0.000000 5.374012 0.000000
P 2.687006 8.061017 0.000000
E 5.374012 5.374012 0.000000
T 5.374012 2.687006 2.687006
G 2.687006 0.000000 2.687006
T 2.687006 2.687006 5.374012
W 0.000000 2.687006 2.687006
Y 2.687006 5.374012 2.687006


-48.450000	208466140
10

Y 0.000000 0.000000 0.000000
Y 2.687006 2.687006 0.000000
D 5.374012 2.687006 2.687006
P 2.687006 5.374012 2.687006
E 0.000000 2.687006 2.687006
T -2.687006 0.000000 2.687006
G 0.000000 0.000000 5.374012
T 0.000000 -2.687006 2.687006
W 2.687006 0.000000 2.687006
Y 2.687006 2.687006 5.374012


-48.450000	0a52476a0
10

Y 0.000000 0.000000 0.000000
Y 2.687006 2.687006 0.000000
D 0.000000 2.687006 -2.687006
P -2.687006 0.000000 -2.687006
E 0.000000 -2.687006 -2.687006
T 2.687006 -2.687006 0.000000
G 2.687006 0.000000 2.687006
T 5.374012 0.000000 0.000000
W 2.687006 0.000000 -2.687006
Y 5.374012 2.687006 -2.687006


-48.450000	638b970a0
10

Y 0.000000 0.000000 0.000000
Y 2.687006 2.687006 0.000000
D 0.000000 2.687006 -2.687006
P 2.687006 5.374012 -2.687006
E 5.374012 2.687006 -2.687006
T 5.374012 0.000000 0.000000
G 2.687006 0.000000 2.687006
T 2.687006 -2.687006 0.000000
W 2.687006 0.000000 -2.687006
Y 0.000000 -2.687006 -2.687006


-48.450000	6a0874ba0
10

Y 0.000000 0.000000 0.000000
Y 2.687006 2.687006 0.000000
D 0.000000 2.687006 -2.687006
P -2.687006 2.687006 0.000000
E 0.000000 2.687006 2.687006
T 2.687006 0.000000 2.687006
G 2.687006 -2.687006 0.000000
T 5.374012 0.000000 0.000000
W 2.687006 0.000000 -2.687006
Y 0.000000 -2.687006 -2.687006


-48.450000	019a85410
10

Y 0.000000 0.000000 0.000000
Y 2.687006 2.687006 0.000000
D 0.000000 5.374012 0.000000
P 2.687006 5.374012 2.687006
E 5.374012 5.374012 0.000000
T 5.374012 2.687006 -2.687006
G 2.687006 2.687006 -5.374012
T 2.687006 0.000000 -2.687006
W 0.000000 2.687006 -2.687006
Y 2.687006 5.374012 -2.687006


-48.450000	018b94510
10

Y 0.000000 0.000000 0.000000
Y 2.687006 2.687006 0.000000
D 0.000000 5.374012 0.000000
P 2.687006 5.374012 -2.687006
E 5.374012 5.374012 0.000000
T 5.374012 2.687006 2.687006
G 2.687006 2.687006 5.374012
T 2.687006 0.000000 2.687006
W 0.000000 2.687006 2.687006
Y 2.687006 5.374012 2.687006


-48.450000	0b3685410
10

Y 0.000000 0.000000 0.000000
Y 2.687006 2.687006 0.000000
D 0.000000 5.374012 0.000000
P 2.687006 5.374012 2.687006
E 5.374012 5.374012 0.000000
T 5.374012 2.687006 -2.687006
G 2.687006 0.000000 -2.687006
T 2.687006 2.687006 -5.374012
W 0.000000 2.687006 -2.687006
Y 2.687006 5.374012 -2.687006


-48.450000	434b6a340
10

Y 0.000000 0.000000 0.000000
Y 2.687006 2.687006 0.000000
D 5.374012 2.687006 2.687006
P 5.374012 5.374012 0.000000
E 2.687006 5.374012 -2.687006
T 0.000000 2.687006 -2.687006
G -2.687006 2.687006 0.000000
T 0.000000 2.687006 2.687006
W 0.000000 5.374012 0.000000
Y 2.687006 5.374012 2.687006


-48.450000	0a2694510
10

Y 0.000000 0.000000 0.000000
Y 2.687006 2.687006 0.000000
D 0.000000 5.374012 0.000000
P 2.687006 5.374012 -2.687006
E 5.374012 5.374012 0.000000
T 5.374012 2.687006 2.687006
G 2.687006 0.000000 2.687006
T 2.687006 2.687006 5.374012
W 0.000000 2.687006 2.687006
Y 2.687006 5.374012 2.687006


-48.450000	636574ba0
10

Y 0.000000 0.000000 0.000000
Y 2.687006 2.687006 0.000000
D 0.000000 2.687006 -2.687006
P -2.687006 2.687006 0.000000
E 0.000000 2.687006 2.687006
T 2.687006 0.000000 2.687006
G 5.374012 0.000000 0.000000
T 2.687006 -2.687006 0.000000
W 2.687006 0.000000 -2.687006
Y 0.000000 -2.687006 -2.687006
