-27.200000	9b01680a0
10

Q 0.000000 0.000000 0.000000
Y 2.687006 2.687006 0.000000
Q 0.000000 2.687006 -2.687006
F 2.687006 5.374012 -2.687006
W 2.687006 2.687006 -5.374012
K 0.000000 0.000000 -5.374012
N -2.687006 2.687006 -5.374012
F 0.000000 5.374012 -5.374012
Q -2.687006 5.374012 -2.687006
T -2.687006 2.687006 0.000000


-27.200000	7629ab0a0
10

Q 0.000000 0.000000 0.000000
Y 2.687006 2.687006 0.000000
Q 0.000000 2.687006 -2.687006
F 2.687006 5.374012 -2.687006
W 0.000000 5.374012 0.000000
K -2.687006 5.374012 -2.687006
N -2.687006 2.687006 0.000000
F -2.687006 5.374012 2.687006
Q -5.374012 2.687006 2.687006
T -2.687006 0.000000 2.687006


-27.200000	47a84b140
10

Q 0.000000 0.000000 0.000000
Y 2.687006 2.687006 0.000000
Q 5.374012 2.687006 2.687006
F 2.687006 5.374012 2.687006
W 0.000000 5.374012 5.374012
K 2.687006 5.374012 8.061017
N 2.687006 2.687006 5.374012
F 0.000000 2.687006 2.687006
Q 2.687006 0.000000 2.687006
T 5.374012 0.000000 5.374012


-27.200000	a142a57a0
10

Q 0.000000 0.000000 0.000000
Y 2.687006 2.687006 0.000000
Q 0.000000 2.687006 -2.687006
F 2.687006 0.000000 -2.687006
W 5.374012 0.000000 -5.374012
K 2.687006 0.000000 -8.061017
N 2.687006 2.687006 -5.374012
F 5.374012 2.687006 -2.687006
Q 2.687006 5.374012 -2.687006
T 0.000000 5.374012 -5.374012


-27.200000	47a59b140
10

Q 0.000000 0.000000 0.000000
Y 2.687006 2.687006 0.000000
Q 5.374012 2.687006 2.687006
F 2.687006 5.374012 2.687006
W 0.000000 5.374012 5.374012
K 0.000000 2.687006 8.061017
N 2.687006 2.687006 5.374012
F 0.000000 2.687006 2.687006
Q 2.687006 0.000000 2.687006
T 5.374012 0.000000 5.374012


-27.200000	a14b357a0
10

Q 0.000000 0.000000 0.000000
Y 2.687006 2.687006 0.000000
Q 0.000000 2.687006 -2.687006
F 2.687006 0.000000 -2.687006
W 5.374012 0.000000 -5.374012
K 5.374012 2.687006 -8.061017
N 2.687006 2.687006 -5.374012
F 5.374012 2.687006 -2.687006
Q 2.687006 5.374012 -2.687006
T 0.000000 5.374012 -5.374012


-27.200000	9838b92a0
10

Q 0.000000 0.000000 0.000000
Y 2.687006 2.687006 0.000000
Q 0.000000 2.687006 -2.687006
F 0.000000 5.374012 0.000000
W 0.000000 2.687006 2.687006
K -2.687006 2.687006 5.374012
N -2.687006 0.000000 2.687006
F -2.687006 2.687006 0.000000
Q -2.687006 0.000000 -2.687006
T -2.687006 -2.687006 0.000000


-27.200000	983a992a0
10

Q 0.000000 0.000000 0.000000
Y 2.687006 2.687006 0.000000
Q 0.000000 2.687006 -2.687006
F 0.000000 5.374012 0.000000
W 0.000000 2.687006 2.687006
K 0.000000 0.000000 5.374012
N -2.687006 0.000000 2.687006
F -2.687006 2.687006 0.000000
Q -2.687006 0.000000 -2.687006
T -2.687006 -2.687006 0.000000


-27.200000	6b02677a0
10

Q 0.000000 0.000000 0.000000
Y 2.687006 2.687006 0.000000
Q 0.000000 2.687006 -2.687006
F 2.687006 0.000000 -2.687006
W 5.374012 -2.687006 -2.687006
K 2.687006 -5.374012 -2.687006
N 2.687006 -2.687006 0.000000
F 5.374012 0.000000 0.000000
Q 2.687006 0.000000 2.687006
T 0.000000 -2.687006 2.687006


-27.200000	6b01977a0
10

Q 0.000000 0.000000 0.000000
Y 2.687006 2.687006 0.000000
Q 0.000000 2.687006 -2.687006
F 2.687006 0.000000 -2.687006
W 5.374012 -2.687006 -2.687006
K 5.374012 -5.374012 0.000000
N 2.687006 -2.687006 0.000000
F 5.374012 0.000000 0.000000
Q 2.687006 0.000000 2.687006
T 0.000000 -2.687006 2.687006


-27.200000	8a791b0a0
10

Q 0.000000 0.000000 0.000000
Y 2.687006 2.687006 0.000000
Q 0.000000 2.687006 -2.687006
F 2.687006 5.374012 -2.687006
W 0.000000 5.374012 0.000000
K -2.687006 8.061017 0.000000
N -2.687006 5.374012 2.687006
F 0.000000 2.687006 2.687006
Q -2.687006 2.687006 0.000000
T -2.687006 0.000000 -2.687006


-27.200000	8a762b0a0
10

Q 0.000000 0.000000 0.000000
Y 2.687006 2.687006 0.000000
Q 0.000000 2.687006 -2.687006
F 2.687006 5.374012 -2.687006
W 0.000000 5.374012 0.000000
K 0.000000 8.061017 2.687006
N -2.687006 5.374012 2.687006
F 0.000000 2.687006 2.687006
Q -2.687006 2.687006 0.000000
T -2.687006 0.000000 -2.687006
