-26.410000	8096ab0a0
10

Q 0.000000 0.000000 0.000000
Y 2.687006 2.687006 0.000000
Q 0.000000 2.687006 -2.687006
F 2.687006 5.374012 -2.687006
W 0.000000 5.374012 0.000000
K -2.687006 5.374012 -2.687006
N -5.374012 2.687006 -2.687006
F -5.374012 0.000000 0.000000
Q -2.687006 2.687006 0.000000
T -2.687006 0.000000 -2.687006


-26.410000	7369ab0a0
10

Q 0.000000 0.000000 0.000000
Y 2.687006 2.687006 0.000000
Q 0.000000 2.687006 -2.687006
F 2.687006 5.374012 -2.687006
W 0.000000 5.374012 0.000000
K -2.687006 5.374012 -2.687006
N -2.687006 2.687006 0.000000
F -5.374012 0.000000 0.000000
Q -5.374012 2.687006 -2.687006
T -2.687006 0.000000 -2.687006
