0.000000	321032101	1101100011010
10

Q 0.000000 0.000000 0.000000
Y 2.193931 2.193931 -2.193931
Q 4.387862 0.000000 -4.387862
F 6.581793 2.193931 -6.581793
W 8.775724 4.387862 -4.387862
K 10.969655 2.193931 -2.193931
N 13.163586 0.000000 -4.387862
F 15.357517 2.193931 -6.581793
Q 17.551448 4.387862 -4.387862
T 19.745379 2.193931 -2.193931


0.000000	103210301	1000110110001
10

Q 0.000000 0.000000 0.000000
Y 2.193931 2.193931 -2.193931
Q 4.387862 0.000000 -4.387862
F 6.581793 -2.193931 -2.193931
W 8.775724 -4.387862 -4.387862
K 10.969655 -2.193931 -6.581793
N 13.163586 0.000000 -4.387862
F 15.357517 -2.193931 -2.193931
Q 17.551448 -4.387862 -4.387862
T 19.745379 -2.193931 -6.581793


0.000000	032103101	0011011000110
10

Q 0.000000 0.000000 0.000000
Y 2.193931 2.193931 -2.193931
Q 4.387862 0.000000 -4.387862
F 6.581793 2.193931 -6.581793
W 4.387862 4.387862 -8.775724
K 2.193931 6.581793 -6.581793
N 0.000000 4.387862 -4.387862
F -2.193931 2.193931 -6.581793
Q -4.387862 4.387862 -8.775724
T -6.581793 6.581793 -6.581793


0.000000	210321301	0110001101101
10

Q 0.000000 0.000000 0.000000
Y 2.193931 2.193931 -2.193931
Q 4.387862 0.000000 -4.387862
F 6.581793 -2.193931 -2.193931
W 4.387862 -4.387862 0.000000
K 2.193931 -6.581793 -2.193931
N 0.000000 -4.387862 -4.387862
F -2.193931 -2.193931 -2.193931
Q -4.387862 -4.387862 0.000000
T -6.581793 -6.581793 -2.193931


0.000000	103210101	1000110110000
10

Q 0.000000 0.000000 0.000000
Y 2.193931 2.193931 -2.193931
Q 4.387862 0.000000 -4.387862
F 6.581793 2.193931 -6.581793
W 8.775724 0.000000 -8.775724
K 10.969655 2.193931 -10.969655
N 13.163586 4.387862 -8.775724
F 15.357517 2.193931 -6.581793
Q 17.551448 0.000000 -8.775724
T 19.745379 2.193931 -10.969655


0.000000	321032301	1101100011011
10

Q 0.000000 0.000000 0.000000
Y 2.193931 2.193931 -2.193931
Q 4.387862 0.000000 -4.387862
F 6.581793 -2.193931 -2.193931
W 8.775724 0.000000 0.000000
K 10.969655 -2.193931 2.193931
N 13.163586 -4.387862 0.000000
F 15.357517 -2.193931 -2.193931
Q 17.551448 0.000000 0.000000
T 19.745379 -2.193931 2.193931


0.000000	210320301	0110001101001
10

Q 0.000000 0.000000 0.000000
Y 2.193931 2.193931 -2.193931
Q 4.387862 0.000000 -4.387862
F 6.581793 -2.193931 -2.193931
W 8.775724 -4.387862 -4.387862
K 6.581793 -6.581793 -6.581793
N 4.387862 -4.387862 -8.775724
F 2.193931 -2.193931 -6.581793
Q 0.000000 -4.387862 -4.387862
T -2.193931 -6.581793 -6.581793


0.000000	103213101	1000110110110
10

Q 0.000000 0.000000 0.000000
Y 2.193931 2.193931 -2.193931
Q 4.387862 0.000000 -4.387862
F 6.581793 2.193931 -6.581793
W 4.387862 4.387862 -8.775724
K 6.581793 6.581793 -10.969655
N 8.775724 8.775724 -8.775724
F 10.969655 6.581793 -6.581793
Q 13.163586 4.387862 -8.775724
T 15.357517 6.581793 -10.969655


0.000000	321031301	1101100011101
10

Q 0.000000 0.000000 0.000000
Y 2.193931 2.193931 -2.193931
Q 4.387862 0.000000 -4.387862
F 6.581793 -2.193931 -2.193931
W 4.387862 -4.387862 0.000000
K 6.581793 -6.581793 2.193931
N 8.775724 -8.775724 0.000000
F 10.969655 -6.581793 -2.193931
Q 13.163586 -4.387862 0.000000
T 15.357517 -6.581793 2.193931


0.000000	210320101	0110001101000
10

Q 0.000000 0.000000 0.000000
Y 2.193931 2.193931 -2.193931
Q 4.387862 0.000000 -4.387862
F 6.581793 2.193931 -6.581793
W 8.775724 0.000000 -8.775724
K 6.581793 -2.193931 -10.969655
N 4.387862 0.000000 -13.163586
F 2.193931 2.193931 -10.969655
Q 0.000000 0.000000 -8.775724
T -2.193931 -2.193931 -10.969655


0.000000	103212101	1000110110010
10

Q 0.000000 0.000000 0.000000
Y 2.193931 2.193931 -2.193931
Q 4.387862 0.000000 -4.387862
F 6.581793 2.193931 -6.581793
W 8.775724 4.387862 -4.387862
K 10.969655 6.581793 -6.581793
N 13.163586 8.775724 -4.387862
F 15.357517 6.581793 -2.193931
Q 17.551448 4.387862 -4.387862
T 19.745379 6.581793 -6.581793


0.000000	321030301	1101100011001
10

Q 0.000000 0.000000 0.000000
Y 2.193931 2.193931 -2.193931
Q 4.387862 0.000000 -4.387862
F 6.581793 -2.193931 -2.193931
W 8.775724 -4.387862 -4.387862
K 10.969655 -6.581793 -2.193931
N 13.163586 -8.775724 -4.387862
F 15.357517 -6.581793 -6.581793
Q 17.551448 -4.387862 -4.387862
T 19.745379 -6.581793 -2.193931


0.000000	210323101	0110001101110
10

Q 0.000000 0.000000 0.000000
Y 2.193931 2.193931 -2.193931
Q 4.387862 0.000000 -4.387862
F 6.581793 2.193931 -6.581793
W 4.387862 4.387862 -8.775724
K 2.193931 2.193931 -10.969655
N 0.000000 4.387862 -13.163586
F -2.193931 6.581793 -10.969655
Q -4.387862 4.387862 -8.775724
T -6.581793 2.193931 -10.969655


0.000000	032101301	0011011000101
10

Q 0.000000 0.000000 0.000000
Y 2.193931 2.193931 -2.193931
Q 4.387862 0.000000 -4.387862
F 6.581793 -2.193931 -2.193931
W 4.387862 -4.387862 0.000000
K 2.193931 -2.193931 2.193931
N 0.000000 -4.387862 4.387862
F -2.193931 -6.581793 2.193931
Q -4.387862 -4.387862 0.000000
T -6.581793 -2.193931 2.193931


0.000000	321030101	1101100011000
10

Q 0.000000 0.000000 0.000000
Y 2.193931 2.193931 -2.193931
Q 4.387862 0.000000 -4.387862
F 6.581793 2.193931 -6.581793
W 8.775724 0.000000 -8.775724
K 10.969655 -2.193931 -6.581793
N 13.163586 -4.387862 -8.775724
F 15.357517 -2.193931 -10.969655
Q 17.551448 0.000000 -8.775724
T 19.745379 -2.193931 -6.581793


0.000000	103212301	1000110110011
10

Q 0.000000 0.000000 0.000000
Y 2.193931 2.193931 -2.193931
Q 4.387862 0.000000 -4.387862
F 6.581793 -2.193931 -2.193931
W 8.775724 0.000000 0.000000
K 10.969655 2.193931 -2.193931
N 13.163586 4.387862 0.000000
F 15.357517 2.193931 2.193931
Q 17.551448 0.000000 0.000000
T 19.745379 2.193931 -2.193931


0.000000	103203101	1000110100110
10

Q 0.000000 0.000000 0.000000
Y 2.193931 2.193931 -2.193931
Q 4.387862 0.000000 -4.387862
F 6.581793 2.193931 -6.581793
W 4.387862 4.387862 -8.775724
K 2.193931 6.581793 -6.581793
N 4.387862 8.775724 -4.387862
F 6.581793 6.581793 -2.193931
Q 8.775724 4.387862 -4.387862
T 10.969655 6.581793 -6.581793


0.000000	321021301	1101100001101
10

Q 0.000000 0.000000 0.000000
Y 2.193931 2.193931 -2.193931
Q 4.387862 0.000000 -4.387862
F 6.581793 -2.193931 -2.193931
W 4.387862 -4.387862 0.000000
K 2.193931 -6.581793 -2.193931
N 4.387862 -8.775724 -4.387862
F 6.581793 -6.581793 -6.581793
Q 8.775724 -4.387862 -4.387862
T 10.969655 -6.581793 -2.193931


0.000000	210310101	0110001110000
10

Q 0.000000 0.000000 0.000000
Y 2.193931 2.193931 -2.193931
Q 4.387862 0.000000 -4.387862
F 6.581793 2.193931 -6.581793
W 8.775724 0.000000 -8.775724
K 10.969655 2.193931 -10.969655
N 8.775724 4.387862 -13.163586
F 6.581793 6.581793 -10.969655
Q 4.387862 4.387862 -8.775724
T 2.193931 2.193931 -10.969655


0.000000	032132301	0011011011011
10

Q 0.000000 0.000000 0.000000
Y 2.193931 2.193931 -2.193931
Q 4.387862 0.000000 -4.387862
F 6.581793 -2.193931 -2.193931
W 8.775724 0.000000 0.000000
K 10.969655 -2.193931 2.193931
N 8.775724 -4.387862 4.387862
F 6.581793 -6.581793 2.193931
Q 4.387862 -4.387862 0.000000
T 2.193931 -2.193931 2.193931


0.000000	103202101	1000110100010
10

Q 0.000000 0.000000 0.000000
Y 2.193931 2.193931 -2.193931
Q 4.387862 0.000000 -4.387862
F 6.581793 2.193931 -6.581793
W 8.775724 4.387862 -4.387862
K 6.581793 6.581793 -2.193931
N 8.775724 8.775724 -0.000000
F 10.969655 6.581793 2.193931
Q 13.163586 4.387862 -0.000000
T 15.357517 6.581793 -2.193931


0.000000	321020301	1101100001001
10

Q 0.000000 0.000000 0.000000
Y 2.193931 2.193931 -2.193931
Q 4.387862 0.000000 -4.387862
F 6.581793 -2.193931 -2.193931
W 8.775724 -4.387862 -4.387862
K 6.581793 -6.581793 -6.581793
N 8.775724 -8.775724 -8.775724
F 10.969655 -6.581793 -10.969655
Q 13.163586 -4.387862 -8.775724
T 15.357517 -6.581793 -6.581793


0.000000	210313101	0110001110110
10

Q 0.000000 0.000000 0.000000
Y 2.193931 2.193931 -2.193931
Q 4.387862 0.000000 -4.387862
F 6.581793 2.193931 -6.581793
W 4.387862 4.387862 -8.775724
K 6.581793 6.581793 -10.969655
N 4.387862 8.775724 -13.163586
F 2.193931 10.969655 -10.969655
Q 0.000000 8.775724 -8.775724
T -2.193931 6.581793 -10.969655


0.000000	032131301	0011011011101
10

Q 0.000000 0.000000 0.000000
Y 2.193931 2.193931 -2.193931
Q 4.387862 0.000000 -4.387862
F 6.581793 -2.193931 -2.193931
W 4.387862 -4.387862 0.000000
K 6.581793 -6.581793 2.193931
N 4.387862 -8.775724 4.387862
F 2.193931 -10.969655 2.193931
Q 0.000000 -8.775724 0.000000
T -2.193931 -6.581793 2.193931


0.000000	321020101	1101100001000
10

Q 0.000000 0.000000 0.000000
Y 2.193931 2.193931 -2.193931
Q 4.387862 0.000000 -4.387862
F 6.581793 2.193931 -6.581793
W 8.775724 0.000000 -8.775724
K 6.581793 -2.193931 -10.969655
N 8.775724 -4.387862 -13.163586
F 10.969655 -2.193931 -15.357517
Q 13.163586 0.000000 -13.163586
T 15.357517 -2.193931 -10.969655


0.000000	103202301	1000110100011
10

Q 0.000000 0.000000 0.000000
Y 2.193931 2.193931 -2.193931
Q 4.387862 0.000000 -4.387862
F 6.581793 -2.193931 -2.193931
W 8.775724 0.000000 0.000000
K 6.581793 2.193931 2.193931
N 8.775724 4.387862 4.387862
F 10.969655 2.193931 6.581793
Q 13.163586 0.000000 4.387862
T 15.357517 2.193931 2.193931


0.000000	210312101	0110001110010
10

Q 0.000000 0.000000 0.000000
Y 2.193931 2.193931 -2.193931
Q 4.387862 0.000000 -4.387862
F 6.581793 2.193931 -6.581793
W 8.775724 4.387862 -4.387862
K 10.969655 6.581793 -6.581793
N 8.775724 8.775724 -8.775724
F 6.581793 10.969655 -6.581793
Q 4.387862 8.775724 -4.387862
T 2.193931 6.581793 -6.581793


0.000000	032130301	0011011011001
10

Q 0.000000 0.000000 0.000000
Y 2.193931 2.193931 -2.193931
Q 4.387862 0.000000 -4.387862
F 6.581793 -2.193931 -2.193931
W 8.775724 -4.387862 -4.387862
K 10.969655 -6.581793 -2.193931
N 8.775724 -8.775724 0.000000
F 6.581793 -10.969655 -2.193931
Q 4.387862 -8.775724 -4.387862
T 2.193931 -6.581793 -2.193931


0.000000	321023101	1101100001110
10

Q 0.000000 0.000000 0.000000
Y 2.193931 2.193931 -2.193931
Q 4.387862 0.000000 -4.387862
F 6.581793 2.193931 -6.581793
W 4.387862 4.387862 -8.775724
K 2.193931 2.193931 -10.969655
N 4.387862 0.000000 -13.163586
F 6.581793 2.193931 -15.357517
Q 8.775724 4.387862 -13.163586
T 10.969655 2.193931 -10.969655


0.000000	103201301	1000110100101
10

Q 0.000000 0.000000 0.000000
Y 2.193931 2.193931 -2.193931
Q 4.387862 0.000000 -4.387862
F 6.581793 -2.193931 -2.193931
W 4.387862 -4.387862 0.000000
K 2.193931 -2.193931 2.193931
N 4.387862 0.000000 4.387862
F 6.581793 -2.193931 6.581793
Q 8.775724 -4.387862 4.387862
T 10.969655 -2.193931 2.193931


0.000000	032130101	0011011011000
10

Q 0.000000 0.000000 0.000000
Y 2.193931 2.193931 -2.193931
Q 4.387862 0.000000 -4.387862
F 6.581793 2.193931 -6.581793
W 8.775724 0.000000 -8.775724
K 10.969655 -2.193931 -6.581793
N 8.775724 -4.387862 -4.387862
F 6.581793 -6.581793 -6.581793
Q 4.387862 -4.387862 -8.775724
T 2.193931 -2.193931 -6.581793


0.000000	103232101	1000110111010
10

Q 0.000000 0.000000 0.000000
Y 2.193931 2.193931 -2.193931
Q 4.387862 0.000000 -4.387862
F 6.581793 2.193931 -6.581793
W 8.775724 4.387862 -4.387862
K 10.969655 2.193931 -2.193931
N 13.163586 4.387862 -0.000000
F 15.357517 2.193931 2.193931
Q 17.551448 0.000000 -0.000000
T 19.745379 2.193931 -2.193931


0.000000	321010301	1101100010001
10

Q 0.000000 0.000000 0.000000
Y 2.193931 2.193931 -2.193931
Q 4.387862 0.000000 -4.387862
F 6.581793 -2.193931 -2.193931
W 8.775724 -4.387862 -4.387862
K 10.969655 -2.193931 -6.581793
N 13.163586 -4.387862 -8.775724
F 15.357517 -2.193931 -10.969655
Q 17.551448 0.000000 -8.775724
T 19.745379 -2.193931 -6.581793


0.000000	210303101	0110001100110
10

Q 0.000000 0.000000 0.000000
Y 2.193931 2.193931 -2.193931
Q 4.387862 0.000000 -4.387862
F 6.581793 2.193931 -6.581793
W 4.387862 4.387862 -8.775724
K 2.193931 6.581793 -6.581793
N 0.000000 8.775724 -8.775724
F -2.193931 10.969655 -6.581793
Q -4.387862 8.775724 -4.387862
T -6.581793 6.581793 -6.581793


0.000000	032121301	0011011001101
10

Q 0.000000 0.000000 0.000000
Y 2.193931 2.193931 -2.193931
Q 4.387862 0.000000 -4.387862
F 6.581793 -2.193931 -2.193931
W 4.387862 -4.387862 0.000000
K 2.193931 -6.581793 -2.193931
N 0.000000 -8.775724 0.000000
F -2.193931 -10.969655 -2.193931
Q -4.387862 -8.775724 -4.387862
T -6.581793 -6.581793 -2.193931


0.000000	321010101	1101100010000
10

Q 0.000000 0.000000 0.000000
Y 2.193931 2.193931 -2.193931
Q 4.387862 0.000000 -4.387862
F 6.581793 2.193931 -6.581793
W 8.775724 0.000000 -8.775724
K 10.969655 2.193931 -10.969655
N 13.163586 0.000000 -13.163586
F 15.357517 2.193931 -15.357517
Q 17.551448 4.387862 -13.163586
T 19.745379 2.193931 -10.969655


0.000000	103232301	1000110111011
10

Q 0.000000 0.000000 0.000000
Y 2.193931 2.193931 -2.193931
Q 4.387862 0.000000 -4.387862
F 6.581793 -2.193931 -2.193931
W 8.775724 0.000000 0.000000
K 10.969655 -2.193931 2.193931
N 13.163586 0.000000 4.387862
F 15.357517 -2.193931 6.581793
Q 17.551448 -4.387862 4.387862
T 19.745379 -2.193931 2.193931


0.000000	210302101	0110001100010
10

Q 0.000000 0.000000 0.000000
Y 2.193931 2.193931 -2.193931
Q 4.387862 0.000000 -4.387862
F 6.581793 2.193931 -6.581793
W 8.775724 4.387862 -4.387862
K 6.581793 6.581793 -2.193931
N 4.387862 8.775724 -4.387862
F 2.193931 10.969655 -2.193931
Q 0.000000 8.775724 -0.000000
T -2.193931 6.581793 -2.193931


0.000000	032120301	0011011001001
10

Q 0.000000 0.000000 0.000000
Y 2.193931 2.193931 -2.193931
Q 4.387862 0.000000 -4.387862
F 6.581793 -2.193931 -2.193931
W 8.775724 -4.387862 -4.387862
K 6.581793 -6.581793 -6.581793
N 4.387862 -8.775724 -4.387862
F 2.193931 -10.969655 -6.581793
Q 0.000000 -8.775724 -8.775724
T -2.193931 -6.581793 -6.581793


0.000000	321013101	1101100010110
10

Q 0.000000 0.000000 0.000000
Y 2.193931 2.193931 -2.193931
Q 4.387862 0.000000 -4.387862
F 6.581793 2.193931 -6.581793
W 4.387862 4.387862 -8.775724
K 6.581793 6.581793 -10.969655
N 8.775724 4.387862 -13.163586
F 10.969655 6.581793 -15.357517
Q 13.163586 8.775724 -13.163586
T 15.357517 6.581793 -10.969655


0.000000	103231301	1000110111101
10

Q 0.000000 0.000000 0.000000
Y 2.193931 2.193931 -2.193931
Q 4.387862 0.000000 -4.387862
F 6.581793 -2.193931 -2.193931
W 4.387862 -4.387862 0.000000
K 6.581793 -6.581793 2.193931
N 8.775724 -4.387862 4.387862
F 10.969655 -6.581793 6.581793
Q 13.163586 -8.775724 4.387862
T 15.357517 -6.581793 2.193931


0.000000	032120101	0011011001000
10

Q 0.000000 0.000000 0.000000
Y 2.193931 2.193931 -2.193931
Q 4.387862 0.000000 -4.387862
F 6.581793 2.193931 -6.581793
W 8.775724 0.000000 -8.775724
K 6.581793 -2.193931 -10.969655
N 4.387862 -4.387862 -8.775724
F 2.193931 -6.581793 -10.969655
Q 0.000000 -4.387862 -13.163586
T -2.193931 -2.193931 -10.969655


0.000000	210302301	0110001100011
10

Q 0.000000 0.000000 0.000000
Y 2.193931 2.193931 -2.193931
Q 4.387862 0.000000 -4.387862
F 6.581793 -2.193931 -2.193931
W 8.775724 0.000000 0.000000
K 6.581793 2.193931 2.193931
N 4.387862 4.387862 0.000000
F 2.193931 6.581793 2.193931
Q 0.000000 4.387862 4.387862
T -2.193931 2.193931 2.193931


0.000000	321012101	1101100010010
10

Q 0.000000 0.000000 0.000000
Y 2.193931 2.193931 -2.193931
Q 4.387862 0.000000 -4.387862
F 6.581793 2.193931 -6.581793
W 8.775724 4.387862 -4.387862
K 10.969655 6.581793 -6.581793
N 13.163586 4.387862 -8.775724
F 15.357517 6.581793 -10.969655
Q 17.551448 8.775724 -8.775724
T 19.745379 6.581793 -6.581793


0.000000	103230301	1000110111001
10

Q 0.000000 0.000000 0.000000
Y 2.193931 2.193931 -2.193931
Q 4.387862 0.000000 -4.387862
F 6.581793 -2.193931 -2.193931
W 8.775724 -4.387862 -4.387862
K 10.969655 -6.581793 -2.193931
N 13.163586 -4.387862 0.000000
F 15.357517 -6.581793 2.193931
Q 17.551448 -8.775724 0.000000
T 19.745379 -6.581793 -2.193931


0.000000	032123101	0011011001110
10

Q 0.000000 0.000000 0.000000
Y 2.193931 2.193931 -2.193931
Q 4.387862 0.000000 -4.387862
F 6.581793 2.193931 -6.581793
W 4.387862 4.387862 -8.775724
K 2.193931 2.193931 -10.969655
N 0.000000 0.000000 -8.775724
F -2.193931 -2.193931 -10.969655
Q -4.387862 0.000000 -13.163586
T -6.581793 2.193931 -10.969655


0.000000	103230101	1000110111000
10

Q 0.000000 0.000000 0.000000
Y 2.193931 2.193931 -2.193931
Q 4.387862 0.000000 -4.387862
F 6.581793 2.193931 -6.581793
W 8.775724 0.000000 -8.775724
K 10.969655 -2.193931 -6.581793
N 13.163586 0.000000 -4.387862
F 15.357517 -2.193931 -2.193931
Q 17.551448 -4.387862 -4.387862
T 19.745379 -2.193931 -6.581793


0.000000	321012301	1101100010011
10

Q 0.000000 0.000000 0.000000
Y 2.193931 2.193931 -2.193931
Q 4.387862 0.000000 -4.387862
F 6.581793 -2.193931 -2.193931
W 8.775724 0.000000 0.000000
K 10.969655 2.193931 -2.193931
N 13.163586 0.000000 -4.387862
F 15.357517 2.193931 -6.581793
Q 17.551448 4.387862 -4.387862
T 19.745379 2.193931 -2.193931


0.000000	103102101	1000111000010
10

Q 0.000000 0.000000 0.000000
Y 2.193931 2.193931 -2.193931
Q 4.387862 0.000000 -4.387862
F 6.581793 2.193931 -6.581793
W 8.775724 4.387862 -4.387862
K 6.581793 6.581793 -2.193931
N 4.387862 4.387862 -0.000000
F 6.581793 2.193931 2.193931
Q 8.775724 0.000000 -0.000000
T 10.969655 2.193931 -2.193931


0.000000	321320301	1101101101001
10

Q 0.000000 0.000000 0.000000
Y 2.193931 2.193931 -2.193931
Q 4.387862 0.000000 -4.387862
F 6.581793 -2.193931 -2.193931
W 8.775724 -4.387862 -4.387862
K 6.581793 -6.581793 -6.581793
N 4.387862 -4.387862 -8.775724
F 6.581793 -2.193931 -10.969655
Q 8.775724 -0.000000 -8.775724
T 10.969655 -2.193931 -6.581793


0.000000	210213101	0110000110110
10

Q 0.000000 0.000000 0.000000
Y 2.193931 2.193931 -2.193931
Q 4.387862 0.000000 -4.387862
F 6.581793 2.193931 -6.581793
W 4.387862 4.387862 -8.775724
K 6.581793 6.581793 -10.969655
N 8.775724 8.775724 -8.775724
F 6.581793 10.969655 -6.581793
Q 4.387862 8.775724 -4.387862
T 2.193931 6.581793 -6.581793


0.000000	032031301	0011010011101
10

Q 0.000000 0.000000 0.000000
Y 2.193931 2.193931 -2.193931
Q 4.387862 0.000000 -4.387862
F 6.581793 -2.193931 -2.193931
W 4.387862 -4.387862 0.000000
K 6.581793 -6.581793 2.193931
N 8.775724 -8.775724 0.000000
F 6.581793 -10.969655 -2.193931
Q 4.387862 -8.775724 -4.387862
T 2.193931 -6.581793 -2.193931


0.000000	321320101	1101101101000
10

Q 0.000000 0.000000 0.000000
Y 2.193931 2.193931 -2.193931
Q 4.387862 0.000000 -4.387862
F 6.581793 2.193931 -6.581793
W 8.775724 0.000000 -8.775724
K 6.581793 -2.193931 -10.969655
N 4.387862 0.000000 -13.163586
F 6.581793 2.193931 -15.357517
Q 8.775724 4.387862 -13.163586
T 10.969655 2.193931 -10.969655


0.000000	103102301	1000111000011
10

Q 0.000000 0.000000 0.000000
Y 2.193931 2.193931 -2.193931
Q 4.387862 0.000000 -4.387862
F 6.581793 -2.193931 -2.193931
W 8.775724 0.000000 0.000000
K 6.581793 2.193931 2.193931
N 4.387862 0.000000 4.387862
F 6.581793 -2.193931 6.581793
Q 8.775724 -4.387862 4.387862
T 10.969655 -2.193931 2.193931


0.000000	210212101	0110000110010
10

Q 0.000000 0.000000 0.000000
Y 2.193931 2.193931 -2.193931
Q 4.387862 0.000000 -4.387862
F 6.581793 2.193931 -6.581793
W 8.775724 4.387862 -4.387862
K 10.969655 6.581793 -6.581793
N 13.163586 8.775724 -4.387862
F 10.969655 10.969655 -2.193931
Q 8.775724 8.775724 -0.000000
T 6.581793 6.581793 -2.193931


0.000000	032030301	0011010011001
10

Q 0.000000 0.000000 0.000000
Y 2.193931 2.193931 -2.193931
Q 4.387862 0.000000 -4.387862
F 6.581793 -2.193931 -2.193931
W 8.775724 -4.387862 -4.387862
K 10.969655 -6.581793 -2.193931
N 13.163586 -8.775724 -4.387862
F 10.969655 -10.969655 -6.581793
Q 8.775724 -8.775724 -8.775724
T 6.581793 -6.581793 -6.581793


0.000000	321323101	1101101101110
10

Q 0.000000 0.000000 0.000000
Y 2.193931 2.193931 -2.193931
Q 4.387862 0.000000 -4.387862
F 6.581793 2.193931 -6.581793
W 4.387862 4.387862 -8.775724
K 2.193931 2.193931 -10.969655
N 0.000000 4.387862 -13.163586
F 2.193931 6.581793 -15.357517
Q 4.387862 8.775724 -13.163586
T 6.581793 6.581793 -10.969655


0.000000	103101301	1000111000101
10

Q 0.000000 0.000000 0.000000
Y 2.193931 2.193931 -2.193931
Q 4.387862 0.000000 -4.387862
F 6.581793 -2.193931 -2.193931
W 4.387862 -4.387862 0.000000
K 2.193931 -2.193931 2.193931
N 0.000000 -4.387862 4.387862
F 2.193931 -6.581793 6.581793
Q 4.387862 -8.775724 4.387862
T 6.581793 -6.581793 2.193931


0.000000	032030101	0011010011000
10

Q 0.000000 0.000000 0.000000
Y 2.193931 2.193931 -2.193931
Q 4.387862 0.000000 -4.387862
F 6.581793 2.193931 -6.581793
W 8.775724 0.000000 -8.775724
K 10.969655 -2.193931 -6.581793
N 13.163586 -4.387862 -8.775724
F 10.969655 -6.581793 -10.969655
Q 8.775724 -4.387862 -13.163586
T 6.581793 -2.193931 -10.969655


0.000000	210212301	0110000110011
10

Q 0.000000 0.000000 0.000000
Y 2.193931 2.193931 -2.193931
Q 4.387862 0.000000 -4.387862
F 6.581793 -2.193931 -2.193931
W 8.775724 0.000000 0.000000
K 10.969655 2.193931 -2.193931
N 13.163586 4.387862 0.000000
F 10.969655 6.581793 2.193931
Q 8.775724 4.387862 4.387862
T 6.581793 2.193931 2.193931


0.000000	103132101	1000111011010
10

Q 0.000000 0.000000 0.000000
Y 2.193931 2.193931 -2.193931
Q 4.387862 0.000000 -4.387862
F 6.581793 2.193931 -6.581793
W 8.775724 4.387862 -4.387862
K 10.969655 2.193931 -2.193931
N 8.775724 0.000000 -0.000000
F 10.969655 -2.193931 2.193931
Q 13.163586 -4.387862 -0.000000
T 15.357517 -2.193931 -2.193931


0.000000	321310301	1101101110001
10

Q 0.000000 0.000000 0.000000
Y 2.193931 2.193931 -2.193931
Q 4.387862 0.000000 -4.387862
F 6.581793 -2.193931 -2.193931
W 8.775724 -4.387862 -4.387862
K 10.969655 -2.193931 -6.581793
N 8.775724 0.000000 -8.775724
F 10.969655 2.193931 -10.969655
Q 13.163586 4.387862 -8.775724
T 15.357517 2.193931 -6.581793


0.000000	210203101	0110000100110
10

Q 0.000000 0.000000 0.000000
Y 2.193931 2.193931 -2.193931
Q 4.387862 0.000000 -4.387862
F 6.581793 2.193931 -6.581793
W 4.387862 4.387862 -8.775724
K 2.193931 6.581793 -6.581793
N 4.387862 8.775724 -4.387862
F 2.193931 10.969655 -2.193931
Q 0.000000 8.775724 -0.000000
T -2.193931 6.581793 -2.193931


0.000000	032021301	0011010001101
10

Q 0.000000 0.000000 0.000000
Y 2.193931 2.193931 -2.193931
Q 4.387862 0.000000 -4.387862
F 6.581793 -2.193931 -2.193931
W 4.387862 -4.387862 0.000000
K 2.193931 -6.581793 -2.193931
N 4.387862 -8.775724 -4.387862
F 2.193931 -10.969655 -6.581793
Q 0.000000 -8.775724 -8.775724
T -2.193931 -6.581793 -6.581793


0.000000	321310101	1101101110000
10

Q 0.000000 0.000000 0.000000
Y 2.193931 2.193931 -2.193931
Q 4.387862 0.000000 -4.387862
F 6.581793 2.193931 -6.581793
W 8.775724 0.000000 -8.775724
K 10.969655 2.193931 -10.969655
N 8.775724 4.387862 -13.163586
F 10.969655 6.581793 -15.357517
Q 13.163586 8.775724 -13.163586
T 15.357517 6.581793 -10.969655


0.000000	103132301	1000111011011
10

Q 0.000000 0.000000 0.000000
Y 2.193931 2.193931 -2.193931
Q 4.387862 0.000000 -4.387862
F 6.581793 -2.193931 -2.193931
W 8.775724 0.000000 0.000000
K 10.969655 -2.193931 2.193931
N 8.775724 -4.387862 4.387862
F 10.969655 -6.581793 6.581793
Q 13.163586 -8.775724 4.387862
T 15.357517 -6.581793 2.193931


0.000000	210202101	0110000100010
10

Q 0.000000 0.000000 0.000000
Y 2.193931 2.193931 -2.193931
Q 4.387862 0.000000 -4.387862
F 6.581793 2.193931 -6.581793
W 8.775724 4.387862 -4.387862
K 6.581793 6.581793 -2.193931
N 8.775724 8.775724 -0.000000
F 6.581793 10.969655 2.193931
Q 4.387862 8.775724 4.387862
T 2.193931 6.581793 2.193931


0.000000	032020301	0011010001001
10

Q 0.000000 0.000000 0.000000
Y 2.193931 2.193931 -2.193931
Q 4.387862 0.000000 -4.387862
F 6.581793 -2.193931 -2.193931
W 8.775724 -4.387862 -4.387862
K 6.581793 -6.581793 -6.581793
N 8.775724 -8.775724 -8.775724
F 6.581793 -10.969655 -10.969655
Q 4.387862 -8.775724 -13.163586
T 2.193931 -6.581793 -10.969655


0.000000	321313101	1101101110110
10

Q 0.000000 0.000000 0.000000
Y 2.193931 2.193931 -2.193931
Q 4.387862 0.000000 -4.387862
F 6.581793 2.193931 -6.581793
W 4.387862 4.387862 -8.775724
K 6.581793 6.581793 -10.969655
N 4.387862 8.775724 -13.163586
F 6.581793 10.969655 -15.357517
Q 8.775724 13.163586 -13.163586
T 10.969655 10.969655 -10.969655


0.000000	103131301	1000111011101
10

Q 0.000000 0.000000 0.000000
Y 2.193931 2.193931 -2.193931
Q 4.387862 0.000000 -4.387862
F 6.581793 -2.193931 -2.193931
W 4.387862 -4.387862 0.000000
K 6.581793 -6.581793 2.193931
N 4.387862 -8.775724 4.387862
F 6.581793 -10.969655 6.581793
Q 8.775724 -13.163586 4.387862
T 10.969655 -10.969655 2.193931


0.000000	032020101	0011010001000
10

Q 0.000000 0.000000 0.000000
Y 2.193931 2.193931 -2.193931
Q 4.387862 0.000000 -4.387862
F 6.581793 2.193931 -6.581793
W 8.775724 0.000000 -8.775724
K 6.581793 -2.193931 -10.969655
N 8.775724 -4.387862 -13.163586
F 6.581793 -6.581793 -15.357517
Q 4.387862 -4.387862 -17.551448
T 2.193931 -2.193931 -15.357517


0.000000	210202301	0110000100011
10

Q 0.000000 0.000000 0.000000
Y 2.193931 2.193931 -2.193931
Q 4.387862 0.000000 -4.387862
F 6.581793 -2.193931 -2.193931
W 8.775724 0.000000 0.000000
K 6.581793 2.193931 2.193931
N 8.775724 4.387862 4.387862
F 6.581793 6.581793 6.581793
Q 4.387862 4.387862 8.775724
T 2.193931 2.193931 6.581793


0.000000	321312101	1101101110010
10

Q 0.000000 0.000000 0.000000
Y 2.193931 2.193931 -2.193931
Q 4.387862 0.000000 -4.387862
F 6.581793 2.193931 -6.581793
W 8.775724 4.387862 -4.387862
K 10.969655 6.581793 -6.581793
N 8.775724 8.775724 -8.775724
F 10.969655 10.969655 -10.969655
Q 13.163586 13.163586 -8.775724
T 15.357517 10.969655 -6.581793


0.000000	103130301	1000111011001
10

Q 0.000000 0.000000 0.000000
Y 2.193931 2.193931 -2.193931
Q 4.387862 0.000000 -4.387862
F 6.581793 -2.193931 -2.193931
W 8.775724 -4.387862 -4.387862
K 10.969655 -6.581793 -2.193931
N 8.775724 -8.775724 0.000000
F 10.969655 -10.969655 2.193931
Q 13.163586 -13.163586 0.000000
T 15.357517 -10.969655 -2.193931


0.000000	032023101	0011010001110
10

Q 0.000000 0.000000 0.000000
Y 2.193931 2.193931 -2.193931
Q 4.387862 0.000000 -4.387862
F 6.581793 2.193931 -6.581793
W 4.387862 4.387862 -8.775724
K 2.193931 2.193931 -10.969655
N 4.387862 0.000000 -13.163586
F 2.193931 -2.193931 -15.357517
Q 0.000000 0.000000 -17.551448
T -2.193931 2.193931 -15.357517


0.000000	210201301	0110000100101
10

Q 0.000000 0.000000 0.000000
Y 2.193931 2.193931 -2.193931
Q 4.387862 0.000000 -4.387862
F 6.581793 -2.193931 -2.193931
W 4.387862 -4.387862 0.000000
K 2.193931 -2.193931 2.193931
N 4.387862 0.000000 4.387862
F 2.193931 2.193931 6.581793
Q 0.000000 0.000000 8.775724
T -2.193931 -2.193931 6.581793


0.000000	103130101	1000111011000
10

Q 0.000000 0.000000 0.000000
Y 2.193931 2.193931 -2.193931
Q 4.387862 0.000000 -4.387862
F 6.581793 2.193931 -6.581793
W 8.775724 0.000000 -8.775724
K 10.969655 -2.193931 -6.581793
N 8.775724 -4.387862 -4.387862
F 10.969655 -6.581793 -2.193931
Q 13.163586 -8.775724 -4.387862
T 15.357517 -6.581793 -6.581793


0.000000	321312301	1101101110011
10

Q 0.000000 0.000000 0.000000
Y 2.193931 2.193931 -2.193931
Q 4.387862 0.000000 -4.387862
F 6.581793 -2.193931 -2.193931
W 8.775724 0.000000 0.000000
K 10.969655 2.193931 -2.193931
N 8.775724 4.387862 -4.387862
F 10.969655 6.581793 -6.581793
Q 13.163586 8.775724 -4.387862
T 15.357517 6.581793 -2.193931


0.000000	210232101	0110000111010
10

Q 0.000000 0.000000 0.000000
Y 2.193931 2.193931 -2.193931
Q 4.387862 0.000000 -4.387862
F 6.581793 2.193931 -6.581793
W 8.775724 4.387862 -4.387862
K 10.969655 2.193931 -2.193931
N 13.163586 4.387862 -0.000000
F 10.969655 6.581793 2.193931
Q 8.775724 4.387862 4.387862
T 6.581793 2.193931 2.193931


0.000000	032010301	0011010010001
10

Q 0.000000 0.000000 0.000000
Y 2.193931 2.193931 -2.193931
Q 4.387862 0.000000 -4.387862
F 6.581793 -2.193931 -2.193931
W 8.775724 -4.387862 -4.387862
K 10.969655 -2.193931 -6.581793
N 13.163586 -4.387862 -8.775724
F 10.969655 -6.581793 -10.969655
Q 8.775724 -4.387862 -13.163586
T 6.581793 -2.193931 -10.969655


0.000000	321303101	1101101100110
10

Q 0.000000 0.000000 0.000000
Y 2.193931 2.193931 -2.193931
Q 4.387862 0.000000 -4.387862
F 6.581793 2.193931 -6.581793
W 4.387862 4.387862 -8.775724
K 2.193931 6.581793 -6.581793
N 0.000000 8.775724 -8.775724
F 2.193931 10.969655 -10.969655
Q 4.387862 13.163586 -8.775724
T 6.581793 10.969655 -6.581793


0.000000	103121301	1000111001101
10

Q 0.000000 0.000000 0.000000
Y 2.193931 2.193931 -2.193931
Q 4.387862 0.000000 -4.387862
F 6.581793 -2.193931 -2.193931
W 4.387862 -4.387862 0.000000
K 2.193931 -6.581793 -2.193931
N 0.000000 -8.775724 0.000000
F 2.193931 -10.969655 2.193931
Q 4.387862 -13.163586 0.000000
T 6.581793 -10.969655 -2.193931


0.000000	032010101	0011010010000
10

Q 0.000000 0.000000 0.000000
Y 2.193931 2.193931 -2.193931
Q 4.387862 0.000000 -4.387862
F 6.581793 2.193931 -6.581793
W 8.775724 0.000000 -8.775724
K 10.969655 2.193931 -10.969655
N 13.163586 0.000000 -13.163586
F 10.969655 -2.193931 -15.357517
Q 8.775724 0.000000 -17.551448
T 6.581793 2.193931 -15.357517


0.000000	210232301	0110000111011
10

Q 0.000000 0.000000 0.000000
Y 2.193931 2.193931 -2.193931
Q 4.387862 0.000000 -4.387862
F 6.581793 -2.193931 -2.193931
W 8.775724 0.000000 0.000000
K 10.969655 -2.193931 2.193931
N 13.163586 0.000000 4.387862
F 10.969655 2.193931 6.581793
Q 8.775724 0.000000 8.775724
T 6.581793 -2.193931 6.581793


0.000000	321302101	1101101100010
10

Q 0.000000 0.000000 0.000000
Y 2.193931 2.193931 -2.193931
Q 4.387862 0.000000 -4.387862
F 6.581793 2.193931 -6.581793
W 8.775724 4.387862 -4.387862
K 6.581793 6.581793 -2.193931
N 4.387862 8.775724 -4.387862
F 6.581793 10.969655 -6.581793
Q 8.775724 13.163586 -4.387862
T 10.969655 10.969655 -2.193931


0.000000	103120301	1000111001001
10

Q 0.000000 0.000000 0.000000
Y 2.193931 2.193931 -2.193931
Q 4.387862 0.000000 -4.387862
F 6.581793 -2.193931 -2.193931
W 8.775724 -4.387862 -4.387862
K 6.581793 -6.581793 -6.581793
N 4.387862 -8.775724 -4.387862
F 6.581793 -10.969655 -2.193931
Q 8.775724 -13.163586 -4.387862
T 10.969655 -10.969655 -6.581793


0.000000	032013101	0011010010110
10

Q 0.000000 0.000000 0.000000
Y 2.193931 2.193931 -2.193931
Q 4.387862 0.000000 -4.387862
F 6.581793 2.193931 -6.581793
W 4.387862 4.387862 -8.775724
K 6.581793 6.581793 -10.969655
N 8.775724 4.387862 -13.163586
F 6.581793 2.193931 -15.357517
Q 4.387862 4.387862 -17.551448
T 2.193931 6.581793 -15.357517


0.000000	210231301	0110000111101
10

Q 0.000000 0.000000 0.000000
Y 2.193931 2.193931 -2.193931
Q 4.387862 0.000000 -4.387862
F 6.581793 -2.193931 -2.193931
W 4.387862 -4.387862 0.000000
K 6.581793 -6.581793 2.193931
N 8.775724 -4.387862 4.387862
F 6.581793 -2.193931 6.581793
Q 4.387862 -4.387862 8.775724
T 2.193931 -6.581793 6.581793


0.000000	103120101	1000111001000
10

Q 0.000000 0.000000 0.000000
Y 2.193931 2.193931 -2.193931
Q 4.387862 0.000000 -4.387862
F 6.581793 2.193931 -6.581793
W 8.775724 0.000000 -8.775724
K 6.581793 -2.193931 -10.969655
N 4.387862 -4.387862 -8.775724
F 6.581793 -6.581793 -6.581793
Q 8.775724 -8.775724 -8.775724
T 10.969655 -6.581793 -10.969655


0.000000	321302301	1101101100011
10

Q 0.000000 0.000000 0.000000
Y 2.193931 2.193931 -2.193931
Q 4.387862 0.000000 -4.387862
F 6.581793 -2.193931 -2.193931
W 8.775724 0.000000 0.000000
K 6.581793 2.193931 2.193931
N 4.387862 4.387862 0.000000
F 6.581793 6.581793 -2.193931
Q 8.775724 8.775724 0.000000
T 10.969655 6.581793 2.193931


0.000000	032012101	0011010010010
10

Q 0.000000 0.000000 0.000000
Y 2.193931 2.193931 -2.193931
Q 4.387862 0.000000 -4.387862
F 6.581793 2.193931 -6.581793
W 8.775724 4.387862 -4.387862
K 10.969655 6.581793 -6.581793
N 13.163586 4.387862 -8.775724
F 10.969655 2.193931 -10.969655
Q 8.775724 4.387862 -13.163586
T 6.581793 6.581793 -10.969655


0.000000	210230301	0110000111001
10

Q 0.000000 0.000000 0.000000
Y 2.193931 2.193931 -2.193931
Q 4.387862 0.000000 -4.387862
F 6.581793 -2.193931 -2.193931
W 8.775724 -4.387862 -4.387862
K 10.969655 -6.581793 -2.193931
N 13.163586 -4.387862 0.000000
F 10.969655 -2.193931 2.193931
Q 8.775724 -4.387862 4.387862
T 6.581793 -6.581793 2.193931


0.000000	103123101	1000111001110
10

Q 0.000000 0.000000 0.000000
Y 2.193931 2.193931 -2.193931
Q 4.387862 0.000000 -4.387862
F 6.581793 2.193931 -6.581793
W 4.387862 4.387862 -8.775724
K 2.193931 2.193931 -10.969655
N 0.000000 0.000000 -8.775724
F 2.193931 -2.193931 -6.581793
Q 4.387862 -4.387862 -8.775724
T 6.581793 -2.193931 -10.969655


0.000000	210230101	0110000111000
10

Q 0.000000 0.000000 0.000000
Y 2.193931 2.193931 -2.193931
Q 4.387862 0.000000 -4.387862
F 6.581793 2.193931 -6.581793
W 8.775724 0.000000 -8.775724
K 10.969655 -2.193931 -6.581793
N 13.163586 0.000000 -4.387862
F 10.969655 2.193931 -2.193931
Q 8.775724 0.000000 -0.000000
T 6.581793 -2.193931 -2.193931


0.000000	032012301	0011010010011
10

Q 0.000000 0.000000 0.000000
Y 2.193931 2.193931 -2.193931
Q 4.387862 0.000000 -4.387862
F 6.581793 -2.193931 -2.193931
W 8.775724 0.000000 0.000000
K 10.969655 2.193931 -2.193931
N 13.163586 0.000000 -4.387862
F 10.969655 -2.193931 -6.581793
Q 8.775724 0.000000 -8.775724
T 6.581793 2.193931 -6.581793


0.000000	103032101	1000110011010
10

Q 0.000000 0.000000 0.000000
Y 2.193931 2.193931 -2.193931
Q 4.387862 0.000000 -4.387862
F 6.581793 2.193931 -6.581793
W 8.775724 4.387862 -4.387862
K 10.969655 2.193931 -2.193931
N 13.163586 0.000000 -4.387862
F 15.357517 -2.193931 -2.193931
Q 17.551448 -4.387862 -4.387862
T 19.745379 -2.193931 -6.581793


0.000000	321210301	1101100110001
10

Q 0.000000 0.000000 0.000000
Y 2.193931 2.193931 -2.193931
Q 4.387862 0.000000 -4.387862
F 6.581793 -2.193931 -2.193931
W 8.775724 -4.387862 -4.387862
K 10.969655 -2.193931 -6.581793
N 13.163586 0.000000 -4.387862
F 15.357517 2.193931 -6.581793
Q 17.551448 4.387862 -4.387862
T 19.745379 2.193931 -2.193931


0.000000	210103101	0110001000110
10

Q 0.000000 0.000000 0.000000
Y 2.193931 2.193931 -2.193931
Q 4.387862 0.000000 -4.387862
F 6.581793 2.193931 -6.581793
W 4.387862 4.387862 -8.775724
K 2.193931 6.581793 -6.581793
N 0.000000 4.387862 -4.387862
F -2.193931 6.581793 -2.193931
Q -4.387862 4.387862 -0.000000
T -6.581793 2.193931 -2.193931


0.000000	032321301	0011011101101
10

Q 0.000000 0.000000 0.000000
Y 2.193931 2.193931 -2.193931
Q 4.387862 0.000000 -4.387862
F 6.581793 -2.193931 -2.193931
W 4.387862 -4.387862 0.000000
K 2.193931 -6.581793 -2.193931
N 0.000000 -4.387862 -4.387862
F -2.193931 -6.581793 -6.581793
Q -4.387862 -4.387862 -8.775724
T -6.581793 -2.193931 -6.581793


0.000000	321210101	1101100110000
10

Q 0.000000 0.000000 0.000000
Y 2.193931 2.193931 -2.193931
Q 4.387862 0.000000 -4.387862
F 6.581793 2.193931 -6.581793
W 8.775724 0.000000 -8.775724
K 10.969655 2.193931 -10.969655
N 13.163586 4.387862 -8.775724
F 15.357517 6.581793 -10.969655
Q 17.551448 8.775724 -8.775724
T 19.745379 6.581793 -6.581793


