-48.900000	a087462a0
10

Y 0.000000 0.000000 0.000000
Y 2.687006 2.687006 0.000000
D 0.000000 2.687006 -2.687006
P 0.000000 5.374012 0.000000
E -2.687006 2.687006 0.000000
T 0.000000 2.687006 2.687006
G 2.687006 0.000000 2.687006
T 2.687006 -2.687006 0.000000
W 5.374012 0.000000 0.000000
Y 2.687006 0.000000 -2.687006


-48.900000	a15489b10
10

Y 0.000000 0.000000 0.000000
Y 2.687006 2.687006 0.000000
D 0.000000 5.374012 0.000000
P -2.687006 5.374012 2.687006
E -2.687006 2.687006 5.374012
T -2.687006 0.000000 2.687006
G 0.000000 0.000000 5.374012
T 2.687006 0.000000 2.687006
W 0.000000 2.687006 2.687006
Y -2.687006 2.687006 0.000000


-48.900000	3657462a0
10

Y 0.000000 0.000000 0.000000
Y 2.687006 2.687006 0.000000
D 0.000000 2.687006 -2.687006
P 0.000000 5.374012 0.000000
E -2.687006 2.687006 0.000000
T 0.000000 2.687006 2.687006
G 2.687006 0.000000 2.687006
T 5.374012 0.000000 0.000000
W 2.687006 -2.687006 0.000000
Y 2.687006 0.000000 -2.687006


-48.900000	b14598a10
10

Y 0.000000 0.000000 0.000000
Y 2.687006 2.687006 0.000000
D 0.000000 5.374012 0.000000
P -2.687006 5.374012 -2.687006
E -2.687006 2.687006 -5.374012
T -2.687006 0.000000 -2.687006
G 0.000000 0.000000 -5.374012
T 2.687006 0.000000 -2.687006
W 0.000000 2.687006 -2.687006
Y -2.687006 2.687006 0.000000


-48.900000	13b857910
10

Y 0.000000 0.000000 0.000000
Y 2.687006 2.687006 0.000000
D 0.000000 5.374012 0.000000
P 0.000000 2.687006 2.687006
E 2.687006 0.000000 2.687006
T 5.374012 0.000000 0.000000
G 5.374012 -2.687006 -2.687006
T 2.687006 -2.687006 0.000000
W 2.687006 0.000000 -2.687006
Y 0.000000 2.687006 -2.687006


-48.900000	12a947810
10

Y 0.000000 0.000000 0.000000
Y 2.687006 2.687006 0.000000
D 0.000000 5.374012 0.000000
P 0.000000 2.687006 -2.687006
E 2.687006 0.000000 -2.687006
T 5.374012 0.000000 0.000000
G 5.374012 -2.687006 2.687006
T 2.687006 -2.687006 0.000000
W 2.687006 0.000000 2.687006
Y 0.000000 2.687006 2.687006


-48.900000	1b3497810
10

Y 0.000000 0.000000 0.000000
Y 2.687006 2.687006 0.000000
D 0.000000 5.374012 0.000000
P 0.000000 2.687006 -2.687006
E 2.687006 0.000000 -2.687006
T 2.687006 -2.687006 0.000000
G 5.374012 -2.687006 2.687006
T 5.374012 0.000000 0.000000
W 2.687006 0.000000 2.687006
Y 0.000000 2.687006 2.687006


-48.900000	1a2587910
10

Y 0.000000 0.000000 0.000000
Y 2.687006 2.687006 0.000000
D 0.000000 5.374012 0.000000
P 0.000000 2.687006 2.687006
E 2.687006 0.000000 2.687006
T 2.687006 -2.687006 0.000000
G 5.374012 -2.687006 -2.687006
T 5.374012 0.000000 0.000000
W 2.687006 0.000000 -2.687006
Y 0.000000 2.687006 -2.687006


-48.900000	38b9725a0
10

Y 0.000000 0.000000 0.000000
Y 2.687006 2.687006 0.000000
D 0.000000 2.687006 -2.687006
P 2.687006 2.687006 -5.374012
E 2.687006 5.374012 -2.687006
T 5.374012 2.687006 -2.687006
G 5.374012 0.000000 0.000000
T 2.687006 0.000000 2.687006
W 2.687006 -2.687006 0.000000
Y 2.687006 0.000000 -2.687006


-48.900000	38b9480a0
10

Y 0.000000 0.000000 0.000000
Y 2.687006 2.687006 0.000000
D 0.000000 2.687006 -2.687006
P 2.687006 5.374012 -2.687006
E 2.687006 2.687006 -5.374012
T 5.374012 2.687006 -2.687006
G 5.374012 0.000000 0.000000
T 2.687006 0.000000 2.687006
W 2.687006 -2.687006 0.000000
Y 2.687006 0.000000 -2.687006


-48.900000	1637942a0
10

Y 0.000000 0.000000 0.000000
Y 2.687006 2.687006 0.000000
D 0.000000 2.687006 -2.687006
P 0.000000 5.374012 0.000000
E 2.687006 5.374012 2.687006
T 2.687006 2.687006 5.374012
G 5.374012 0.000000 5.374012
T 5.374012 2.687006 2.687006
W 2.687006 0.000000 2.687006
Y 0.000000 2.687006 2.687006


-48.900000	151479ba0
10

Y 0.000000 0.000000 0.000000
Y 2.687006 2.687006 0.000000
D 0.000000 2.687006 -2.687006
P -2.687006 2.687006 0.000000
E -2.687006 0.000000 2.687006
T 0.000000 -2.687006 2.687006
G 2.687006 -2.687006 5.374012
T 0.000000 0.000000 5.374012
W 2.687006 0.000000 2.687006
Y 0.000000 2.687006 2.687006


-48.900000	151479610
10

Y 0.000000 0.000000 0.000000
Y 2.687006 2.687006 0.000000
D 0.000000 5.374012 0.000000
P -2.687006 2.687006 0.000000
E -2.687006 0.000000 2.687006
T 0.000000 -2.687006 2.687006
G 2.687006 -2.687006 5.374012
T 0.000000 0.000000 5.374012
W 2.687006 0.000000 2.687006
Y 0.000000 2.687006 2.687006


-48.900000	365790ba0
10

Y 0.000000 0.000000 0.000000
Y 2.687006 2.687006 0.000000
D 0.000000 2.687006 -2.687006
P -2.687006 2.687006 0.000000
E 0.000000 5.374012 0.000000
T 0.000000 2.687006 2.687006
G 2.687006 0.000000 2.687006
T 5.374012 0.000000 0.000000
W 2.687006 -2.687006 0.000000
Y 2.687006 0.000000 -2.687006


-48.900000	141578610
10

Y 0.000000 0.000000 0.000000
Y 2.687006 2.687006 0.000000
D 0.000000 5.374012 0.000000
P -2.687006 2.687006 0.000000
E -2.687006 0.000000 -2.687006
T 0.000000 -2.687006 -2.687006
G 2.687006 -2.687006 -5.374012
T 0.000000 0.000000 -5.374012
W 2.687006 0.000000 -2.687006
Y 0.000000 2.687006 -2.687006


-48.900000	a0ab89410
10

Y 0.000000 0.000000 0.000000
Y 2.687006 2.687006 0.000000
D 0.000000 5.374012 0.000000
P 2.687006 5.374012 2.687006
E 2.687006 2.687006 5.374012
T 2.687006 0.000000 2.687006
G 0.000000 0.000000 5.374012
T -2.687006 0.000000 2.687006
W 0.000000 2.687006 2.687006
Y -2.687006 2.687006 0.000000


-48.900000	a08790ba0
10

Y 0.000000 0.000000 0.000000
Y 2.687006 2.687006 0.000000
D 0.000000 2.687006 -2.687006
P -2.687006 2.687006 0.000000
E 0.000000 5.374012 0.000000
T 0.000000 2.687006 2.687006
G 2.687006 0.000000 2.687006
T 2.687006 -2.687006 0.000000
W 5.374012 0.000000 0.000000
Y 2.687006 0.000000 -2.687006


-48.900000	b0ba98510
10

Y 0.000000 0.000000 0.000000
Y 2.687006 2.687006 0.000000
D 0.000000 5.374012 0.000000
P 2.687006 5.374012 -2.687006
E 2.687006 2.687006 -5.374012
T 2.687006 0.000000 -2.687006
G 0.000000 0.000000 -5.374012
T -2.687006 0.000000 -2.687006
W 0.000000 2.687006 -2.687006
Y -2.687006 2.687006 0.000000


-48.900000	10b758610
10

Y 0.000000 0.000000 0.000000
Y 2.687006 2.687006 0.000000
D 0.000000 5.374012 0.000000
P -2.687006 2.687006 0.000000
E -2.687006 0.000000 -2.687006
T 0.000000 0.000000 -5.374012
G 2.687006 -2.687006 -5.374012
T 0.000000 -2.687006 -2.687006
W 2.687006 0.000000 -2.687006
Y 0.000000 2.687006 -2.687006


-48.900000	10a749ba0
10

Y 0.000000 0.000000 0.000000
Y 2.687006 2.687006 0.000000
D 0.000000 2.687006 -2.687006
P -2.687006 2.687006 0.000000
E -2.687006 0.000000 2.687006
T 0.000000 0.000000 5.374012
G 2.687006 -2.687006 5.374012
T 0.000000 -2.687006 2.687006
W 2.687006 0.000000 2.687006
Y 0.000000 2.687006 2.687006


-48.900000	10a749610
10

Y 0.000000 0.000000 0.000000
Y 2.687006 2.687006 0.000000
D 0.000000 5.374012 0.000000
P -2.687006 2.687006 0.000000
E -2.687006 0.000000 2.687006
T 0.000000 0.000000 5.374012
G 2.687006 -2.687006 5.374012
T 0.000000 -2.687006 2.687006
W 2.687006 0.000000 2.687006
Y 0.000000 2.687006 2.687006


-48.900000	1819742a0
10

Y 0.000000 0.000000 0.000000
Y 2.687006 2.687006 0.000000
D 0.000000 2.687006 -2.687006
P 0.000000 5.374012 0.000000
E 2.687006 5.374012 2.687006
T 5.374012 2.687006 2.687006
G 5.374012 0.000000 5.374012
T 2.687006 2.687006 5.374012
W 2.687006 0.000000 2.687006
Y 0.000000 2.687006 2.687006


-48.900000	a524956a0
10

Y 0.000000 0.000000 0.000000
Y 2.687006 2.687006 0.000000
D 0.000000 2.687006 -2.687006
P -2.687006 0.000000 -2.687006
E 0.000000 0.000000 -5.374012
T 0.000000 -2.687006 -2.687006
G 2.687006 -2.687006 0.000000
T 2.687006 0.000000 2.687006
W 5.374012 0.000000 0.000000
Y 2.687006 0.000000 -2.687006


-48.900000	a5247b8a0
10

Y 0.000000 0.000000 0.000000
Y 2.687006 2.687006 0.000000
D 0.000000 2.687006 -2.687006
P 0.000000 0.000000 -5.374012
E -2.687006 0.000000 -2.687006
T 0.000000 -2.687006 -2.687006
G 2.687006 -2.687006 0.000000
T 2.687006 0.000000 2.687006
W 5.374012 0.000000 0.000000
Y 2.687006 0.000000 -2.687006
