-27.010000	9432963a0
10

Q 0.000000 0.000000 0.000000
Y 2.687006 2.687006 0.000000
Q 0.000000 2.687006 -2.687006
F 0.000000 5.374012 -5.374012
W -2.687006 2.687006 -5.374012
K -2.687006 0.000000 -2.687006
N -2.687006 2.687006 0.000000
F -2.687006 5.374012 -2.687006
Q 0.000000 5.374012 0.000000
T 0.000000 2.687006 2.687006


-27.010000	b369852a0
10

Q 0.000000 0.000000 0.000000
Y 2.687006 2.687006 0.000000
Q 0.000000 2.687006 -2.687006
F 0.000000 5.374012 0.000000
W 2.687006 5.374012 -2.687006
K 2.687006 2.687006 -5.374012
N 2.687006 0.000000 -2.687006
F 0.000000 -2.687006 -2.687006
Q 0.000000 0.000000 -5.374012
T -2.687006 0.000000 -2.687006


-27.010000	a0786b0a0
10

Q 0.000000 0.000000 0.000000
Y 2.687006 2.687006 0.000000
Q 0.000000 2.687006 -2.687006
F 2.687006 5.374012 -2.687006
W 0.000000 5.374012 0.000000
K -2.687006 2.687006 0.000000
N -2.687006 0.000000 -2.687006
F 0.000000 -2.687006 -2.687006
Q 2.687006 0.000000 -2.687006
T 0.000000 0.000000 -5.374012


-27.010000	64586b0a0
10

Q 0.000000 0.000000 0.000000
Y 2.687006 2.687006 0.000000
Q 0.000000 2.687006 -2.687006
F 2.687006 5.374012 -2.687006
W 0.000000 5.374012 0.000000
K -2.687006 2.687006 0.000000
N -2.687006 0.000000 -2.687006
F 0.000000 0.000000 -5.374012
Q 2.687006 0.000000 -2.687006
T 0.000000 -2.687006 -2.687006
