-57.930000	0b49a5640
10

Q 0.000000 0.000000 0.000000
Y 2.687006 2.687006 0.000000
Q 5.374012 2.687006 2.687006
F 2.687006 0.000000 2.687006
W 5.374012 0.000000 0.000000
K 2.687006 0.000000 -2.687006
N 2.687006 -2.687006 0.000000
F 5.374012 -2.687006 2.687006
Q 2.687006 -2.687006 5.374012
T 5.374012 0.000000 5.374012


-57.930000	a76901640
10

Q 0.000000 0.000000 0.000000
Y 2.687006 2.687006 0.000000
Q 5.374012 2.687006 2.687006
F 2.687006 0.000000 2.687006
W 0.000000 2.687006 2.687006
K 2.687006 5.374012 2.687006
N 2.687006 2.687006 5.374012
F 0.000000 0.000000 5.374012
Q 2.687006 -2.687006 5.374012
T 0.000000 -2.687006 2.687006


-57.930000	367ab42a0
10

Q 0.000000 0.000000 0.000000
Y 2.687006 2.687006 0.000000
Q 0.000000 2.687006 -2.687006
F 0.000000 5.374012 0.000000
W 2.687006 5.374012 2.687006
K 0.000000 5.374012 5.374012
N -2.687006 5.374012 2.687006
F 0.000000 2.687006 2.687006
Q -2.687006 0.000000 2.687006
T -2.687006 2.687006 0.000000


-57.930000	3676142a0
10

Q 0.000000 0.000000 0.000000
Y 2.687006 2.687006 0.000000
Q 0.000000 2.687006 -2.687006
F 0.000000 5.374012 0.000000
W 2.687006 5.374012 2.687006
K 0.000000 8.061017 2.687006
N -2.687006 5.374012 2.687006
F 0.000000 2.687006 2.687006
Q -2.687006 0.000000 2.687006
T -2.687006 2.687006 0.000000


-57.930000	2743a7640
10

Q 0.000000 0.000000 0.000000
Y 2.687006 2.687006 0.000000
Q 5.374012 2.687006 2.687006
F 2.687006 0.000000 2.687006
W 5.374012 -2.687006 2.687006
K 2.687006 -2.687006 0.000000
N 2.687006 0.000000 -2.687006
F 5.374012 0.000000 0.000000
Q 8.061017 -2.687006 0.000000
T 8.061017 0.000000 2.687006


-57.930000	031648510
10

Q 0.000000 0.000000 0.000000
Y 2.687006 2.687006 0.000000
Q 0.000000 5.374012 0.000000
F 2.687006 5.374012 -2.687006
W 2.687006 2.687006 -5.374012
K 5.374012 2.687006 -2.687006
N 2.687006 0.000000 -2.687006
F 0.000000 2.687006 -2.687006
Q 0.000000 5.374012 -5.374012
T 2.687006 8.061017 -5.374012


-57.930000	8b630b640
10

Q 0.000000 0.000000 0.000000
Y 2.687006 2.687006 0.000000
Q 5.374012 2.687006 2.687006
F 2.687006 0.000000 2.687006
W 0.000000 0.000000 5.374012
K 2.687006 2.687006 5.374012
N 2.687006 5.374012 2.687006
F 0.000000 2.687006 2.687006
Q -2.687006 2.687006 5.374012
T -2.687006 0.000000 2.687006


-57.930000	021659410
10

Q 0.000000 0.000000 0.000000
Y 2.687006 2.687006 0.000000
Q 0.000000 5.374012 0.000000
F 2.687006 5.374012 2.687006
W 2.687006 2.687006 5.374012
K 5.374012 2.687006 2.687006
N 2.687006 0.000000 2.687006
F 0.000000 2.687006 2.687006
Q 0.000000 5.374012 5.374012
T 2.687006 8.061017 5.374012


-57.930000	631648510
10

Q 0.000000 0.000000 0.000000
Y 2.687006 2.687006 0.000000
Q 0.000000 5.374012 0.000000
F 2.687006 5.374012 -2.687006
W 2.687006 2.687006 -5.374012
K 5.374012 2.687006 -2.687006
N 2.687006 0.000000 -2.687006
F 0.000000 2.687006 -2.687006
Q 0.000000 5.374012 -5.374012
T -2.687006 2.687006 -5.374012


-57.930000	621659410
10

Q 0.000000 0.000000 0.000000
Y 2.687006 2.687006 0.000000
Q 0.000000 5.374012 0.000000
F 2.687006 5.374012 2.687006
W 2.687006 2.687006 5.374012
K 5.374012 2.687006 2.687006
N 2.687006 0.000000 2.687006
F 0.000000 2.687006 2.687006
Q 0.000000 5.374012 5.374012
T -2.687006 2.687006 5.374012
