-57.470000	b83629840
10

Q 0.000000 0.000000 0.000000
Y 2.687006 2.687006 0.000000
Q 5.374012 2.687006 2.687006
F 5.374012 0.000000 0.000000
W 5.374012 -2.687006 2.687006
K 5.374012 0.000000 5.374012
N 2.687006 -2.687006 5.374012
F 2.687006 0.000000 2.687006
Q 2.687006 -2.687006 0.000000
T 0.000000 -2.687006 2.687006


-57.470000	733b07910
10

Q 0.000000 0.000000 0.000000
Y 2.687006 2.687006 0.000000
Q 0.000000 5.374012 0.000000
F 0.000000 2.687006 2.687006
W 2.687006 0.000000 2.687006
K 5.374012 2.687006 2.687006
N 2.687006 2.687006 5.374012
F 2.687006 5.374012 2.687006
Q 2.687006 8.061017 0.000000
T 5.374012 5.374012 0.000000


-57.470000	722a07810
10

Q 0.000000 0.000000 0.000000
Y 2.687006 2.687006 0.000000
Q 0.000000 5.374012 0.000000
F 0.000000 2.687006 -2.687006
W 2.687006 0.000000 -2.687006
K 5.374012 2.687006 -2.687006
N 2.687006 2.687006 -5.374012
F 2.687006 5.374012 -2.687006
Q 2.687006 8.061017 0.000000
T 5.374012 5.374012 0.000000


-57.470000	099a70810
10

Q 0.000000 0.000000 0.000000
Y 2.687006 2.687006 0.000000
Q 0.000000 5.374012 0.000000
F 0.000000 2.687006 -2.687006
W 2.687006 5.374012 -2.687006
K 5.374012 2.687006 -2.687006
N 2.687006 2.687006 -5.374012
F 2.687006 0.000000 -2.687006
Q 2.687006 -2.687006 0.000000
T 5.374012 0.000000 0.000000


-57.470000	3b07b62a0
10

Q 0.000000 0.000000 0.000000
Y 2.687006 2.687006 0.000000
Q 0.000000 2.687006 -2.687006
F 0.000000 5.374012 0.000000
W -2.687006 2.687006 0.000000
K -5.374012 2.687006 2.687006
N -2.687006 0.000000 2.687006
F 0.000000 2.687006 2.687006
Q -2.687006 2.687006 5.374012
T -2.687006 5.374012 2.687006


-57.470000	088b70910
10

Q 0.000000 0.000000 0.000000
Y 2.687006 2.687006 0.000000
Q 0.000000 5.374012 0.000000
F 0.000000 2.687006 2.687006
W 2.687006 5.374012 2.687006
K 5.374012 2.687006 2.687006
N 2.687006 2.687006 5.374012
F 2.687006 0.000000 2.687006
Q 2.687006 -2.687006 0.000000
T 5.374012 0.000000 0.000000
