-57.650000	9252a6910
10

Q 0.000000 0.000000 0.000000
Y 2.687006 2.687006 0.000000
Q 0.000000 5.374012 0.000000
F 0.000000 2.687006 2.687006
W -2.687006 0.000000 2.687006
K -5.374012 0.000000 0.000000
N -5.374012 2.687006 2.687006
F -2.687006 2.687006 0.000000
Q -2.687006 5.374012 2.687006
T -2.687006 2.687006 5.374012


-57.650000	165642610
10

Q 0.000000 0.000000 0.000000
Y 2.687006 2.687006 0.000000
Q 0.000000 5.374012 0.000000
F -2.687006 2.687006 0.000000
W -2.687006 5.374012 2.687006
K 0.000000 5.374012 5.374012
N -2.687006 2.687006 5.374012
F 0.000000 2.687006 2.687006
Q -2.687006 0.000000 2.687006
T -5.374012 2.687006 2.687006


-57.650000	164653610
10

Q 0.000000 0.000000 0.000000
Y 2.687006 2.687006 0.000000
Q 0.000000 5.374012 0.000000
F -2.687006 2.687006 0.000000
W -2.687006 5.374012 -2.687006
K 0.000000 5.374012 -5.374012
N -2.687006 2.687006 -5.374012
F 0.000000 2.687006 -2.687006
Q -2.687006 0.000000 -2.687006
T -5.374012 2.687006 -2.687006


-57.650000	3848b1810
10

Q 0.000000 0.000000 0.000000
Y 2.687006 2.687006 0.000000
Q 0.000000 5.374012 0.000000
F 0.000000 2.687006 -2.687006
W -2.687006 5.374012 -2.687006
K -5.374012 5.374012 0.000000
N -5.374012 2.687006 -2.687006
F -2.687006 2.687006 0.000000
Q -2.687006 0.000000 -2.687006
T -2.687006 2.687006 -5.374012


-57.650000	15a970810
10

Q 0.000000 0.000000 0.000000
Y 2.687006 2.687006 0.000000
Q 0.000000 5.374012 0.000000
F 0.000000 2.687006 -2.687006
W 2.687006 5.374012 -2.687006
K 5.374012 2.687006 -2.687006
N 5.374012 0.000000 0.000000
F 2.687006 0.000000 -2.687006
Q 5.374012 0.000000 -5.374012
T 2.687006 2.687006 -5.374012


-57.650000	14b870910
10

Q 0.000000 0.000000 0.000000
Y 2.687006 2.687006 0.000000
Q 0.000000 5.374012 0.000000
F 0.000000 2.687006 2.687006
W 2.687006 5.374012 2.687006
K 5.374012 2.687006 2.687006
N 5.374012 0.000000 0.000000
F 2.687006 0.000000 2.687006
Q 5.374012 0.000000 5.374012
T 2.687006 2.687006 5.374012


-57.650000	615149610
10

Q 0.000000 0.000000 0.000000
Y 2.687006 2.687006 0.000000
Q 0.000000 5.374012 0.000000
F -2.687006 2.687006 0.000000
W -2.687006 0.000000 2.687006
K 0.000000 0.000000 5.374012
N -2.687006 2.687006 5.374012
F 0.000000 2.687006 2.687006
Q -2.687006 5.374012 2.687006
T -5.374012 2.687006 2.687006


-57.650000	614158610
10

Q 0.000000 0.000000 0.000000
Y 2.687006 2.687006 0.000000
Q 0.000000 5.374012 0.000000
F -2.687006 2.687006 0.000000
W -2.687006 0.000000 -2.687006
K 0.000000 0.000000 -5.374012
N -2.687006 2.687006 -5.374012
F 0.000000 2.687006 -2.687006
Q -2.687006 5.374012 -2.687006
T -5.374012 2.687006 -2.687006


-57.650000	8343b6810
10

Q 0.000000 0.000000 0.000000
Y 2.687006 2.687006 0.000000
Q 0.000000 5.374012 0.000000
F 0.000000 2.687006 -2.687006
W -2.687006 0.000000 -2.687006
K -5.374012 0.000000 0.000000
N -5.374012 2.687006 -2.687006
F -2.687006 2.687006 0.000000
Q -2.687006 5.374012 -2.687006
T -2.687006 2.687006 -5.374012


-57.650000	2959a1910
10

Q 0.000000 0.000000 0.000000
Y 2.687006 2.687006 0.000000
Q 0.000000 5.374012 0.000000
F 0.000000 2.687006 2.687006
W -2.687006 5.374012 2.687006
K -5.374012 5.374012 0.000000
N -5.374012 2.687006 2.687006
F -2.687006 2.687006 0.000000
Q -2.687006 0.000000 2.687006
T -2.687006 2.687006 5.374012


-57.650000	65a207810
10

Q 0.000000 0.000000 0.000000
Y 2.687006 2.687006 0.000000
Q 0.000000 5.374012 0.000000
F 0.000000 2.687006 -2.687006
W 2.687006 0.000000 -2.687006
K 5.374012 2.687006 -2.687006
N 5.374012 5.374012 0.000000
F 2.687006 5.374012 -2.687006
Q 5.374012 5.374012 -5.374012
T 2.687006 2.687006 -5.374012


-57.650000	655216800
10

Q 0.000000 0.000000 0.000000
Y 2.687006 2.687006 0.000000
Q 5.374012 5.374012 0.000000
F 5.374012 2.687006 -2.687006
W 2.687006 0.000000 -2.687006
K 0.000000 2.687006 -2.687006
N 0.000000 5.374012 0.000000
F 2.687006 5.374012 -2.687006
Q 5.374012 5.374012 -5.374012
T 2.687006 2.687006 -5.374012


-57.650000	644316900
10

Q 0.000000 0.000000 0.000000
Y 2.687006 2.687006 0.000000
Q 5.374012 5.374012 0.000000
F 5.374012 2.687006 2.687006
W 2.687006 0.000000 2.687006
K 0.000000 2.687006 2.687006
N 0.000000 5.374012 0.000000
F 2.687006 5.374012 2.687006
Q 5.374012 5.374012 5.374012
T 2.687006 2.687006 5.374012


-57.650000	64b307910
10

Q 0.000000 0.000000 0.000000
Y 2.687006 2.687006 0.000000
Q 0.000000 5.374012 0.000000
F 0.000000 2.687006 2.687006
W 2.687006 0.000000 2.687006
K 5.374012 2.687006 2.687006
N 5.374012 5.374012 0.000000
F 2.687006 5.374012 2.687006
Q 5.374012 5.374012 5.374012
T 2.687006 2.687006 5.374012


-57.650000	633476a00
10

Q 0.000000 0.000000 0.000000
Y 2.687006 2.687006 0.000000
Q 5.374012 5.374012 0.000000
F 2.687006 5.374012 -2.687006
W 0.000000 2.687006 -2.687006
K 2.687006 0.000000 -2.687006
N 5.374012 0.000000 0.000000
F 5.374012 2.687006 -2.687006
Q 5.374012 5.374012 -5.374012
T 2.687006 2.687006 -5.374012


-57.650000	622576b00
10

Q 0.000000 0.000000 0.000000
Y 2.687006 2.687006 0.000000
Q 5.374012 5.374012 0.000000
F 2.687006 5.374012 2.687006
W 0.000000 2.687006 2.687006
K 2.687006 0.000000 2.687006
N 5.374012 0.000000 0.000000
F 5.374012 2.687006 2.687006
Q 5.374012 5.374012 5.374012
T 2.687006 2.687006 5.374012
