-49.130000	8b3078610
10

Y 0.000000 0.000000 0.000000
Y 2.687006 2.687006 0.000000
D 0.000000 5.374012 0.000000
P -2.687006 2.687006 0.000000
E -2.687006 0.000000 -2.687006
T 0.000000 -2.687006 -2.687006
G 2.687006 0.000000 -2.687006
T 2.687006 2.687006 -5.374012
W 0.000000 2.687006 -2.687006
Y 0.000000 0.000000 -5.374012


-49.130000	901689140
10

Y 0.000000 0.000000 0.000000
Y 2.687006 2.687006 0.000000
D 5.374012 2.687006 2.687006
P 2.687006 5.374012 2.687006
E 2.687006 2.687006 5.374012
T 2.687006 0.000000 2.687006
G 0.000000 -2.687006 2.687006
T -2.687006 0.000000 2.687006
W 0.000000 2.687006 2.687006
Y 0.000000 0.000000 5.374012


-49.130000	9a2079610
10

Y 0.000000 0.000000 0.000000
Y 2.687006 2.687006 0.000000
D 0.000000 5.374012 0.000000
P -2.687006 2.687006 0.000000
E -2.687006 0.000000 2.687006
T 0.000000 -2.687006 2.687006
G 2.687006 0.000000 2.687006
T 2.687006 2.687006 5.374012
W 0.000000 2.687006 2.687006
Y 0.000000 0.000000 5.374012


-49.130000	615792610
10

Y 0.000000 0.000000 0.000000
Y 2.687006 2.687006 0.000000
D 0.000000 5.374012 0.000000
P -2.687006 2.687006 0.000000
E -2.687006 5.374012 2.687006
T -2.687006 2.687006 5.374012
G 0.000000 0.000000 5.374012
T 2.687006 0.000000 2.687006
W 0.000000 2.687006 2.687006
Y -2.687006 0.000000 2.687006


-49.130000	614783610
10

Y 0.000000 0.000000 0.000000
Y 2.687006 2.687006 0.000000
D 0.000000 5.374012 0.000000
P -2.687006 2.687006 0.000000
E -2.687006 5.374012 -2.687006
T -2.687006 2.687006 -5.374012
G 0.000000 0.000000 -5.374012
T 2.687006 0.000000 -2.687006
W 0.000000 2.687006 -2.687006
Y -2.687006 0.000000 -2.687006
