-17.370660	79b7a3a00
10

Y 0.000000 0.000000 0.000000
Y 2.687006 2.687006 0.000000
D 5.374012 5.374012 0.000000
P 2.687006 5.374012 -2.687006
E 2.687006 8.061017 -5.374012
T 0.000000 8.061017 -8.061017
G 2.687006 5.374012 -8.061017
T 0.000000 5.374012 -5.374012
W 0.000000 2.687006 -2.687006
Y 2.687006 0.000000 -2.687006


-17.370660	798b81300
10

Y 0.000000 0.000000 0.000000
Y 2.687006 2.687006 0.000000
D 5.374012 5.374012 0.000000
P 5.374012 8.061017 -2.687006
E 2.687006 10.748023 -2.687006
T 2.687006 8.061017 -5.374012
G 0.000000 8.061017 -2.687006
T 0.000000 5.374012 -5.374012
W 0.000000 2.687006 -2.687006
Y 2.687006 0.000000 -2.687006


-17.370660	798b63300
10

Y 0.000000 0.000000 0.000000
Y 2.687006 2.687006 0.000000
D 5.374012 5.374012 0.000000
P 5.374012 8.061017 -2.687006
E 5.374012 10.748023 -5.374012
T 2.687006 8.061017 -5.374012
G 0.000000 8.061017 -2.687006
T 0.000000 5.374012 -5.374012
W 0.000000 2.687006 -2.687006
Y 2.687006 0.000000 -2.687006


-17.370660	78a7b2b00
10

Y 0.000000 0.000000 0.000000
Y 2.687006 2.687006 0.000000
D 5.374012 5.374012 0.000000
P 2.687006 5.374012 2.687006
E 2.687006 8.061017 5.374012
T 0.000000 8.061017 8.061017
G 2.687006 5.374012 8.061017
T 0.000000 5.374012 5.374012
W 0.000000 2.687006 2.687006
Y 2.687006 0.000000 2.687006


-17.370660	789a91200
10

Y 0.000000 0.000000 0.000000
Y 2.687006 2.687006 0.000000
D 5.374012 5.374012 0.000000
P 5.374012 8.061017 2.687006
E 2.687006 10.748023 2.687006
T 2.687006 8.061017 5.374012
G 0.000000 8.061017 2.687006
T 0.000000 5.374012 5.374012
W 0.000000 2.687006 2.687006
Y 2.687006 0.000000 2.687006


-17.370660	789a62200
10

Y 0.000000 0.000000 0.000000
Y 2.687006 2.687006 0.000000
D 5.374012 5.374012 0.000000
P 5.374012 8.061017 2.687006
E 5.374012 10.748023 5.374012
T 2.687006 8.061017 5.374012
G 0.000000 8.061017 2.687006
T 0.000000 5.374012 5.374012
W 0.000000 2.687006 2.687006
Y 2.687006 0.000000 2.687006


-17.370660	116365740
10

Y 0.000000 0.000000 0.000000
Y 2.687006 2.687006 0.000000
D 5.374012 2.687006 2.687006
P 8.061017 0.000000 2.687006
E 10.748023 0.000000 0.000000
T 8.061017 -2.687006 0.000000
G 8.061017 0.000000 -2.687006
T 5.374012 -2.687006 -2.687006
W 2.687006 0.000000 -2.687006
Y 0.000000 2.687006 -2.687006


-17.370660	1163a7740
10

Y 0.000000 0.000000 0.000000
Y 2.687006 2.687006 0.000000
D 5.374012 2.687006 2.687006
P 8.061017 0.000000 2.687006
E 10.748023 -2.687006 2.687006
T 8.061017 -2.687006 0.000000
G 8.061017 0.000000 -2.687006
T 5.374012 -2.687006 -2.687006
W 2.687006 0.000000 -2.687006
Y 0.000000 2.687006 -2.687006


-17.370660	113b87840
10

Y 0.000000 0.000000 0.000000
Y 2.687006 2.687006 0.000000
D 5.374012 2.687006 2.687006
P 5.374012 0.000000 0.000000
E 8.061017 -2.687006 0.000000
T 8.061017 -5.374012 -2.687006
G 5.374012 -5.374012 0.000000
T 5.374012 -2.687006 -2.687006
W 2.687006 0.000000 -2.687006
Y 0.000000 2.687006 -2.687006


-17.370660	1ba9a7500
10

Y 0.000000 0.000000 0.000000
Y 2.687006 2.687006 0.000000
D 5.374012 5.374012 0.000000
P 8.061017 5.374012 -2.687006
E 10.748023 2.687006 -2.687006
T 8.061017 2.687006 -5.374012
G 8.061017 0.000000 -2.687006
T 5.374012 0.000000 -5.374012
W 2.687006 0.000000 -2.687006
Y 0.000000 2.687006 -2.687006


-17.370660	1ba965500
10

Y 0.000000 0.000000 0.000000
Y 2.687006 2.687006 0.000000
D 5.374012 5.374012 0.000000
P 8.061017 5.374012 -2.687006
E 10.748023 5.374012 -5.374012
T 8.061017 2.687006 -5.374012
G 8.061017 0.000000 -2.687006
T 5.374012 0.000000 -5.374012
W 2.687006 0.000000 -2.687006
Y 0.000000 2.687006 -2.687006


-17.370660	1b9185800
10

Y 0.000000 0.000000 0.000000
Y 2.687006 2.687006 0.000000
D 5.374012 5.374012 0.000000
P 5.374012 2.687006 -2.687006
E 8.061017 2.687006 -5.374012
T 8.061017 0.000000 -8.061017
G 5.374012 2.687006 -8.061017
T 5.374012 0.000000 -5.374012
W 2.687006 0.000000 -2.687006
Y 0.000000 2.687006 -2.687006


-17.370660	1ab8b7400
10

Y 0.000000 0.000000 0.000000
Y 2.687006 2.687006 0.000000
D 5.374012 5.374012 0.000000
P 8.061017 5.374012 2.687006
E 10.748023 2.687006 2.687006
T 8.061017 2.687006 5.374012
G 8.061017 0.000000 2.687006
T 5.374012 0.000000 5.374012
W 2.687006 0.000000 2.687006
Y 0.000000 2.687006 2.687006


-17.370660	1ab864400
10

Y 0.000000 0.000000 0.000000
Y 2.687006 2.687006 0.000000
D 5.374012 5.374012 0.000000
P 8.061017 5.374012 2.687006
E 10.748023 5.374012 5.374012
T 8.061017 2.687006 5.374012
G 8.061017 0.000000 2.687006
T 5.374012 0.000000 5.374012
W 2.687006 0.000000 2.687006
Y 0.000000 2.687006 2.687006


-17.370660	1a8194900
10

Y 0.000000 0.000000 0.000000
Y 2.687006 2.687006 0.000000
D 5.374012 5.374012 0.000000
P 5.374012 2.687006 2.687006
E 8.061017 2.687006 5.374012
T 8.061017 0.000000 8.061017
G 5.374012 2.687006 8.061017
T 5.374012 0.000000 5.374012
W 2.687006 0.000000 2.687006
Y 0.000000 2.687006 2.687006
