-58.830000	46a840810
10

Q 0.000000 0.000000 0.000000
Y 2.687006 2.687006 0.000000
Q 0.000000 5.374012 0.000000
F 0.000000 2.687006 -2.687006
W 2.687006 5.374012 -2.687006
K 5.374012 5.374012 0.000000
N 5.374012 2.687006 -2.687006
F 2.687006 2.687006 -5.374012
Q 0.000000 0.000000 -5.374012
T 2.687006 0.000000 -2.687006


-58.830000	56b950910
10

Q 0.000000 0.000000 0.000000
Y 2.687006 2.687006 0.000000
Q 0.000000 5.374012 0.000000
F 0.000000 2.687006 2.687006
W 2.687006 5.374012 2.687006
K 5.374012 5.374012 0.000000
N 5.374012 2.687006 2.687006
F 2.687006 2.687006 5.374012
Q 0.000000 0.000000 5.374012
T 2.687006 0.000000 2.687006


-58.830000	41a347810
10

Q 0.000000 0.000000 0.000000
Y 2.687006 2.687006 0.000000
Q 0.000000 5.374012 0.000000
F 0.000000 2.687006 -2.687006
W 2.687006 0.000000 -2.687006
K 5.374012 0.000000 0.000000
N 5.374012 2.687006 -2.687006
F 2.687006 2.687006 -5.374012
Q 0.000000 5.374012 -5.374012
T 2.687006 5.374012 -2.687006


-58.830000	8430b7910
10

Q 0.000000 0.000000 0.000000
Y 2.687006 2.687006 0.000000
Q 0.000000 5.374012 0.000000
F 0.000000 2.687006 2.687006
W 2.687006 0.000000 2.687006
K 0.000000 0.000000 5.374012
N 2.687006 2.687006 5.374012
F 2.687006 5.374012 2.687006
Q 5.374012 5.374012 5.374012
T 5.374012 2.687006 2.687006


-58.830000	51b257910
10

Q 0.000000 0.000000 0.000000
Y 2.687006 2.687006 0.000000
Q 0.000000 5.374012 0.000000
F 0.000000 2.687006 2.687006
W 2.687006 0.000000 2.687006
K 5.374012 0.000000 0.000000
N 5.374012 2.687006 2.687006
F 2.687006 2.687006 5.374012
Q 0.000000 5.374012 5.374012
T 2.687006 5.374012 2.687006


-58.830000	9520a7810
10

Q 0.000000 0.000000 0.000000
Y 2.687006 2.687006 0.000000
Q 0.000000 5.374012 0.000000
F 0.000000 2.687006 -2.687006
W 2.687006 0.000000 -2.687006
K 0.000000 0.000000 -5.374012
N 2.687006 2.687006 -5.374012
F 2.687006 5.374012 -2.687006
Q 5.374012 5.374012 -5.374012
T 5.374012 2.687006 -2.687006


-58.830000	2597a0810
10

Q 0.000000 0.000000 0.000000
Y 2.687006 2.687006 0.000000
Q 0.000000 5.374012 0.000000
F 0.000000 2.687006 -2.687006
W 2.687006 5.374012 -2.687006
K 0.000000 5.374012 -5.374012
N 2.687006 2.687006 -5.374012
F 2.687006 0.000000 -2.687006
Q 5.374012 0.000000 -5.374012
T 5.374012 2.687006 -2.687006


-58.830000	3487b0910
10

Q 0.000000 0.000000 0.000000
Y 2.687006 2.687006 0.000000
Q 0.000000 5.374012 0.000000
F 0.000000 2.687006 2.687006
W 2.687006 5.374012 2.687006
K 0.000000 5.374012 5.374012
N 2.687006 2.687006 5.374012
F 2.687006 0.000000 2.687006
Q 5.374012 0.000000 5.374012
T 5.374012 2.687006 2.687006
