-25.800000	70886b0a0
10

Q 0.000000 0.000000 0.000000
Y 2.687006 2.687006 0.000000
Q 0.000000 2.687006 -2.687006
F 2.687006 5.374012 -2.687006
W 0.000000 5.374012 0.000000
K -2.687006 2.687006 0.000000
N -2.687006 0.000000 -2.687006
F -2.687006 -2.687006 -5.374012
Q 0.000000 0.000000 -5.374012
T 2.687006 -2.687006 -5.374012


-25.800000	6b76137a0
10

Q 0.000000 0.000000 0.000000
Y 2.687006 2.687006 0.000000
Q 0.000000 2.687006 -2.687006
F 2.687006 0.000000 -2.687006
W 2.687006 2.687006 -5.374012
K 0.000000 5.374012 -5.374012
N -2.687006 2.687006 -5.374012
F 0.000000 0.000000 -5.374012
Q -2.687006 0.000000 -2.687006
T -5.374012 -2.687006 -2.687006


-25.800000	79076a0a0
10

Q 0.000000 0.000000 0.000000
Y 2.687006 2.687006 0.000000
Q 0.000000 2.687006 -2.687006
F 2.687006 5.374012 -2.687006
W 0.000000 5.374012 -5.374012
K -2.687006 2.687006 -5.374012
N 0.000000 0.000000 -5.374012
F 2.687006 2.687006 -5.374012
Q 2.687006 0.000000 -2.687006
T 5.374012 -2.687006 -2.687006


-25.800000	bb76137a0
10

Q 0.000000 0.000000 0.000000
Y 2.687006 2.687006 0.000000
Q 0.000000 2.687006 -2.687006
F 2.687006 0.000000 -2.687006
W 2.687006 2.687006 -5.374012
K 0.000000 5.374012 -5.374012
N -2.687006 2.687006 -5.374012
F 0.000000 0.000000 -5.374012
Q -2.687006 0.000000 -2.687006
T -5.374012 0.000000 0.000000


-25.800000	10a86b0a0
10

Q 0.000000 0.000000 0.000000
Y 2.687006 2.687006 0.000000
Q 0.000000 2.687006 -2.687006
F 2.687006 5.374012 -2.687006
W 0.000000 5.374012 0.000000
K -2.687006 2.687006 0.000000
N -2.687006 0.000000 -2.687006
F -5.374012 0.000000 -5.374012
Q -2.687006 2.687006 -5.374012
T -5.374012 5.374012 -5.374012


-25.800000	30a86b0a0
10

Q 0.000000 0.000000 0.000000
Y 2.687006 2.687006 0.000000
Q 0.000000 2.687006 -2.687006
F 2.687006 5.374012 -2.687006
W 0.000000 5.374012 0.000000
K -2.687006 2.687006 0.000000
N -2.687006 0.000000 -2.687006
F -5.374012 0.000000 -5.374012
Q -2.687006 2.687006 -5.374012
T -2.687006 5.374012 -8.061017


-25.800000	30886b0a0
10

Q 0.000000 0.000000 0.000000
Y 2.687006 2.687006 0.000000
Q 0.000000 2.687006 -2.687006
F 2.687006 5.374012 -2.687006
W 0.000000 5.374012 0.000000
K -2.687006 2.687006 0.000000
N -2.687006 0.000000 -2.687006
F -2.687006 -2.687006 -5.374012
Q 0.000000 0.000000 -5.374012
T 0.000000 2.687006 -8.061017


-25.800000	50a86b0a0
10

Q 0.000000 0.000000 0.000000
Y 2.687006 2.687006 0.000000
Q 0.000000 2.687006 -2.687006
F 2.687006 5.374012 -2.687006
W 0.000000 5.374012 0.000000
K -2.687006 2.687006 0.000000
N -2.687006 0.000000 -2.687006
F -5.374012 0.000000 -5.374012
Q -2.687006 2.687006 -5.374012
T 0.000000 2.687006 -8.061017


-25.800000	50886b0a0
10

Q 0.000000 0.000000 0.000000
Y 2.687006 2.687006 0.000000
Q 0.000000 2.687006 -2.687006
F 2.687006 5.374012 -2.687006
W 0.000000 5.374012 0.000000
K -2.687006 2.687006 0.000000
N -2.687006 0.000000 -2.687006
F -2.687006 -2.687006 -5.374012
Q 0.000000 0.000000 -5.374012
T 2.687006 0.000000 -8.061017


-25.800000	b4686b0a0
10

Q 0.000000 0.000000 0.000000
Y 2.687006 2.687006 0.000000
Q 0.000000 2.687006 -2.687006
F 2.687006 5.374012 -2.687006
W 0.000000 5.374012 0.000000
K -2.687006 2.687006 0.000000
N -2.687006 0.000000 -2.687006
F -5.374012 -2.687006 -2.687006
Q -2.687006 -2.687006 0.000000
T -5.374012 -2.687006 2.687006


-25.800000	a15ab97a0
10

Q 0.000000 0.000000 0.000000
Y 2.687006 2.687006 0.000000
Q 0.000000 2.687006 -2.687006
F 2.687006 0.000000 -2.687006
W 2.687006 -2.687006 0.000000
K 0.000000 -2.687006 2.687006
N -2.687006 -2.687006 0.000000
F 0.000000 -2.687006 -2.687006
Q -2.687006 0.000000 -2.687006
T -5.374012 0.000000 -5.374012


-25.800000	47a6442a0
10

Q 0.000000 0.000000 0.000000
Y 2.687006 2.687006 0.000000
Q 0.000000 2.687006 -2.687006
F 0.000000 5.374012 0.000000
W 2.687006 5.374012 2.687006
K 5.374012 5.374012 5.374012
N 2.687006 2.687006 5.374012
F 0.000000 2.687006 2.687006
Q 2.687006 0.000000 2.687006
T 5.374012 0.000000 5.374012


-25.800000	4749aa140
10

Q 0.000000 0.000000 0.000000
Y 2.687006 2.687006 0.000000
Q 5.374012 2.687006 2.687006
F 2.687006 5.374012 2.687006
W 0.000000 5.374012 0.000000
K -2.687006 5.374012 -2.687006
N -2.687006 2.687006 0.000000
F 0.000000 2.687006 2.687006
Q 2.687006 0.000000 2.687006
T 5.374012 0.000000 5.374012


-25.800000	115ab97a0
10

Q 0.000000 0.000000 0.000000
Y 2.687006 2.687006 0.000000
Q 0.000000 2.687006 -2.687006
F 2.687006 0.000000 -2.687006
W 2.687006 -2.687006 0.000000
K 0.000000 -2.687006 2.687006
N -2.687006 -2.687006 0.000000
F 0.000000 -2.687006 -2.687006
Q -2.687006 0.000000 -2.687006
T -5.374012 2.687006 -2.687006


-25.800000	66426a0a0
10

Q 0.000000 0.000000 0.000000
Y 2.687006 2.687006 0.000000
Q 0.000000 2.687006 -2.687006
F 2.687006 5.374012 -2.687006
W 0.000000 5.374012 -5.374012
K -2.687006 2.687006 -5.374012
N -2.687006 5.374012 -2.687006
F 0.000000 5.374012 0.000000
Q -2.687006 2.687006 0.000000
T -5.374012 0.000000 0.000000


-25.800000	54886b0a0
10

Q 0.000000 0.000000 0.000000
Y 2.687006 2.687006 0.000000
Q 0.000000 2.687006 -2.687006
F 2.687006 5.374012 -2.687006
W 0.000000 5.374012 0.000000
K -2.687006 2.687006 0.000000
N -2.687006 0.000000 -2.687006
F -2.687006 -2.687006 -5.374012
Q 0.000000 -2.687006 -2.687006
T 2.687006 -2.687006 -5.374012


-25.800000	74886b0a0
10

Q 0.000000 0.000000 0.000000
Y 2.687006 2.687006 0.000000
Q 0.000000 2.687006 -2.687006
F 2.687006 5.374012 -2.687006
W 0.000000 5.374012 0.000000
K -2.687006 2.687006 0.000000
N -2.687006 0.000000 -2.687006
F -2.687006 -2.687006 -5.374012
Q 0.000000 -2.687006 -2.687006
T 2.687006 -5.374012 -2.687006


-25.800000	74686b0a0
10

Q 0.000000 0.000000 0.000000
Y 2.687006 2.687006 0.000000
Q 0.000000 2.687006 -2.687006
F 2.687006 5.374012 -2.687006
W 0.000000 5.374012 0.000000
K -2.687006 2.687006 0.000000
N -2.687006 0.000000 -2.687006
F -5.374012 -2.687006 -2.687006
Q -2.687006 -2.687006 0.000000
T 0.000000 -5.374012 0.000000


-25.800000	94886b0a0
10

Q 0.000000 0.000000 0.000000
Y 2.687006 2.687006 0.000000
Q 0.000000 2.687006 -2.687006
F 2.687006 5.374012 -2.687006
W 0.000000 5.374012 0.000000
K -2.687006 2.687006 0.000000
N -2.687006 0.000000 -2.687006
F -2.687006 -2.687006 -5.374012
Q 0.000000 -2.687006 -2.687006
T 0.000000 -5.374012 0.000000


-25.800000	94686b0a0
10

Q 0.000000 0.000000 0.000000
Y 2.687006 2.687006 0.000000
Q 0.000000 2.687006 -2.687006
F 2.687006 5.374012 -2.687006
W 0.000000 5.374012 0.000000
K -2.687006 2.687006 0.000000
N -2.687006 0.000000 -2.687006
F -5.374012 -2.687006 -2.687006
Q -2.687006 -2.687006 0.000000
T -2.687006 -5.374012 2.687006


-25.800000	b6426a0a0
10

Q 0.000000 0.000000 0.000000
Y 2.687006 2.687006 0.000000
Q 0.000000 2.687006 -2.687006
F 2.687006 5.374012 -2.687006
W 0.000000 5.374012 -5.374012
K -2.687006 2.687006 -5.374012
N -2.687006 5.374012 -2.687006
F 0.000000 5.374012 0.000000
Q -2.687006 2.687006 0.000000
T -5.374012 2.687006 2.687006


-25.800000	67a6442a0
10

Q 0.000000 0.000000 0.000000
Y 2.687006 2.687006 0.000000
Q 0.000000 2.687006 -2.687006
F 0.000000 5.374012 0.000000
W 2.687006 5.374012 2.687006
K 5.374012 5.374012 5.374012
N 2.687006 2.687006 5.374012
F 0.000000 2.687006 2.687006
Q 2.687006 0.000000 2.687006
T 0.000000 -2.687006 2.687006


-25.800000	6749aa140
10

Q 0.000000 0.000000 0.000000
Y 2.687006 2.687006 0.000000
Q 5.374012 2.687006 2.687006
F 2.687006 5.374012 2.687006
W 0.000000 5.374012 0.000000
K -2.687006 5.374012 -2.687006
N -2.687006 2.687006 0.000000
F 0.000000 2.687006 2.687006
Q 2.687006 0.000000 2.687006
T 0.000000 -2.687006 2.687006


-25.800000	87a6442a0
10

Q 0.000000 0.000000 0.000000
Y 2.687006 2.687006 0.000000
Q 0.000000 2.687006 -2.687006
F 0.000000 5.374012 0.000000
W 2.687006 5.374012 2.687006
K 5.374012 5.374012 5.374012
N 2.687006 2.687006 5.374012
F 0.000000 2.687006 2.687006
Q 2.687006 0.000000 2.687006
T 2.687006 -2.687006 0.000000


-25.800000	8749aa140
10

Q 0.000000 0.000000 0.000000
Y 2.687006 2.687006 0.000000
Q 5.374012 2.687006 2.687006
F 2.687006 5.374012 2.687006
W 0.000000 5.374012 0.000000
K -2.687006 5.374012 -2.687006
N -2.687006 2.687006 0.000000
F 0.000000 2.687006 2.687006
Q 2.687006 0.000000 2.687006
T 2.687006 -2.687006 0.000000
