-27.520000	43786b0a0
10

Q 0.000000 0.000000 0.000000
Y 2.687006 2.687006 0.000000
Q 0.000000 2.687006 -2.687006
F 2.687006 5.374012 -2.687006
W 0.000000 5.374012 0.000000
K -2.687006 2.687006 0.000000
N -2.687006 0.000000 -2.687006
F 0.000000 -2.687006 -2.687006
Q 0.000000 0.000000 -5.374012
T 2.687006 0.000000 -2.687006


-27.520000	b847a52a0
10

Q 0.000000 0.000000 0.000000
Y 2.687006 2.687006 0.000000
Q 0.000000 2.687006 -2.687006
F 0.000000 5.374012 0.000000
W 2.687006 5.374012 -2.687006
K 0.000000 5.374012 -5.374012
N 2.687006 2.687006 -5.374012
F 5.374012 2.687006 -2.687006
Q 5.374012 0.000000 -5.374012
T 2.687006 0.000000 -2.687006


-27.520000	9a29850a0
10

Q 0.000000 0.000000 0.000000
Y 2.687006 2.687006 0.000000
Q 0.000000 2.687006 -2.687006
F 2.687006 5.374012 -2.687006
W 5.374012 5.374012 -5.374012
K 5.374012 2.687006 -8.061017
N 5.374012 0.000000 -5.374012
F 5.374012 2.687006 -2.687006
Q 2.687006 2.687006 -5.374012
T 2.687006 0.000000 -2.687006


-27.520000	09586b0a0
10

Q 0.000000 0.000000 0.000000
Y 2.687006 2.687006 0.000000
Q 0.000000 2.687006 -2.687006
F 2.687006 5.374012 -2.687006
W 0.000000 5.374012 0.000000
K -2.687006 2.687006 0.000000
N -2.687006 0.000000 -2.687006
F 0.000000 0.000000 -5.374012
Q 0.000000 -2.687006 -2.687006
T 2.687006 0.000000 -2.687006


-27.520000	b84b850a0
10

Q 0.000000 0.000000 0.000000
Y 2.687006 2.687006 0.000000
Q 0.000000 2.687006 -2.687006
F 2.687006 5.374012 -2.687006
W 5.374012 5.374012 -5.374012
K 5.374012 2.687006 -8.061017
N 2.687006 2.687006 -5.374012
F 5.374012 2.687006 -2.687006
Q 5.374012 0.000000 -5.374012
T 2.687006 0.000000 -2.687006
