-26.120000	041b680a0
10

Q 0.000000 0.000000 0.000000
Y 2.687006 2.687006 0.000000
Q 0.000000 2.687006 -2.687006
F 2.687006 5.374012 -2.687006
W 2.687006 2.687006 -5.374012
K 0.000000 0.000000 -5.374012
N -2.687006 0.000000 -2.687006
F -5.374012 2.687006 -2.687006
Q -2.687006 2.687006 0.000000
T 0.000000 5.374012 0.000000


-26.120000	00bb680a0
10

Q 0.000000 0.000000 0.000000
Y 2.687006 2.687006 0.000000
Q 0.000000 2.687006 -2.687006
F 2.687006 5.374012 -2.687006
W 2.687006 2.687006 -5.374012
K 0.000000 0.000000 -5.374012
N -2.687006 0.000000 -2.687006
F -5.374012 0.000000 0.000000
Q -2.687006 2.687006 0.000000
T 0.000000 5.374012 0.000000


-26.120000	00b96a0a0
10

Q 0.000000 0.000000 0.000000
Y 2.687006 2.687006 0.000000
Q 0.000000 2.687006 -2.687006
F 2.687006 5.374012 -2.687006
W 0.000000 5.374012 -5.374012
K -2.687006 2.687006 -5.374012
N -2.687006 0.000000 -2.687006
F -5.374012 0.000000 0.000000
Q -2.687006 2.687006 0.000000
T 0.000000 5.374012 0.000000


-26.120000	37a8b41a0
10

Q 0.000000 0.000000 0.000000
Y 2.687006 2.687006 0.000000
Q 0.000000 2.687006 -2.687006
F -2.687006 5.374012 -2.687006
W 0.000000 5.374012 0.000000
K -2.687006 5.374012 2.687006
N -2.687006 2.687006 0.000000
F -5.374012 2.687006 -2.687006
Q -2.687006 0.000000 -2.687006
T -2.687006 2.687006 -5.374012


-26.120000	3658942a0
10

Q 0.000000 0.000000 0.000000
Y 2.687006 2.687006 0.000000
Q 0.000000 2.687006 -2.687006
F 0.000000 5.374012 0.000000
W 2.687006 5.374012 2.687006
K 2.687006 2.687006 5.374012
N 2.687006 0.000000 2.687006
F 5.374012 0.000000 0.000000
Q 2.687006 -2.687006 0.000000
T 2.687006 0.000000 -2.687006


-26.120000	4646a20a0
10

Q 0.000000 0.000000 0.000000
Y 2.687006 2.687006 0.000000
Q 0.000000 2.687006 -2.687006
F 2.687006 5.374012 -2.687006
W 2.687006 8.061017 0.000000
K 0.000000 8.061017 -2.687006
N -2.687006 5.374012 -2.687006
F 0.000000 5.374012 0.000000
Q -2.687006 2.687006 0.000000
T 0.000000 2.687006 2.687006


-26.120000	20a8692a0
10

Q 0.000000 0.000000 0.000000
Y 2.687006 2.687006 0.000000
Q 0.000000 2.687006 -2.687006
F 0.000000 5.374012 0.000000
W 0.000000 2.687006 2.687006
K -2.687006 0.000000 2.687006
N -2.687006 -2.687006 0.000000
F -5.374012 -2.687006 -2.687006
Q -2.687006 0.000000 -2.687006
T -2.687006 2.687006 0.000000
