-47.910000	9b38945a0
10

Y 0.000000 0.000000 0.000000
Y 2.687006 2.687006 0.000000
D 0.000000 2.687006 -2.687006
P 2.687006 2.687006 -5.374012
E 5.374012 2.687006 -2.687006
T 5.374012 0.000000 0.000000
G 5.374012 -2.687006 -2.687006
T 5.374012 0.000000 -5.374012
W 2.687006 0.000000 -2.687006
Y 2.687006 -2.687006 0.000000


-47.910000	9a29845a0
10

Y 0.000000 0.000000 0.000000
Y 2.687006 2.687006 0.000000
D 0.000000 2.687006 -2.687006
P 2.687006 2.687006 -5.374012
E 5.374012 2.687006 -2.687006
T 5.374012 0.000000 -5.374012
G 5.374012 -2.687006 -2.687006
T 5.374012 0.000000 0.000000
W 2.687006 0.000000 -2.687006
Y 2.687006 -2.687006 0.000000


-47.910000	43b4598a0
10

Y 0.000000 0.000000 0.000000
Y 2.687006 2.687006 0.000000
D 0.000000 2.687006 -2.687006
P 0.000000 0.000000 -5.374012
E 0.000000 -2.687006 -2.687006
T 2.687006 -2.687006 -5.374012
G 5.374012 -2.687006 -2.687006
T 2.687006 -2.687006 0.000000
W 2.687006 0.000000 -2.687006
Y 5.374012 0.000000 0.000000


-47.910000	0a29756a0
10

Y 0.000000 0.000000 0.000000
Y 2.687006 2.687006 0.000000
D 0.000000 2.687006 -2.687006
P -2.687006 0.000000 -2.687006
E 0.000000 0.000000 -5.374012
T 2.687006 -2.687006 -5.374012
G 2.687006 -5.374012 -2.687006
T 2.687006 -2.687006 0.000000
W 0.000000 -2.687006 -2.687006
Y 2.687006 0.000000 -2.687006


-47.910000	0a079b8a0
10

Y 0.000000 0.000000 0.000000
Y 2.687006 2.687006 0.000000
D 0.000000 2.687006 -2.687006
P 0.000000 0.000000 -5.374012
E -2.687006 0.000000 -2.687006
T -2.687006 -2.687006 0.000000
G 0.000000 -5.374012 0.000000
T 2.687006 -2.687006 0.000000
W 0.000000 -2.687006 -2.687006
Y 2.687006 0.000000 -2.687006


-47.910000	534ba8940
10

Y 0.000000 0.000000 0.000000
Y 2.687006 2.687006 0.000000
D 5.374012 2.687006 2.687006
P 5.374012 0.000000 5.374012
E 5.374012 -2.687006 2.687006
T 2.687006 -2.687006 0.000000
G 0.000000 -2.687006 2.687006
T 2.687006 -2.687006 5.374012
W 2.687006 0.000000 2.687006
Y 5.374012 0.000000 0.000000


-47.910000	42a5498a0
10

Y 0.000000 0.000000 0.000000
Y 2.687006 2.687006 0.000000
D 0.000000 2.687006 -2.687006
P 0.000000 0.000000 -5.374012
E 0.000000 -2.687006 -2.687006
T 2.687006 -2.687006 0.000000
G 5.374012 -2.687006 -2.687006
T 2.687006 -2.687006 -5.374012
W 2.687006 0.000000 -2.687006
Y 5.374012 0.000000 0.000000


-47.910000	525ab8940
10

Y 0.000000 0.000000 0.000000
Y 2.687006 2.687006 0.000000
D 5.374012 2.687006 2.687006
P 5.374012 0.000000 5.374012
E 5.374012 -2.687006 2.687006
T 2.687006 -2.687006 5.374012
G 0.000000 -2.687006 2.687006
T 2.687006 -2.687006 0.000000
W 2.687006 0.000000 2.687006
Y 5.374012 0.000000 0.000000


-47.910000	6367425a0
10

Y 0.000000 0.000000 0.000000
Y 2.687006 2.687006 0.000000
D 0.000000 2.687006 -2.687006
P 2.687006 2.687006 -5.374012
E 2.687006 5.374012 -2.687006
T 5.374012 5.374012 0.000000
G 8.061017 2.687006 0.000000
T 5.374012 0.000000 0.000000
W 5.374012 2.687006 -2.687006
Y 2.687006 0.000000 -2.687006


-47.910000	63b4780a0
10

Y 0.000000 0.000000 0.000000
Y 2.687006 2.687006 0.000000
D 0.000000 2.687006 -2.687006
P 2.687006 5.374012 -2.687006
E 2.687006 2.687006 -5.374012
T 5.374012 0.000000 -5.374012
G 8.061017 0.000000 -2.687006
T 5.374012 0.000000 0.000000
W 5.374012 2.687006 -2.687006
Y 2.687006 0.000000 -2.687006


-47.910000	61574b610
10

Y 0.000000 0.000000 0.000000
Y 2.687006 2.687006 0.000000
D 0.000000 5.374012 0.000000
P -2.687006 2.687006 0.000000
E -5.374012 2.687006 2.687006
T -2.687006 2.687006 5.374012
G 0.000000 0.000000 5.374012
T 2.687006 0.000000 2.687006
W 0.000000 2.687006 2.687006
Y -2.687006 0.000000 2.687006


-47.910000	61475a610
10

Y 0.000000 0.000000 0.000000
Y 2.687006 2.687006 0.000000
D 0.000000 5.374012 0.000000
P -2.687006 2.687006 0.000000
E -5.374012 2.687006 -2.687006
T -2.687006 2.687006 -5.374012
G 0.000000 0.000000 -5.374012
T 2.687006 0.000000 -2.687006
W 0.000000 2.687006 -2.687006
Y -2.687006 0.000000 -2.687006


-47.910000	901685640
10

Y 0.000000 0.000000 0.000000
Y 2.687006 2.687006 0.000000
D 5.374012 2.687006 2.687006
P 2.687006 0.000000 2.687006
E 5.374012 0.000000 0.000000
T 5.374012 -2.687006 -2.687006
G 2.687006 -5.374012 -2.687006
T 0.000000 -2.687006 -2.687006
W 2.687006 0.000000 -2.687006
Y 2.687006 -2.687006 0.000000


-47.910000	456324ba0
10

Y 0.000000 0.000000 0.000000
Y 2.687006 2.687006 0.000000
D 0.000000 2.687006 -2.687006
P -2.687006 2.687006 0.000000
E 0.000000 2.687006 2.687006
T 0.000000 5.374012 5.374012
G 0.000000 8.061017 2.687006
T -2.687006 5.374012 2.687006
W 0.000000 5.374012 0.000000
Y 2.687006 5.374012 2.687006


-47.910000	980ab92a0
10

Y 0.000000 0.000000 0.000000
Y 2.687006 2.687006 0.000000
D 0.000000 2.687006 -2.687006
P 0.000000 5.374012 0.000000
E 0.000000 2.687006 2.687006
T -2.687006 2.687006 5.374012
G -5.374012 2.687006 2.687006
T -2.687006 5.374012 2.687006
W -2.687006 2.687006 0.000000
Y -2.687006 0.000000 2.687006


-47.910000	976135640
10

Y 0.000000 0.000000 0.000000
Y 2.687006 2.687006 0.000000
D 5.374012 2.687006 2.687006
P 2.687006 0.000000 2.687006
E 5.374012 0.000000 0.000000
T 5.374012 2.687006 -2.687006
G 2.687006 5.374012 -2.687006
T 0.000000 2.687006 -2.687006
W 2.687006 0.000000 -2.687006
Y 2.687006 -2.687006 0.000000
