-60.340000	896512640
10

Q 0.000000 0.000000 0.000000
Y 2.687006 2.687006 0.000000
Q 5.374012 2.687006 2.687006
F 2.687006 0.000000 2.687006
W 2.687006 2.687006 5.374012
K 0.000000 5.374012 5.374012
N 2.687006 5.374012 2.687006
F 0.000000 2.687006 2.687006
Q 0.000000 0.000000 5.374012
T 0.000000 -2.687006 2.687006


-60.340000	a96512640
10

Q 0.000000 0.000000 0.000000
Y 2.687006 2.687006 0.000000
Q 5.374012 2.687006 2.687006
F 2.687006 0.000000 2.687006
W 2.687006 2.687006 5.374012
K 0.000000 5.374012 5.374012
N 2.687006 5.374012 2.687006
F 0.000000 2.687006 2.687006
Q 0.000000 0.000000 5.374012
T -2.687006 0.000000 2.687006


-60.340000	094158640
10

Q 0.000000 0.000000 0.000000
Y 2.687006 2.687006 0.000000
Q 5.374012 2.687006 2.687006
F 2.687006 0.000000 2.687006
W 2.687006 -2.687006 0.000000
K 5.374012 -2.687006 -2.687006
N 2.687006 0.000000 -2.687006
F 5.374012 0.000000 0.000000
Q 5.374012 -2.687006 2.687006
T 8.061017 0.000000 2.687006


-60.340000	294158640
10

Q 0.000000 0.000000 0.000000
Y 2.687006 2.687006 0.000000
Q 5.374012 2.687006 2.687006
F 2.687006 0.000000 2.687006
W 2.687006 -2.687006 0.000000
K 5.374012 -2.687006 -2.687006
N 2.687006 0.000000 -2.687006
F 5.374012 0.000000 0.000000
Q 5.374012 -2.687006 2.687006
T 5.374012 0.000000 5.374012
