-26.750000	92aa670a0
10

Q 0.000000 0.000000 0.000000
Y 2.687006 2.687006 0.000000
Q 0.000000 2.687006 -2.687006
F 2.687006 5.374012 -2.687006
W 5.374012 2.687006 -2.687006
K 2.687006 0.000000 -2.687006
N 0.000000 0.000000 -5.374012
F -2.687006 0.000000 -8.061017
Q -2.687006 2.687006 -5.374012
T -2.687006 0.000000 -2.687006


-26.750000	8a2167410
10

Q 0.000000 0.000000 0.000000
Y 2.687006 2.687006 0.000000
Q 0.000000 5.374012 0.000000
F 2.687006 5.374012 2.687006
W 5.374012 2.687006 2.687006
K 2.687006 0.000000 2.687006
N 0.000000 2.687006 2.687006
F 0.000000 5.374012 5.374012
Q -2.687006 5.374012 2.687006
T -2.687006 2.687006 0.000000


-26.750000	9b3167510
10

Q 0.000000 0.000000 0.000000
Y 2.687006 2.687006 0.000000
Q 0.000000 5.374012 0.000000
F 2.687006 5.374012 -2.687006
W 5.374012 2.687006 -2.687006
K 2.687006 0.000000 -2.687006
N 0.000000 2.687006 -2.687006
F 0.000000 5.374012 -5.374012
Q -2.687006 5.374012 -2.687006
T -2.687006 2.687006 0.000000


-26.750000	9b3a670a0
10

Q 0.000000 0.000000 0.000000
Y 2.687006 2.687006 0.000000
Q 0.000000 2.687006 -2.687006
F 2.687006 5.374012 -2.687006
W 5.374012 2.687006 -2.687006
K 2.687006 0.000000 -2.687006
N 0.000000 0.000000 -5.374012
F 0.000000 2.687006 -8.061017
Q -2.687006 2.687006 -5.374012
T -2.687006 0.000000 -2.687006


-26.750000	8908612a0
10

Q 0.000000 0.000000 0.000000
Y 2.687006 2.687006 0.000000
Q 0.000000 2.687006 -2.687006
F 0.000000 5.374012 0.000000
W -2.687006 8.061017 0.000000
K -5.374012 5.374012 0.000000
N -5.374012 2.687006 -2.687006
F -2.687006 5.374012 -2.687006
Q -2.687006 2.687006 0.000000
T -2.687006 0.000000 -2.687006


-26.750000	3266670a0
10

Q 0.000000 0.000000 0.000000
Y 2.687006 2.687006 0.000000
Q 0.000000 2.687006 -2.687006
F 2.687006 5.374012 -2.687006
W 5.374012 2.687006 -2.687006
K 2.687006 0.000000 -2.687006
N 0.000000 -2.687006 -2.687006
F -2.687006 -5.374012 -2.687006
Q -2.687006 -2.687006 0.000000
T -2.687006 0.000000 -2.687006


-26.750000	7637612a0
10

Q 0.000000 0.000000 0.000000
Y 2.687006 2.687006 0.000000
Q 0.000000 2.687006 -2.687006
F 0.000000 5.374012 0.000000
W -2.687006 8.061017 0.000000
K -5.374012 5.374012 0.000000
N -2.687006 2.687006 0.000000
F -2.687006 5.374012 -2.687006
Q -5.374012 2.687006 -2.687006
T -2.687006 0.000000 -2.687006


-26.750000	3196670a0
10

Q 0.000000 0.000000 0.000000
Y 2.687006 2.687006 0.000000
Q 0.000000 2.687006 -2.687006
F 2.687006 5.374012 -2.687006
W 5.374012 2.687006 -2.687006
K 2.687006 0.000000 -2.687006
N 0.000000 -2.687006 -2.687006
F 0.000000 -5.374012 0.000000
Q -2.687006 -2.687006 0.000000
T -2.687006 0.000000 -2.687006


-26.750000	8926832a0
10

Q 0.000000 0.000000 0.000000
Y 2.687006 2.687006 0.000000
Q 0.000000 2.687006 -2.687006
F 0.000000 5.374012 0.000000
W 0.000000 8.061017 -2.687006
K 0.000000 5.374012 -5.374012
N -2.687006 2.687006 -5.374012
F -2.687006 5.374012 -2.687006
Q -2.687006 2.687006 0.000000
T -2.687006 0.000000 -2.687006
