-59.810000	2720a7810
10

Q 0.000000 0.000000 0.000000
Y 2.687006 2.687006 0.000000
Q 0.000000 5.374012 0.000000
F 0.000000 2.687006 -2.687006
W 2.687006 0.000000 -2.687006
K 0.000000 0.000000 -5.374012
N 2.687006 2.687006 -5.374012
F 2.687006 5.374012 -2.687006
Q 5.374012 2.687006 -2.687006
T 5.374012 5.374012 0.000000


-59.810000	3730b7910
10

Q 0.000000 0.000000 0.000000
Y 2.687006 2.687006 0.000000
Q 0.000000 5.374012 0.000000
F 0.000000 2.687006 2.687006
W 2.687006 0.000000 2.687006
K 0.000000 0.000000 5.374012
N 2.687006 2.687006 5.374012
F 2.687006 5.374012 2.687006
Q 5.374012 2.687006 2.687006
T 5.374012 5.374012 0.000000


-59.810000	844137810
10

Q 0.000000 0.000000 0.000000
Y 2.687006 2.687006 0.000000
Q 0.000000 5.374012 0.000000
F 0.000000 2.687006 -2.687006
W 2.687006 0.000000 -2.687006
K 2.687006 2.687006 -5.374012
N 0.000000 5.374012 -5.374012
F 2.687006 5.374012 -2.687006
Q 5.374012 5.374012 0.000000
T 5.374012 2.687006 -2.687006


-59.810000	955127910
10

Q 0.000000 0.000000 0.000000
Y 2.687006 2.687006 0.000000
Q 0.000000 5.374012 0.000000
F 0.000000 2.687006 2.687006
W 2.687006 0.000000 2.687006
K 2.687006 2.687006 5.374012
N 0.000000 5.374012 5.374012
F 2.687006 5.374012 2.687006
Q 5.374012 5.374012 0.000000
T 5.374012 2.687006 2.687006


-59.810000	8087b0910
10

Q 0.000000 0.000000 0.000000
Y 2.687006 2.687006 0.000000
Q 0.000000 5.374012 0.000000
F 0.000000 2.687006 2.687006
W 2.687006 5.374012 2.687006
K 0.000000 5.374012 5.374012
N 2.687006 2.687006 5.374012
F 2.687006 0.000000 2.687006
Q 5.374012 2.687006 2.687006
T 5.374012 0.000000 0.000000


-59.810000	255690910
10

Q 0.000000 0.000000 0.000000
Y 2.687006 2.687006 0.000000
Q 0.000000 5.374012 0.000000
F 0.000000 2.687006 2.687006
W 2.687006 5.374012 2.687006
K 2.687006 2.687006 5.374012
N 0.000000 0.000000 5.374012
F 2.687006 0.000000 2.687006
Q 5.374012 0.000000 0.000000
T 5.374012 2.687006 2.687006


-59.810000	9097a0810
10

Q 0.000000 0.000000 0.000000
Y 2.687006 2.687006 0.000000
Q 0.000000 5.374012 0.000000
F 0.000000 2.687006 -2.687006
W 2.687006 5.374012 -2.687006
K 0.000000 5.374012 -5.374012
N 2.687006 2.687006 -5.374012
F 2.687006 0.000000 -2.687006
Q 5.374012 2.687006 -2.687006
T 5.374012 0.000000 0.000000


-59.810000	344680810
10

Q 0.000000 0.000000 0.000000
Y 2.687006 2.687006 0.000000
Q 0.000000 5.374012 0.000000
F 0.000000 2.687006 -2.687006
W 2.687006 5.374012 -2.687006
K 2.687006 2.687006 -5.374012
N 0.000000 0.000000 -5.374012
F 2.687006 0.000000 -2.687006
Q 5.374012 0.000000 0.000000
T 5.374012 2.687006 -2.687006
