-48.330000	1623497a0
10

Y 0.000000 0.000000 0.000000
Y 2.687006 2.687006 0.000000
D 0.000000 2.687006 -2.687006
P 2.687006 0.000000 -2.687006
E 2.687006 -2.687006 0.000000
T 5.374012 -2.687006 2.687006
G 5.374012 0.000000 0.000000
T 5.374012 2.687006 2.687006
W 2.687006 0.000000 2.687006
Y 0.000000 2.687006 2.687006


-48.330000	156197410
10

Y 0.000000 0.000000 0.000000
Y 2.687006 2.687006 0.000000
D 0.000000 5.374012 0.000000
P 2.687006 5.374012 2.687006
E 5.374012 2.687006 2.687006
T 5.374012 0.000000 5.374012
G 2.687006 2.687006 5.374012
T 0.000000 0.000000 5.374012
W 2.687006 0.000000 2.687006
Y 0.000000 2.687006 2.687006


-48.330000	146187510
10

Y 0.000000 0.000000 0.000000
Y 2.687006 2.687006 0.000000
D 0.000000 5.374012 0.000000
P 2.687006 5.374012 -2.687006
E 5.374012 2.687006 -2.687006
T 5.374012 0.000000 -5.374012
G 2.687006 2.687006 -5.374012
T 0.000000 0.000000 -5.374012
W 2.687006 0.000000 -2.687006
Y 0.000000 2.687006 -2.687006


-48.330000	225896140
10

Y 0.000000 0.000000 0.000000
Y 2.687006 2.687006 0.000000
D 5.374012 2.687006 2.687006
P 2.687006 5.374012 2.687006
E 0.000000 2.687006 2.687006
T 0.000000 0.000000 5.374012
G 0.000000 -2.687006 2.687006
T 2.687006 -2.687006 0.000000
W 2.687006 0.000000 2.687006
Y 2.687006 2.687006 5.374012


-48.330000	10ba947a0
10

Y 0.000000 0.000000 0.000000
Y 2.687006 2.687006 0.000000
D 0.000000 2.687006 -2.687006
P 2.687006 0.000000 -2.687006
E 5.374012 0.000000 0.000000
T 5.374012 -2.687006 2.687006
G 2.687006 -2.687006 0.000000
T 0.000000 -2.687006 2.687006
W 2.687006 0.000000 2.687006
Y 0.000000 2.687006 2.687006


-48.330000	1b8379410
10

Y 0.000000 0.000000 0.000000
Y 2.687006 2.687006 0.000000
D 0.000000 5.374012 0.000000
P 2.687006 5.374012 2.687006
E 2.687006 2.687006 5.374012
T 5.374012 0.000000 5.374012
G 5.374012 2.687006 2.687006
T 5.374012 0.000000 0.000000
W 2.687006 0.000000 2.687006
Y 0.000000 2.687006 2.687006


-48.330000	1a9278510
10

Y 0.000000 0.000000 0.000000
Y 2.687006 2.687006 0.000000
D 0.000000 5.374012 0.000000
P 2.687006 5.374012 -2.687006
E 2.687006 2.687006 -5.374012
T 5.374012 0.000000 -5.374012
G 5.374012 2.687006 -2.687006
T 5.374012 0.000000 0.000000
W 2.687006 0.000000 -2.687006
Y 0.000000 2.687006 -2.687006


-48.330000	791a84510
10

Y 0.000000 0.000000 0.000000
Y 2.687006 2.687006 0.000000
D 0.000000 5.374012 0.000000
P 2.687006 5.374012 -2.687006
E 5.374012 5.374012 0.000000
T 5.374012 2.687006 -2.687006
G 2.687006 2.687006 -5.374012
T 0.000000 5.374012 -5.374012
W 0.000000 2.687006 -2.687006
Y 2.687006 0.000000 -2.687006


-48.330000	781b95410
10

Y 0.000000 0.000000 0.000000
Y 2.687006 2.687006 0.000000
D 0.000000 5.374012 0.000000
P 2.687006 5.374012 2.687006
E 5.374012 5.374012 0.000000
T 5.374012 2.687006 2.687006
G 2.687006 2.687006 5.374012
T 0.000000 5.374012 5.374012
W 0.000000 2.687006 2.687006
Y 2.687006 0.000000 2.687006


-48.330000	114963840
10

Y 0.000000 0.000000 0.000000
Y 2.687006 2.687006 0.000000
D 5.374012 2.687006 2.687006
P 5.374012 0.000000 0.000000
E 5.374012 2.687006 -2.687006
T 2.687006 0.000000 -2.687006
G 2.687006 -2.687006 0.000000
T 5.374012 -2.687006 2.687006
W 2.687006 0.000000 2.687006
Y 0.000000 2.687006 2.687006
