-48.410000	143a65640
10

Y 0.000000 0.000000 0.000000
Y 2.687006 2.687006 0.000000
D 5.374012 2.687006 2.687006
P 2.687006 0.000000 2.687006
E 5.374012 0.000000 0.000000
T 2.687006 -2.687006 0.000000
G 0.000000 -2.687006 -2.687006
T 0.000000 0.000000 -5.374012
W 2.687006 0.000000 -2.687006
Y 0.000000 2.687006 -2.687006


-48.410000	70b681800
10

Y 0.000000 0.000000 0.000000
Y 2.687006 2.687006 0.000000
D 5.374012 5.374012 0.000000
P 5.374012 2.687006 -2.687006
E 2.687006 5.374012 -2.687006
T 2.687006 2.687006 -5.374012
G 0.000000 0.000000 -5.374012
T -2.687006 0.000000 -2.687006
W 0.000000 2.687006 -2.687006
Y 2.687006 0.000000 -2.687006


-48.410000	70a691900
10

Y 0.000000 0.000000 0.000000
Y 2.687006 2.687006 0.000000
D 5.374012 5.374012 0.000000
P 5.374012 2.687006 2.687006
E 2.687006 5.374012 2.687006
T 2.687006 2.687006 5.374012
G 0.000000 0.000000 5.374012
T -2.687006 0.000000 2.687006
W 0.000000 2.687006 2.687006
Y 2.687006 0.000000 2.687006


-48.410000	1096a7a00
10

Y 0.000000 0.000000 0.000000
Y 2.687006 2.687006 0.000000
D 5.374012 5.374012 0.000000
P 2.687006 5.374012 -2.687006
E 5.374012 2.687006 -2.687006
T 2.687006 2.687006 -5.374012
G 0.000000 0.000000 -5.374012
T 0.000000 -2.687006 -2.687006
W 2.687006 0.000000 -2.687006
Y 0.000000 2.687006 -2.687006


-48.410000	1086b7b00
10

Y 0.000000 0.000000 0.000000
Y 2.687006 2.687006 0.000000
D 5.374012 5.374012 0.000000
P 2.687006 5.374012 2.687006
E 5.374012 2.687006 2.687006
T 2.687006 2.687006 5.374012
G 0.000000 0.000000 5.374012
T 0.000000 -2.687006 2.687006
W 2.687006 0.000000 2.687006
Y 0.000000 2.687006 2.687006


-48.410000	107a61940
10

Y 0.000000 0.000000 0.000000
Y 2.687006 2.687006 0.000000
D 5.374012 2.687006 2.687006
P 5.374012 0.000000 5.374012
E 2.687006 2.687006 5.374012
T 0.000000 0.000000 5.374012
G -2.687006 0.000000 2.687006
T 0.000000 -2.687006 2.687006
W 2.687006 0.000000 2.687006
Y 0.000000 2.687006 2.687006


-48.410000	732798b10
10

Y 0.000000 0.000000 0.000000
Y 2.687006 2.687006 0.000000
D 0.000000 5.374012 0.000000
P -2.687006 5.374012 2.687006
E -2.687006 2.687006 0.000000
T -2.687006 0.000000 2.687006
G 0.000000 -2.687006 2.687006
T 0.000000 0.000000 5.374012
W 0.000000 2.687006 2.687006
Y 2.687006 0.000000 2.687006


-48.410000	723789a10
10

Y 0.000000 0.000000 0.000000
Y 2.687006 2.687006 0.000000
D 0.000000 5.374012 0.000000
P -2.687006 5.374012 -2.687006
E -2.687006 2.687006 0.000000
T -2.687006 0.000000 -2.687006
G 0.000000 -2.687006 -2.687006
T 0.000000 0.000000 -5.374012
W 0.000000 2.687006 -2.687006
Y 2.687006 0.000000 -2.687006
