-27.650000	4909610a0
10

Q 0.000000 0.000000 0.000000
Y 2.687006 2.687006 0.000000
Q 0.000000 2.687006 -2.687006
F 2.687006 5.374012 -2.687006
W 0.000000 8.061017 -2.687006
K -2.687006 5.374012 -2.687006
N -2.687006 2.687006 0.000000
F 0.000000 5.374012 0.000000
Q 0.000000 2.687006 2.687006
T 2.687006 2.687006 5.374012


-27.650000	9909610a0
10

Q 0.000000 0.000000 0.000000
Y 2.687006 2.687006 0.000000
Q 0.000000 2.687006 -2.687006
F 2.687006 5.374012 -2.687006
W 0.000000 8.061017 -2.687006
K -2.687006 5.374012 -2.687006
N -2.687006 2.687006 0.000000
F 0.000000 5.374012 0.000000
Q 0.000000 2.687006 2.687006
T 0.000000 0.000000 5.374012


-27.650000	6649a70a0
10

Q 0.000000 0.000000 0.000000
Y 2.687006 2.687006 0.000000
Q 0.000000 2.687006 -2.687006
F 2.687006 5.374012 -2.687006
W 5.374012 2.687006 -2.687006
K 2.687006 2.687006 -5.374012
N 2.687006 0.000000 -2.687006
F 5.374012 0.000000 0.000000
Q 2.687006 -2.687006 0.000000
T 0.000000 -5.374012 0.000000


-27.650000	664b810a0
10

Q 0.000000 0.000000 0.000000
Y 2.687006 2.687006 0.000000
Q 0.000000 2.687006 -2.687006
F 2.687006 5.374012 -2.687006
W 0.000000 8.061017 -2.687006
K 0.000000 5.374012 -5.374012
N -2.687006 5.374012 -2.687006
F 0.000000 5.374012 0.000000
Q -2.687006 2.687006 0.000000
T -5.374012 0.000000 0.000000


-27.650000	7649a70a0
10

Q 0.000000 0.000000 0.000000
Y 2.687006 2.687006 0.000000
Q 0.000000 2.687006 -2.687006
F 2.687006 5.374012 -2.687006
W 5.374012 2.687006 -2.687006
K 2.687006 2.687006 -5.374012
N 2.687006 0.000000 -2.687006
F 5.374012 0.000000 0.000000
Q 2.687006 -2.687006 0.000000
T 5.374012 -5.374012 0.000000


-27.650000	b909610a0
10

Q 0.000000 0.000000 0.000000
Y 2.687006 2.687006 0.000000
Q 0.000000 2.687006 -2.687006
F 2.687006 5.374012 -2.687006
W 0.000000 8.061017 -2.687006
K -2.687006 5.374012 -2.687006
N -2.687006 2.687006 0.000000
F 0.000000 5.374012 0.000000
Q 0.000000 2.687006 2.687006
T -2.687006 2.687006 5.374012


-27.650000	8649a70a0
10

Q 0.000000 0.000000 0.000000
Y 2.687006 2.687006 0.000000
Q 0.000000 2.687006 -2.687006
F 2.687006 5.374012 -2.687006
W 5.374012 2.687006 -2.687006
K 2.687006 2.687006 -5.374012
N 2.687006 0.000000 -2.687006
F 5.374012 0.000000 0.000000
Q 2.687006 -2.687006 0.000000
T 2.687006 -5.374012 -2.687006


-27.650000	9649a70a0
10

Q 0.000000 0.000000 0.000000
Y 2.687006 2.687006 0.000000
Q 0.000000 2.687006 -2.687006
F 2.687006 5.374012 -2.687006
W 5.374012 2.687006 -2.687006
K 2.687006 2.687006 -5.374012
N 2.687006 0.000000 -2.687006
F 5.374012 0.000000 0.000000
Q 2.687006 -2.687006 0.000000
T 2.687006 -5.374012 2.687006


-27.650000	2909610a0
10

Q 0.000000 0.000000 0.000000
Y 2.687006 2.687006 0.000000
Q 0.000000 2.687006 -2.687006
F 2.687006 5.374012 -2.687006
W 0.000000 8.061017 -2.687006
K -2.687006 5.374012 -2.687006
N -2.687006 2.687006 0.000000
F 0.000000 5.374012 0.000000
Q 0.000000 2.687006 2.687006
T 0.000000 5.374012 5.374012


-27.650000	b64b810a0
10

Q 0.000000 0.000000 0.000000
Y 2.687006 2.687006 0.000000
Q 0.000000 2.687006 -2.687006
F 2.687006 5.374012 -2.687006
W 0.000000 8.061017 -2.687006
K 0.000000 5.374012 -5.374012
N -2.687006 5.374012 -2.687006
F 0.000000 5.374012 0.000000
Q -2.687006 2.687006 0.000000
T -5.374012 2.687006 2.687006
