-49.800000	709b8a140
10

Y 0.000000 0.000000 0.000000
Y 2.687006 2.687006 0.000000
D 5.374012 2.687006 2.687006
P 2.687006 5.374012 2.687006
E 0.000000 5.374012 0.000000
T 0.000000 2.687006 -2.687006
G -2.687006 2.687006 0.000000
T -2.687006 0.000000 2.687006
W 0.000000 2.687006 2.687006
Y 2.687006 0.000000 2.687006


-49.800000	b3496a540
10

Y 0.000000 0.000000 0.000000
Y 2.687006 2.687006 0.000000
D 5.374012 2.687006 2.687006
P 8.061017 2.687006 0.000000
E 5.374012 2.687006 -2.687006
T 2.687006 0.000000 -2.687006
G 2.687006 -2.687006 0.000000
T 5.374012 -2.687006 2.687006
W 5.374012 0.000000 0.000000
Y 2.687006 0.000000 2.687006


-49.800000	b903a6740
10

Y 0.000000 0.000000 0.000000
Y 2.687006 2.687006 0.000000
D 5.374012 2.687006 2.687006
P 8.061017 0.000000 2.687006
E 5.374012 -2.687006 2.687006
T 2.687006 -2.687006 0.000000
G 2.687006 0.000000 -2.687006
T 5.374012 2.687006 -2.687006
W 5.374012 0.000000 0.000000
Y 2.687006 0.000000 2.687006


-49.800000	7a0279ba0
10

Y 0.000000 0.000000 0.000000
Y 2.687006 2.687006 0.000000
D 0.000000 2.687006 -2.687006
P -2.687006 2.687006 0.000000
E -2.687006 0.000000 2.687006
T 0.000000 -2.687006 2.687006
G 0.000000 0.000000 5.374012
T 2.687006 2.687006 5.374012
W 0.000000 2.687006 2.687006
Y 2.687006 0.000000 2.687006


-49.800000	743186b40
10

Y 0.000000 0.000000 0.000000
Y 2.687006 2.687006 0.000000
D 5.374012 2.687006 2.687006
P 2.687006 2.687006 5.374012
E 0.000000 0.000000 5.374012
T 0.000000 -2.687006 2.687006
G -2.687006 0.000000 2.687006
T -2.687006 2.687006 0.000000
W 0.000000 2.687006 2.687006
Y 2.687006 0.000000 2.687006


-49.800000	736b742a0
10

Y 0.000000 0.000000 0.000000
Y 2.687006 2.687006 0.000000
D 0.000000 2.687006 -2.687006
P 0.000000 5.374012 0.000000
E 2.687006 5.374012 2.687006
T 5.374012 2.687006 2.687006
G 2.687006 2.687006 5.374012
T 0.000000 0.000000 5.374012
W 0.000000 2.687006 2.687006
Y 2.687006 0.000000 2.687006
