-58.710000	808096410
10

Q 0.000000 0.000000 0.000000
Y 2.687006 2.687006 0.000000
Q 0.000000 5.374012 0.000000
F 2.687006 5.374012 2.687006
W 0.000000 2.687006 2.687006
K 0.000000 0.000000 5.374012
N 2.687006 2.687006 5.374012
F 2.687006 0.000000 2.687006
Q 5.374012 2.687006 2.687006
T 5.374012 0.000000 0.000000


-58.710000	808726410
10

Q 0.000000 0.000000 0.000000
Y 2.687006 2.687006 0.000000
Q 0.000000 5.374012 0.000000
F 2.687006 5.374012 2.687006
W 0.000000 2.687006 2.687006
K 0.000000 5.374012 5.374012
N 2.687006 2.687006 5.374012
F 2.687006 0.000000 2.687006
Q 5.374012 2.687006 2.687006
T 5.374012 0.000000 0.000000


-58.710000	909086510
10

Q 0.000000 0.000000 0.000000
Y 2.687006 2.687006 0.000000
Q 0.000000 5.374012 0.000000
F 2.687006 5.374012 -2.687006
W 0.000000 2.687006 -2.687006
K 0.000000 0.000000 -5.374012
N 2.687006 2.687006 -5.374012
F 2.687006 0.000000 -2.687006
Q 5.374012 2.687006 -2.687006
T 5.374012 0.000000 0.000000


-58.710000	909736510
10

Q 0.000000 0.000000 0.000000
Y 2.687006 2.687006 0.000000
Q 0.000000 5.374012 0.000000
F 2.687006 5.374012 -2.687006
W 0.000000 2.687006 -2.687006
K 0.000000 5.374012 -5.374012
N 2.687006 2.687006 -5.374012
F 2.687006 0.000000 -2.687006
Q 5.374012 2.687006 -2.687006
T 5.374012 0.000000 0.000000


-58.710000	209086510
10

Q 0.000000 0.000000 0.000000
Y 2.687006 2.687006 0.000000
Q 0.000000 5.374012 0.000000
F 2.687006 5.374012 -2.687006
W 0.000000 2.687006 -2.687006
K 0.000000 0.000000 -5.374012
N 2.687006 2.687006 -5.374012
F 2.687006 0.000000 -2.687006
Q 5.374012 2.687006 -2.687006
T 5.374012 5.374012 0.000000


-58.710000	209736510
10

Q 0.000000 0.000000 0.000000
Y 2.687006 2.687006 0.000000
Q 0.000000 5.374012 0.000000
F 2.687006 5.374012 -2.687006
W 0.000000 2.687006 -2.687006
K 0.000000 5.374012 -5.374012
N 2.687006 2.687006 -5.374012
F 2.687006 0.000000 -2.687006
Q 5.374012 2.687006 -2.687006
T 5.374012 5.374012 0.000000


-58.710000	308096410
10

Q 0.000000 0.000000 0.000000
Y 2.687006 2.687006 0.000000
Q 0.000000 5.374012 0.000000
F 2.687006 5.374012 2.687006
W 0.000000 2.687006 2.687006
K 0.000000 0.000000 5.374012
N 2.687006 2.687006 5.374012
F 2.687006 0.000000 2.687006
Q 5.374012 2.687006 2.687006
T 5.374012 5.374012 0.000000


-58.710000	308726410
10

Q 0.000000 0.000000 0.000000
Y 2.687006 2.687006 0.000000
Q 0.000000 5.374012 0.000000
F 2.687006 5.374012 2.687006
W 0.000000 2.687006 2.687006
K 0.000000 5.374012 5.374012
N 2.687006 2.687006 5.374012
F 2.687006 0.000000 2.687006
Q 5.374012 2.687006 2.687006
T 5.374012 5.374012 0.000000
