-57.550000	7a18047a0
10

Q 0.000000 0.000000 0.000000
Y 2.687006 2.687006 0.000000
Q 0.000000 2.687006 -2.687006
F 2.687006 0.000000 -2.687006
W 5.374012 0.000000 0.000000
K 8.061017 2.687006 0.000000
N 8.061017 0.000000 -2.687006
F 5.374012 2.687006 -2.687006
Q 2.687006 2.687006 -5.374012
T 5.374012 0.000000 -5.374012


-57.550000	a04566510
10

Q 0.000000 0.000000 0.000000
Y 2.687006 2.687006 0.000000
Q 0.000000 5.374012 0.000000
F 2.687006 5.374012 -2.687006
W 0.000000 2.687006 -2.687006
K -2.687006 0.000000 -2.687006
N 0.000000 0.000000 -5.374012
F 2.687006 0.000000 -2.687006
Q 5.374012 2.687006 -2.687006
T 2.687006 2.687006 -5.374012


-57.550000	b05466410
10

Q 0.000000 0.000000 0.000000
Y 2.687006 2.687006 0.000000
Q 0.000000 5.374012 0.000000
F 2.687006 5.374012 2.687006
W 0.000000 2.687006 2.687006
K -2.687006 0.000000 2.687006
N 0.000000 0.000000 5.374012
F 2.687006 0.000000 2.687006
Q 5.374012 2.687006 2.687006
T 2.687006 2.687006 5.374012


-57.550000	56b8407a0
10

Q 0.000000 0.000000 0.000000
Y 2.687006 2.687006 0.000000
Q 0.000000 2.687006 -2.687006
F 2.687006 0.000000 -2.687006
W 5.374012 2.687006 -2.687006
K 8.061017 2.687006 0.000000
N 8.061017 0.000000 -2.687006
F 5.374012 0.000000 0.000000
Q 2.687006 -2.687006 0.000000
T 5.374012 -2.687006 -2.687006


-57.550000	599038640
10

Q 0.000000 0.000000 0.000000
Y 2.687006 2.687006 0.000000
Q 5.374012 2.687006 2.687006
F 2.687006 0.000000 2.687006
W 2.687006 -2.687006 0.000000
K 2.687006 0.000000 -2.687006
N 5.374012 2.687006 -2.687006
F 5.374012 0.000000 0.000000
Q 5.374012 -2.687006 2.687006
T 8.061017 -2.687006 0.000000


-57.550000	799a32640
10

Q 0.000000 0.000000 0.000000
Y 2.687006 2.687006 0.000000
Q 5.374012 2.687006 2.687006
F 2.687006 0.000000 2.687006
W 2.687006 2.687006 5.374012
K 2.687006 5.374012 2.687006
N 0.000000 5.374012 0.000000
F 0.000000 2.687006 2.687006
Q 0.000000 0.000000 5.374012
T 2.687006 -2.687006 5.374012


-57.550000	657416410
10

Q 0.000000 0.000000 0.000000
Y 2.687006 2.687006 0.000000
Q 0.000000 5.374012 0.000000
F 2.687006 5.374012 2.687006
W 0.000000 2.687006 2.687006
K -2.687006 5.374012 2.687006
N 0.000000 5.374012 5.374012
F 2.687006 2.687006 5.374012
Q 5.374012 2.687006 2.687006
T 2.687006 0.000000 2.687006


-57.550000	647516510
10

Q 0.000000 0.000000 0.000000
Y 2.687006 2.687006 0.000000
Q 0.000000 5.374012 0.000000
F 2.687006 5.374012 -2.687006
W 0.000000 2.687006 -2.687006
K -2.687006 5.374012 -2.687006
N 0.000000 5.374012 -5.374012
F 2.687006 2.687006 -5.374012
Q 5.374012 2.687006 -2.687006
T 2.687006 0.000000 -2.687006


-57.550000	b99038640
10

Q 0.000000 0.000000 0.000000
Y 2.687006 2.687006 0.000000
Q 5.374012 2.687006 2.687006
F 2.687006 0.000000 2.687006
W 2.687006 -2.687006 0.000000
K 2.687006 0.000000 -2.687006
N 5.374012 2.687006 -2.687006
F 5.374012 0.000000 0.000000
Q 5.374012 -2.687006 2.687006
T 2.687006 -2.687006 5.374012


-57.550000	199a32640
10

Q 0.000000 0.000000 0.000000
Y 2.687006 2.687006 0.000000
Q 5.374012 2.687006 2.687006
F 2.687006 0.000000 2.687006
W 2.687006 2.687006 5.374012
K 2.687006 5.374012 2.687006
N 0.000000 5.374012 0.000000
F 0.000000 2.687006 2.687006
Q 0.000000 0.000000 5.374012
T -2.687006 2.687006 5.374012
