-29.000000	7647a52a0
10

Q 0.000000 0.000000 0.000000
Y 2.687006 2.687006 0.000000
Q 0.000000 2.687006 -2.687006
F 0.000000 5.374012 0.000000
W 2.687006 5.374012 -2.687006
K 0.000000 5.374012 -5.374012
N 2.687006 2.687006 -5.374012
F 5.374012 2.687006 -2.687006
Q 2.687006 0.000000 -2.687006
T 5.374012 -2.687006 -2.687006


-29.000000	8647a52a0
10

Q 0.000000 0.000000 0.000000
Y 2.687006 2.687006 0.000000
Q 0.000000 2.687006 -2.687006
F 0.000000 5.374012 0.000000
W 2.687006 5.374012 -2.687006
K 0.000000 5.374012 -5.374012
N 2.687006 2.687006 -5.374012
F 5.374012 2.687006 -2.687006
Q 2.687006 0.000000 -2.687006
T 2.687006 -2.687006 -5.374012


-29.000000	aa076b2a0
10

Q 0.000000 0.000000 0.000000
Y 2.687006 2.687006 0.000000
Q 0.000000 2.687006 -2.687006
F 0.000000 5.374012 0.000000
W -2.687006 5.374012 2.687006
K -5.374012 2.687006 2.687006
N -2.687006 0.000000 2.687006
F 0.000000 2.687006 2.687006
Q -2.687006 2.687006 0.000000
T -5.374012 2.687006 -2.687006


-29.000000	6649ab0a0
10

Q 0.000000 0.000000 0.000000
Y 2.687006 2.687006 0.000000
Q 0.000000 2.687006 -2.687006
F 2.687006 5.374012 -2.687006
W 0.000000 5.374012 0.000000
K -2.687006 5.374012 -2.687006
N -2.687006 2.687006 0.000000
F 0.000000 2.687006 2.687006
Q -2.687006 0.000000 2.687006
T -5.374012 -2.687006 2.687006


-29.000000	66456b2a0
10

Q 0.000000 0.000000 0.000000
Y 2.687006 2.687006 0.000000
Q 0.000000 2.687006 -2.687006
F 0.000000 5.374012 0.000000
W -2.687006 5.374012 2.687006
K -5.374012 2.687006 2.687006
N -2.687006 2.687006 0.000000
F 0.000000 2.687006 2.687006
Q -2.687006 0.000000 2.687006
T -5.374012 -2.687006 2.687006


-29.000000	9649ab0a0
10

Q 0.000000 0.000000 0.000000
Y 2.687006 2.687006 0.000000
Q 0.000000 2.687006 -2.687006
F 2.687006 5.374012 -2.687006
W 0.000000 5.374012 0.000000
K -2.687006 5.374012 -2.687006
N -2.687006 2.687006 0.000000
F 0.000000 2.687006 2.687006
Q -2.687006 0.000000 2.687006
T -2.687006 -2.687006 5.374012


-29.000000	96456b2a0
10

Q 0.000000 0.000000 0.000000
Y 2.687006 2.687006 0.000000
Q 0.000000 2.687006 -2.687006
F 0.000000 5.374012 0.000000
W -2.687006 5.374012 2.687006
K -5.374012 2.687006 2.687006
N -2.687006 2.687006 0.000000
F 0.000000 2.687006 2.687006
Q -2.687006 0.000000 2.687006
T -2.687006 -2.687006 5.374012


-29.000000	b649ab0a0
10

Q 0.000000 0.000000 0.000000
Y 2.687006 2.687006 0.000000
Q 0.000000 2.687006 -2.687006
F 2.687006 5.374012 -2.687006
W 0.000000 5.374012 0.000000
K -2.687006 5.374012 -2.687006
N -2.687006 2.687006 0.000000
F 0.000000 2.687006 2.687006
Q -2.687006 0.000000 2.687006
T -5.374012 0.000000 5.374012
