-48.020000	7a04b78a0
10

Y 0.000000 0.000000 0.000000
Y 2.687006 2.687006 0.000000
D 0.000000 2.687006 -2.687006
P 0.000000 0.000000 -5.374012
E 2.687006 -2.687006 -5.374012
T 0.000000 -2.687006 -2.687006
G 2.687006 -2.687006 0.000000
T 5.374012 0.000000 0.000000
W 2.687006 0.000000 -2.687006
Y 5.374012 -2.687006 -2.687006


-48.020000	5761b47a0
10

Y 0.000000 0.000000 0.000000
Y 2.687006 2.687006 0.000000
D 0.000000 2.687006 -2.687006
P 2.687006 0.000000 -2.687006
E 5.374012 0.000000 0.000000
T 2.687006 0.000000 2.687006
G 0.000000 2.687006 2.687006
T -2.687006 0.000000 2.687006
W 0.000000 -2.687006 2.687006
Y 2.687006 -2.687006 0.000000


-48.020000	341689140
10

Y 0.000000 0.000000 0.000000
Y 2.687006 2.687006 0.000000
D 5.374012 2.687006 2.687006
P 2.687006 5.374012 2.687006
E 2.687006 2.687006 5.374012
T 2.687006 0.000000 2.687006
G 0.000000 -2.687006 2.687006
T -2.687006 0.000000 2.687006
W 0.000000 0.000000 5.374012
Y 0.000000 2.687006 2.687006


-48.020000	7369275a0
10

Y 0.000000 0.000000 0.000000
Y 2.687006 2.687006 0.000000
D 0.000000 2.687006 -2.687006
P 2.687006 2.687006 -5.374012
E 5.374012 0.000000 -5.374012
T 5.374012 2.687006 -2.687006
G 5.374012 0.000000 0.000000
T 2.687006 -2.687006 0.000000
W 2.687006 0.000000 -2.687006
Y 5.374012 -2.687006 -2.687006


-48.020000	8701297a0
10

Y 0.000000 0.000000 0.000000
Y 2.687006 2.687006 0.000000
D 0.000000 2.687006 -2.687006
P 2.687006 0.000000 -2.687006
E 2.687006 -2.687006 0.000000
T 2.687006 0.000000 2.687006
G 0.000000 2.687006 2.687006
T 2.687006 5.374012 2.687006
W 5.374012 2.687006 2.687006
Y 5.374012 0.000000 0.000000


-48.020000	970138640
10

Y 0.000000 0.000000 0.000000
Y 2.687006 2.687006 0.000000
D 5.374012 2.687006 2.687006
P 2.687006 0.000000 2.687006
E 2.687006 -2.687006 0.000000
T 2.687006 0.000000 -2.687006
G 0.000000 2.687006 -2.687006
T 2.687006 5.374012 -2.687006
W 5.374012 2.687006 -2.687006
Y 5.374012 0.000000 0.000000
