-27.700000	7916852a0
10

Q 0.000000 0.000000 0.000000
Y 2.687006 2.687006 0.000000
Q 0.000000 2.687006 -2.687006
F 0.000000 5.374012 0.000000
W 2.687006 5.374012 -2.687006
K 2.687006 2.687006 -5.374012
N 0.000000 0.000000 -5.374012
F -2.687006 2.687006 -5.374012
Q -2.687006 0.000000 -2.687006
T 0.000000 -2.687006 -2.687006


-27.700000	7916751a0
10

Q 0.000000 0.000000 0.000000
Y 2.687006 2.687006 0.000000
Q 0.000000 2.687006 -2.687006
F -2.687006 5.374012 -2.687006
W 0.000000 5.374012 -5.374012
K 2.687006 2.687006 -5.374012
N 0.000000 0.000000 -5.374012
F -2.687006 2.687006 -5.374012
Q -2.687006 0.000000 -2.687006
T 0.000000 -2.687006 -2.687006


-27.700000	57b65a2a0
10

Q 0.000000 0.000000 0.000000
Y 2.687006 2.687006 0.000000
Q 0.000000 2.687006 -2.687006
F 0.000000 5.374012 0.000000
W -2.687006 5.374012 -2.687006
K 0.000000 5.374012 -5.374012
N -2.687006 2.687006 -5.374012
F -5.374012 2.687006 -2.687006
Q -2.687006 0.000000 -2.687006
T 0.000000 0.000000 -5.374012


-27.700000	3196852a0
10

Q 0.000000 0.000000 0.000000
Y 2.687006 2.687006 0.000000
Q 0.000000 2.687006 -2.687006
F 0.000000 5.374012 0.000000
W 2.687006 5.374012 -2.687006
K 2.687006 2.687006 -5.374012
N 0.000000 0.000000 -5.374012
F 0.000000 -2.687006 -2.687006
Q -2.687006 0.000000 -2.687006
T -2.687006 2.687006 -5.374012


-27.700000	a6475a2a0
10

Q 0.000000 0.000000 0.000000
Y 2.687006 2.687006 0.000000
Q 0.000000 2.687006 -2.687006
F 0.000000 5.374012 0.000000
W -2.687006 5.374012 -2.687006
K 0.000000 5.374012 -5.374012
N 2.687006 2.687006 -5.374012
F 5.374012 2.687006 -2.687006
Q 2.687006 0.000000 -2.687006
T 0.000000 0.000000 -5.374012


-27.700000	9b32687a0
10

Q 0.000000 0.000000 0.000000
Y 2.687006 2.687006 0.000000
Q 0.000000 2.687006 -2.687006
F 2.687006 0.000000 -2.687006
W 2.687006 -2.687006 -5.374012
K 0.000000 -5.374012 -5.374012
N 0.000000 -2.687006 -2.687006
F 0.000000 0.000000 -5.374012
Q -2.687006 0.000000 -2.687006
T -2.687006 -2.687006 0.000000


-27.700000	9b31987a0
10

Q 0.000000 0.000000 0.000000
Y 2.687006 2.687006 0.000000
Q 0.000000 2.687006 -2.687006
F 2.687006 0.000000 -2.687006
W 2.687006 -2.687006 -5.374012
K 2.687006 -5.374012 -2.687006
N 0.000000 -2.687006 -2.687006
F 0.000000 0.000000 -5.374012
Q -2.687006 0.000000 -2.687006
T -2.687006 -2.687006 0.000000


-27.700000	ab79852a0
10

Q 0.000000 0.000000 0.000000
Y 2.687006 2.687006 0.000000
Q 0.000000 2.687006 -2.687006
F 0.000000 5.374012 0.000000
W 2.687006 5.374012 -2.687006
K 2.687006 2.687006 -5.374012
N 2.687006 0.000000 -2.687006
F 5.374012 -2.687006 -2.687006
Q 2.687006 -2.687006 0.000000
T 0.000000 -2.687006 -2.687006


-27.700000	2192a87a0
10

Q 0.000000 0.000000 0.000000
Y 2.687006 2.687006 0.000000
Q 0.000000 2.687006 -2.687006
F 2.687006 0.000000 -2.687006
W 2.687006 -2.687006 -5.374012
K 0.000000 -2.687006 -8.061017
N 0.000000 0.000000 -5.374012
F 0.000000 -2.687006 -2.687006
Q -2.687006 0.000000 -2.687006
T -2.687006 2.687006 0.000000


-27.700000	219b387a0
10

Q 0.000000 0.000000 0.000000
Y 2.687006 2.687006 0.000000
Q 0.000000 2.687006 -2.687006
F 2.687006 0.000000 -2.687006
W 2.687006 -2.687006 -5.374012
K 2.687006 0.000000 -8.061017
N 0.000000 0.000000 -5.374012
F 0.000000 -2.687006 -2.687006
Q -2.687006 0.000000 -2.687006
T -2.687006 2.687006 0.000000


-27.700000	1b89852a0
10

Q 0.000000 0.000000 0.000000
Y 2.687006 2.687006 0.000000
Q 0.000000 2.687006 -2.687006
F 0.000000 5.374012 0.000000
W 2.687006 5.374012 -2.687006
K 2.687006 2.687006 -5.374012
N 2.687006 0.000000 -2.687006
F 2.687006 -2.687006 -5.374012
Q 0.000000 -2.687006 -2.687006
T -2.687006 0.000000 -2.687006


-27.700000	3192a87a0
10

Q 0.000000 0.000000 0.000000
Y 2.687006 2.687006 0.000000
Q 0.000000 2.687006 -2.687006
F 2.687006 0.000000 -2.687006
W 2.687006 -2.687006 -5.374012
K 0.000000 -2.687006 -8.061017
N 0.000000 0.000000 -5.374012
F 0.000000 -2.687006 -2.687006
Q -2.687006 0.000000 -2.687006
T -2.687006 2.687006 -5.374012


-27.700000	319b387a0
10

Q 0.000000 0.000000 0.000000
Y 2.687006 2.687006 0.000000
Q 0.000000 2.687006 -2.687006
F 2.687006 0.000000 -2.687006
W 2.687006 -2.687006 -5.374012
K 2.687006 0.000000 -8.061017
N 0.000000 0.000000 -5.374012
F 0.000000 -2.687006 -2.687006
Q -2.687006 0.000000 -2.687006
T -2.687006 2.687006 -5.374012


-27.700000	2b32687a0
10

Q 0.000000 0.000000 0.000000
Y 2.687006 2.687006 0.000000
Q 0.000000 2.687006 -2.687006
F 2.687006 0.000000 -2.687006
W 2.687006 -2.687006 -5.374012
K 0.000000 -5.374012 -5.374012
N 0.000000 -2.687006 -2.687006
F 0.000000 0.000000 -5.374012
Q -2.687006 0.000000 -2.687006
T -2.687006 2.687006 0.000000


-27.700000	2b31987a0
10

Q 0.000000 0.000000 0.000000
Y 2.687006 2.687006 0.000000
Q 0.000000 2.687006 -2.687006
F 2.687006 0.000000 -2.687006
W 2.687006 -2.687006 -5.374012
K 2.687006 -5.374012 -2.687006
N 0.000000 -2.687006 -2.687006
F 0.000000 0.000000 -5.374012
Q -2.687006 0.000000 -2.687006
T -2.687006 2.687006 0.000000


-27.700000	a6495a0a0
10

Q 0.000000 0.000000 0.000000
Y 2.687006 2.687006 0.000000
Q 0.000000 2.687006 -2.687006
F 2.687006 5.374012 -2.687006
W 0.000000 5.374012 -5.374012
K 2.687006 5.374012 -8.061017
N 2.687006 2.687006 -5.374012
F 5.374012 2.687006 -2.687006
Q 2.687006 0.000000 -2.687006
T 0.000000 0.000000 -5.374012


-27.700000	4b89852a0
10

Q 0.000000 0.000000 0.000000
Y 2.687006 2.687006 0.000000
Q 0.000000 2.687006 -2.687006
F 0.000000 5.374012 0.000000
W 2.687006 5.374012 -2.687006
K 2.687006 2.687006 -5.374012
N 2.687006 0.000000 -2.687006
F 2.687006 -2.687006 -5.374012
Q 0.000000 -2.687006 -2.687006
T 2.687006 -2.687006 0.000000


-27.700000	881a942a0
10

Q 0.000000 0.000000 0.000000
Y 2.687006 2.687006 0.000000
Q 0.000000 2.687006 -2.687006
F 0.000000 5.374012 0.000000
W 2.687006 5.374012 2.687006
K 2.687006 2.687006 5.374012
N 0.000000 2.687006 2.687006
F -2.687006 5.374012 2.687006
Q -2.687006 2.687006 0.000000
T -2.687006 0.000000 -2.687006


-27.700000	981a942a0
10

Q 0.000000 0.000000 0.000000
Y 2.687006 2.687006 0.000000
Q 0.000000 2.687006 -2.687006
F 0.000000 5.374012 0.000000
W 2.687006 5.374012 2.687006
K 2.687006 2.687006 5.374012
N 0.000000 2.687006 2.687006
F -2.687006 5.374012 2.687006
Q -2.687006 2.687006 0.000000
T -2.687006 0.000000 2.687006
