-58.180000	01197a510
10

Q 0.000000 0.000000 0.000000
Y 2.687006 2.687006 0.000000
Q 0.000000 5.374012 0.000000
F 2.687006 5.374012 -2.687006
W 0.000000 5.374012 -5.374012
K 2.687006 2.687006 -5.374012
N 2.687006 0.000000 -2.687006
F 0.000000 2.687006 -2.687006
Q -2.687006 5.374012 -2.687006
T 0.000000 8.061017 -2.687006


-58.180000	01187b410
10

Q 0.000000 0.000000 0.000000
Y 2.687006 2.687006 0.000000
Q 0.000000 5.374012 0.000000
F 2.687006 5.374012 2.687006
W 0.000000 5.374012 5.374012
K 2.687006 2.687006 5.374012
N 2.687006 0.000000 2.687006
F 0.000000 2.687006 2.687006
Q -2.687006 5.374012 2.687006
T 0.000000 8.061017 2.687006


-58.180000	097810810
10

Q 0.000000 0.000000 0.000000
Y 2.687006 2.687006 0.000000
Q 0.000000 5.374012 0.000000
F 0.000000 2.687006 -2.687006
W 2.687006 5.374012 -2.687006
K 0.000000 8.061017 -2.687006
N 0.000000 5.374012 -5.374012
F 2.687006 2.687006 -5.374012
Q 2.687006 0.000000 -2.687006
T 5.374012 2.687006 -2.687006


-58.180000	087910910
10

Q 0.000000 0.000000 0.000000
Y 2.687006 2.687006 0.000000
Q 0.000000 5.374012 0.000000
F 0.000000 2.687006 2.687006
W 2.687006 5.374012 2.687006
K 0.000000 8.061017 2.687006
N 0.000000 5.374012 5.374012
F 2.687006 2.687006 5.374012
Q 2.687006 0.000000 2.687006
T 5.374012 2.687006 2.687006


-58.180000	730267910
10

Q 0.000000 0.000000 0.000000
Y 2.687006 2.687006 0.000000
Q 0.000000 5.374012 0.000000
F 0.000000 2.687006 2.687006
W 2.687006 0.000000 2.687006
K 0.000000 -2.687006 2.687006
N 0.000000 0.000000 5.374012
F 2.687006 2.687006 5.374012
Q 2.687006 5.374012 2.687006
T 5.374012 2.687006 2.687006


-58.180000	720367810
10

Q 0.000000 0.000000 0.000000
Y 2.687006 2.687006 0.000000
Q 0.000000 5.374012 0.000000
F 0.000000 2.687006 -2.687006
W 2.687006 0.000000 -2.687006
K 0.000000 -2.687006 -2.687006
N 0.000000 0.000000 -5.374012
F 2.687006 2.687006 -5.374012
Q 2.687006 5.374012 -2.687006
T 5.374012 2.687006 -2.687006
