-47.810000	a3b458640
10

Y 0.000000 0.000000 0.000000
Y 2.687006 2.687006 0.000000
D 5.374012 2.687006 2.687006
P 2.687006 0.000000 2.687006
E 2.687006 -2.687006 0.000000
T 5.374012 -2.687006 -2.687006
G 8.061017 -2.687006 0.000000
T 5.374012 -2.687006 2.687006
W 5.374012 0.000000 0.000000
Y 2.687006 0.000000 -2.687006


-47.810000	a2a548640
10

Y 0.000000 0.000000 0.000000
Y 2.687006 2.687006 0.000000
D 5.374012 2.687006 2.687006
P 2.687006 0.000000 2.687006
E 2.687006 -2.687006 0.000000
T 5.374012 -2.687006 2.687006
G 8.061017 -2.687006 0.000000
T 5.374012 -2.687006 -2.687006
W 5.374012 0.000000 0.000000
Y 2.687006 0.000000 -2.687006


-47.810000	1802a6940
10

Y 0.000000 0.000000 0.000000
Y 2.687006 2.687006 0.000000
D 5.374012 2.687006 2.687006
P 5.374012 0.000000 5.374012
E 2.687006 -2.687006 5.374012
T 0.000000 -2.687006 2.687006
G 0.000000 0.000000 5.374012
T 2.687006 2.687006 5.374012
W 2.687006 0.000000 2.687006
Y 0.000000 2.687006 2.687006


-47.810000	67349b810
10

Y 0.000000 0.000000 0.000000
Y 2.687006 2.687006 0.000000
D 0.000000 5.374012 0.000000
P 0.000000 2.687006 -2.687006
E -2.687006 2.687006 0.000000
T -2.687006 0.000000 2.687006
G 0.000000 0.000000 5.374012
T 0.000000 2.687006 2.687006
W 2.687006 0.000000 2.687006
Y 0.000000 -2.687006 2.687006


-47.810000	67258a910
10

Y 0.000000 0.000000 0.000000
Y 2.687006 2.687006 0.000000
D 0.000000 5.374012 0.000000
P 0.000000 2.687006 2.687006
E -2.687006 2.687006 0.000000
T -2.687006 0.000000 -2.687006
G 0.000000 0.000000 -5.374012
T 0.000000 2.687006 -2.687006
W 2.687006 0.000000 -2.687006
Y 0.000000 -2.687006 -2.687006


-47.810000	752b78a10
10

Y 0.000000 0.000000 0.000000
Y 2.687006 2.687006 0.000000
D 0.000000 5.374012 0.000000
P -2.687006 5.374012 -2.687006
E -2.687006 2.687006 -5.374012
T 0.000000 0.000000 -5.374012
G -2.687006 0.000000 -2.687006
T -2.687006 2.687006 0.000000
W 0.000000 2.687006 -2.687006
Y 2.687006 0.000000 -2.687006


-47.810000	743a79b10
10

Y 0.000000 0.000000 0.000000
Y 2.687006 2.687006 0.000000
D 0.000000 5.374012 0.000000
P -2.687006 5.374012 2.687006
E -2.687006 2.687006 5.374012
T 0.000000 0.000000 5.374012
G -2.687006 0.000000 2.687006
T -2.687006 2.687006 0.000000
W 0.000000 2.687006 2.687006
Y 2.687006 0.000000 2.687006


-47.810000	8018b9840
10

Y 0.000000 0.000000 0.000000
Y 2.687006 2.687006 0.000000
D 5.374012 2.687006 2.687006
P 5.374012 0.000000 0.000000
E 5.374012 -2.687006 2.687006
T 2.687006 -2.687006 5.374012
G 2.687006 -5.374012 2.687006
T 0.000000 -2.687006 2.687006
W 2.687006 0.000000 2.687006
Y 2.687006 -2.687006 0.000000
