-25.950000	3845632a0
10

Q 0.000000 0.000000 0.000000
Y 2.687006 2.687006 0.000000
Q 0.000000 2.687006 -2.687006
F 0.000000 5.374012 0.000000
W 0.000000 8.061017 -2.687006
K -2.687006 5.374012 -2.687006
N 0.000000 5.374012 -5.374012
F 2.687006 5.374012 -2.687006
Q 2.687006 2.687006 -5.374012
T 2.687006 5.374012 -8.061017


-25.950000	57a9610a0
10

Q 0.000000 0.000000 0.000000
Y 2.687006 2.687006 0.000000
Q 0.000000 2.687006 -2.687006
F 2.687006 5.374012 -2.687006
W 0.000000 8.061017 -2.687006
K -2.687006 5.374012 -2.687006
N -2.687006 2.687006 0.000000
F -5.374012 2.687006 -2.687006
Q -2.687006 0.000000 -2.687006
T 0.000000 0.000000 -5.374012


-25.950000	6845632a0
10

Q 0.000000 0.000000 0.000000
Y 2.687006 2.687006 0.000000
Q 0.000000 2.687006 -2.687006
F 0.000000 5.374012 0.000000
W 0.000000 8.061017 -2.687006
K -2.687006 5.374012 -2.687006
N 0.000000 5.374012 -5.374012
F 2.687006 5.374012 -2.687006
Q 2.687006 2.687006 -5.374012
T 0.000000 0.000000 -5.374012


-25.950000	77a9610a0
10

Q 0.000000 0.000000 0.000000
Y 2.687006 2.687006 0.000000
Q 0.000000 2.687006 -2.687006
F 2.687006 5.374012 -2.687006
W 0.000000 8.061017 -2.687006
K -2.687006 5.374012 -2.687006
N -2.687006 2.687006 0.000000
F -5.374012 2.687006 -2.687006
Q -2.687006 0.000000 -2.687006
T 0.000000 -2.687006 -2.687006


-25.950000	97a9610a0
10

Q 0.000000 0.000000 0.000000
Y 2.687006 2.687006 0.000000
Q 0.000000 2.687006 -2.687006
F 2.687006 5.374012 -2.687006
W 0.000000 8.061017 -2.687006
K -2.687006 5.374012 -2.687006
N -2.687006 2.687006 0.000000
F -5.374012 2.687006 -2.687006
Q -2.687006 0.000000 -2.687006
T -2.687006 -2.687006 0.000000


-25.950000	a849a70a0
10

Q 0.000000 0.000000 0.000000
Y 2.687006 2.687006 0.000000
Q 0.000000 2.687006 -2.687006
F 2.687006 5.374012 -2.687006
W 5.374012 2.687006 -2.687006
K 2.687006 2.687006 -5.374012
N 2.687006 0.000000 -2.687006
F 5.374012 0.000000 0.000000
Q 5.374012 -2.687006 -2.687006
T 2.687006 -2.687006 -5.374012


-25.950000	a845632a0
10

Q 0.000000 0.000000 0.000000
Y 2.687006 2.687006 0.000000
Q 0.000000 2.687006 -2.687006
F 0.000000 5.374012 0.000000
W 0.000000 8.061017 -2.687006
K -2.687006 5.374012 -2.687006
N 0.000000 5.374012 -5.374012
F 2.687006 5.374012 -2.687006
Q 2.687006 2.687006 -5.374012
T 0.000000 2.687006 -8.061017


-25.950000	7659ba510
10

Q 0.000000 0.000000 0.000000
Y 2.687006 2.687006 0.000000
Q 0.000000 5.374012 0.000000
F 2.687006 5.374012 -2.687006
W 0.000000 5.374012 -5.374012
K -2.687006 5.374012 -2.687006
N -2.687006 2.687006 0.000000
F 0.000000 2.687006 -2.687006
Q -2.687006 0.000000 -2.687006
T 0.000000 -2.687006 -2.687006


-25.950000	7648ab410
10

Q 0.000000 0.000000 0.000000
Y 2.687006 2.687006 0.000000
Q 0.000000 5.374012 0.000000
F 2.687006 5.374012 2.687006
W 0.000000 5.374012 5.374012
K -2.687006 5.374012 2.687006
N -2.687006 2.687006 0.000000
F 0.000000 2.687006 2.687006
Q -2.687006 0.000000 2.687006
T 0.000000 -2.687006 2.687006


-25.950000	8648ab410
10

Q 0.000000 0.000000 0.000000
Y 2.687006 2.687006 0.000000
Q 0.000000 5.374012 0.000000
F 2.687006 5.374012 2.687006
W 0.000000 5.374012 5.374012
K -2.687006 5.374012 2.687006
N -2.687006 2.687006 0.000000
F 0.000000 2.687006 2.687006
Q -2.687006 0.000000 2.687006
T -2.687006 -2.687006 0.000000


-25.950000	9659ba510
10

Q 0.000000 0.000000 0.000000
Y 2.687006 2.687006 0.000000
Q 0.000000 5.374012 0.000000
F 2.687006 5.374012 -2.687006
W 0.000000 5.374012 -5.374012
K -2.687006 5.374012 -2.687006
N -2.687006 2.687006 0.000000
F 0.000000 2.687006 -2.687006
Q -2.687006 0.000000 -2.687006
T -2.687006 -2.687006 0.000000


-25.950000	a648ab410
10

Q 0.000000 0.000000 0.000000
Y 2.687006 2.687006 0.000000
Q 0.000000 5.374012 0.000000
F 2.687006 5.374012 2.687006
W 0.000000 5.374012 5.374012
K -2.687006 5.374012 2.687006
N -2.687006 2.687006 0.000000
F 0.000000 2.687006 2.687006
Q -2.687006 0.000000 2.687006
T -5.374012 0.000000 0.000000


-25.950000	b659ba510
10

Q 0.000000 0.000000 0.000000
Y 2.687006 2.687006 0.000000
Q 0.000000 5.374012 0.000000
F 2.687006 5.374012 -2.687006
W 0.000000 5.374012 -5.374012
K -2.687006 5.374012 -2.687006
N -2.687006 2.687006 0.000000
F 0.000000 2.687006 -2.687006
Q -2.687006 0.000000 -2.687006
T -5.374012 0.000000 0.000000
