1912, 1913, 1929, 2185, 2169, 2170, 2186, 2442, 2426, 2427, 2171, 2172, 2428, 2412, 2396, 2140, 1884, 1900, 1899, 1643
1656, 1912, 1913, 1929, 2185, 2169, 2170, 2186, 2442, 2443, 2427, 2411, 2667, 2683, 2682, 2666, 2650, 2394, 2393, 2137
1672, 1928, 1912, 1913, 1929, 2185, 2169, 2170, 2186, 2442, 2441, 2697, 2698, 2714, 2730, 2729, 2728, 2712, 2456, 2455
1656, 1672, 1928, 1912, 1913, 1929, 2185, 2169, 2170, 2186, 2202, 2218, 2219, 2203, 1947, 1691, 1690, 1689, 1433, 1432
1655, 1656, 1672, 1928, 1912, 1913, 1929, 2185, 2169, 2170, 1914, 1915, 2171, 2155, 2139, 1883, 1627, 1643, 1642, 1386
1399, 1655, 1656, 1672, 1928, 1912, 1913, 1929, 2185, 2169, 2153, 2409, 2425, 2424, 2680, 2679, 2663, 2407, 2151, 2150
1383, 1399, 1655, 1656, 1672, 1928, 1912, 1913, 1929, 2185, 2184, 2200, 2201, 1945, 1961, 1960, 1959, 1943, 1942, 1941
1367, 1368, 1384, 1640, 1641, 1657, 1656, 1912, 1913, 1929, 1673, 1674, 1930, 1914, 1915, 1659, 1403, 1402, 1146, 890
1702, 1703, 1687, 1431, 1415, 1671, 1927, 1911, 1912, 1913, 1929, 1930, 1914, 1658, 1402, 1418, 1434, 1433, 1449, 1465
2650, 2666, 2410, 2409, 2425, 2169, 2153, 2152, 2168, 1912, 1913, 1929, 1928, 2184, 2200, 2201, 2202, 2186, 2187, 2188
2662, 2663, 2407, 2423, 2424, 2168, 2167, 2183, 2184, 1928, 1912, 1913, 1929, 2185, 2186, 2170, 2154, 2153, 2137, 2121
1191, 1447, 1431, 1432, 1688, 1672, 1416, 1417, 1673, 1657, 1656, 1912, 1913, 1929, 2185, 2184, 2183, 1927, 1926, 1925
1355, 1371, 1370, 1626, 1642, 1641, 1625, 1881, 1897, 1896, 1640, 1656, 1912, 1913, 1929, 1673, 1417, 1401, 1145, 889
1448, 1704, 1703, 1447, 1431, 1687, 1686, 1670, 1671, 1927, 1928, 2184, 2168, 1912, 1913, 1929, 1945, 1961, 1705, 1721
1676, 1675, 1419, 1403, 1659, 1658, 1402, 1386, 1385, 1401, 1417, 1416, 1400, 1656, 1912, 1913, 1929, 1930, 1931, 1947
2217, 2201, 2457, 2456, 2200, 2184, 2440, 2439, 2423, 2424, 2425, 2409, 2408, 2152, 1896, 1912, 1913, 1929, 1945, 1946
1916, 1900, 1899, 1915, 2171, 2155, 2139, 2395, 2394, 2393, 2137, 2136, 2392, 2408, 2424, 2168, 1912, 1913, 1929, 1673
1658, 1657, 1401, 1385, 1641, 1640, 1384, 1368, 1367, 1383, 1399, 1398, 1382, 1638, 1894, 1895, 1911, 1912, 1913, 1929
