-16.385614	16b389400
10

Y 0.000000 0.000000 0.000000
Y 2.687006 2.687006 0.000000
D 5.374012 5.374012 0.000000
P 8.061017 5.374012 2.687006
E 8.061017 2.687006 5.374012
T 8.061017 0.000000 2.687006
G 8.061017 2.687006 0.000000
T 5.374012 2.687006 2.687006
W 2.687006 0.000000 2.687006
Y 0.000000 2.687006 2.687006


-16.385614	16b367500
10

Y 0.000000 0.000000 0.000000
Y 2.687006 2.687006 0.000000
D 5.374012 5.374012 0.000000
P 8.061017 5.374012 -2.687006
E 10.748023 2.687006 -2.687006
T 8.061017 0.000000 -2.687006
G 8.061017 2.687006 -5.374012
T 5.374012 2.687006 -2.687006
W 2.687006 0.000000 -2.687006
Y 0.000000 2.687006 -2.687006


-16.385614	16b367400
10

Y 0.000000 0.000000 0.000000
Y 2.687006 2.687006 0.000000
D 5.374012 5.374012 0.000000
P 8.061017 5.374012 2.687006
E 10.748023 2.687006 2.687006
T 8.061017 0.000000 2.687006
G 8.061017 2.687006 0.000000
T 5.374012 2.687006 2.687006
W 2.687006 0.000000 2.687006
Y 0.000000 2.687006 2.687006


-16.385614	16a267500
10

Y 0.000000 0.000000 0.000000
Y 2.687006 2.687006 0.000000
D 5.374012 5.374012 0.000000
P 8.061017 5.374012 -2.687006
E 10.748023 2.687006 -2.687006
T 8.061017 0.000000 -2.687006
G 8.061017 2.687006 0.000000
T 5.374012 2.687006 -2.687006
W 2.687006 0.000000 -2.687006
Y 0.000000 2.687006 -2.687006


-16.385614	16a267400
10

Y 0.000000 0.000000 0.000000
Y 2.687006 2.687006 0.000000
D 5.374012 5.374012 0.000000
P 8.061017 5.374012 2.687006
E 10.748023 2.687006 2.687006
T 8.061017 0.000000 2.687006
G 8.061017 2.687006 5.374012
T 5.374012 2.687006 2.687006
W 2.687006 0.000000 2.687006
Y 0.000000 2.687006 2.687006


-16.385614	16a238740
10

Y 0.000000 0.000000 0.000000
Y 2.687006 2.687006 0.000000
D 5.374012 2.687006 2.687006
P 8.061017 0.000000 2.687006
E 8.061017 -2.687006 0.000000
T 8.061017 0.000000 -2.687006
G 8.061017 2.687006 0.000000
T 5.374012 2.687006 -2.687006
W 2.687006 0.000000 -2.687006
Y 0.000000 2.687006 -2.687006


-16.385614	16a237840
10

Y 0.000000 0.000000 0.000000
Y 2.687006 2.687006 0.000000
D 5.374012 2.687006 2.687006
P 5.374012 0.000000 0.000000
E 8.061017 -2.687006 0.000000
T 8.061017 0.000000 -2.687006
G 8.061017 2.687006 0.000000
T 5.374012 2.687006 -2.687006
W 2.687006 0.000000 -2.687006
Y 0.000000 2.687006 -2.687006


-16.385614	16a2a5740
10

Y 0.000000 0.000000 0.000000
Y 2.687006 2.687006 0.000000
D 5.374012 2.687006 2.687006
P 8.061017 0.000000 2.687006
E 10.748023 0.000000 0.000000
T 8.061017 0.000000 -2.687006
G 8.061017 2.687006 0.000000
T 5.374012 2.687006 -2.687006
W 2.687006 0.000000 -2.687006
Y 0.000000 2.687006 -2.687006


-16.385614	16a298500
10

Y 0.000000 0.000000 0.000000
Y 2.687006 2.687006 0.000000
D 5.374012 5.374012 0.000000
P 8.061017 5.374012 -2.687006
E 8.061017 2.687006 -5.374012
T 8.061017 0.000000 -2.687006
G 8.061017 2.687006 0.000000
T 5.374012 2.687006 -2.687006
W 2.687006 0.000000 -2.687006
Y 0.000000 2.687006 -2.687006


-16.385614	168165040
10

Y 0.000000 0.000000 0.000000
Y 2.687006 2.687006 0.000000
D 5.374012 2.687006 2.687006
P 8.061017 5.374012 2.687006
E 10.748023 5.374012 0.000000
T 8.061017 2.687006 0.000000
G 5.374012 5.374012 0.000000
T 5.374012 2.687006 -2.687006
W 2.687006 0.000000 -2.687006
Y 0.000000 2.687006 -2.687006


-16.385614	163637900
10

Y 0.000000 0.000000 0.000000
Y 2.687006 2.687006 0.000000
D 5.374012 5.374012 0.000000
P 5.374012 2.687006 2.687006
E 8.061017 0.000000 2.687006
T 8.061017 2.687006 0.000000
G 5.374012 0.000000 0.000000
T 5.374012 2.687006 -2.687006
W 2.687006 0.000000 -2.687006
Y 0.000000 2.687006 -2.687006


-16.385614	163615740
10

Y 0.000000 0.000000 0.000000
Y 2.687006 2.687006 0.000000
D 5.374012 2.687006 2.687006
P 8.061017 0.000000 2.687006
E 10.748023 0.000000 0.000000
T 8.061017 2.687006 0.000000
G 5.374012 0.000000 0.000000
T 5.374012 2.687006 -2.687006
W 2.687006 0.000000 -2.687006
Y 0.000000 2.687006 -2.687006


-16.385614	163b38740
10

Y 0.000000 0.000000 0.000000
Y 2.687006 2.687006 0.000000
D 5.374012 2.687006 2.687006
P 8.061017 0.000000 2.687006
E 8.061017 -2.687006 0.000000
T 8.061017 0.000000 -2.687006
G 5.374012 0.000000 0.000000
T 5.374012 2.687006 -2.687006
W 2.687006 0.000000 -2.687006
Y 0.000000 2.687006 -2.687006


-16.385614	163ba7700
10

Y 0.000000 0.000000 0.000000
Y 2.687006 2.687006 0.000000
D 5.374012 5.374012 0.000000
P 8.061017 2.687006 0.000000
E 10.748023 0.000000 0.000000
T 8.061017 0.000000 -2.687006
G 5.374012 0.000000 0.000000
T 5.374012 2.687006 -2.687006
W 2.687006 0.000000 -2.687006
Y 0.000000 2.687006 -2.687006


-16.385614	163ba7540
10

Y 0.000000 0.000000 0.000000
Y 2.687006 2.687006 0.000000
D 5.374012 2.687006 2.687006
P 8.061017 2.687006 0.000000
E 10.748023 0.000000 0.000000
T 8.061017 0.000000 -2.687006
G 5.374012 0.000000 0.000000
T 5.374012 2.687006 -2.687006
W 2.687006 0.000000 -2.687006
Y 0.000000 2.687006 -2.687006


-16.385614	163ba5740
10

Y 0.000000 0.000000 0.000000
Y 2.687006 2.687006 0.000000
D 5.374012 2.687006 2.687006
P 8.061017 0.000000 2.687006
E 10.748023 0.000000 0.000000
T 8.061017 0.000000 -2.687006
G 5.374012 0.000000 0.000000
T 5.374012 2.687006 -2.687006
W 2.687006 0.000000 -2.687006
Y 0.000000 2.687006 -2.687006


-16.385614	163b65700
10

Y 0.000000 0.000000 0.000000
Y 2.687006 2.687006 0.000000
D 5.374012 5.374012 0.000000
P 8.061017 2.687006 0.000000
E 10.748023 2.687006 -2.687006
T 8.061017 0.000000 -2.687006
G 5.374012 0.000000 0.000000
T 5.374012 2.687006 -2.687006
W 2.687006 0.000000 -2.687006
Y 0.000000 2.687006 -2.687006


-16.385614	163b65540
10

Y 0.000000 0.000000 0.000000
Y 2.687006 2.687006 0.000000
D 5.374012 2.687006 2.687006
P 8.061017 2.687006 0.000000
E 10.748023 2.687006 -2.687006
T 8.061017 0.000000 -2.687006
G 5.374012 0.000000 0.000000
T 5.374012 2.687006 -2.687006
W 2.687006 0.000000 -2.687006
Y 0.000000 2.687006 -2.687006


-16.385614	162627800
10

Y 0.000000 0.000000 0.000000
Y 2.687006 2.687006 0.000000
D 5.374012 5.374012 0.000000
P 5.374012 2.687006 -2.687006
E 8.061017 0.000000 -2.687006
T 8.061017 2.687006 0.000000
G 5.374012 0.000000 0.000000
T 5.374012 2.687006 2.687006
W 2.687006 0.000000 2.687006
Y 0.000000 2.687006 2.687006


-16.385614	162ab7700
10

Y 0.000000 0.000000 0.000000
Y 2.687006 2.687006 0.000000
D 5.374012 5.374012 0.000000
P 8.061017 2.687006 0.000000
E 10.748023 0.000000 0.000000
T 8.061017 0.000000 2.687006
G 5.374012 0.000000 0.000000
T 5.374012 2.687006 2.687006
W 2.687006 0.000000 2.687006
Y 0.000000 2.687006 2.687006


-16.385614	162a64700
10

Y 0.000000 0.000000 0.000000
Y 2.687006 2.687006 0.000000
D 5.374012 5.374012 0.000000
P 8.061017 2.687006 0.000000
E 10.748023 2.687006 2.687006
T 8.061017 0.000000 2.687006
G 5.374012 0.000000 0.000000
T 5.374012 2.687006 2.687006
W 2.687006 0.000000 2.687006
Y 0.000000 2.687006 2.687006


-16.385614	79b891300
10

Y 0.000000 0.000000 0.000000
Y 2.687006 2.687006 0.000000
D 5.374012 5.374012 0.000000
P 5.374012 8.061017 -2.687006
E 2.687006 10.748023 -2.687006
T 2.687006 8.061017 0.000000
G 2.687006 5.374012 -2.687006
T 0.000000 5.374012 0.000000
W 0.000000 2.687006 2.687006
Y 2.687006 0.000000 2.687006


-16.385614	79a981200
10

Y 0.000000 0.000000 0.000000
Y 2.687006 2.687006 0.000000
D 5.374012 5.374012 0.000000
P 5.374012 8.061017 2.687006
E 2.687006 10.748023 2.687006
T 2.687006 8.061017 0.000000
G 2.687006 5.374012 2.687006
T 0.000000 5.374012 0.000000
W 0.000000 2.687006 2.687006
Y 2.687006 0.000000 2.687006


-16.385614	79a7ab200
10

Y 0.000000 0.000000 0.000000
Y 2.687006 2.687006 0.000000
D 5.374012 5.374012 0.000000
P 5.374012 8.061017 2.687006
E 2.687006 8.061017 5.374012
T 0.000000 8.061017 2.687006
G 2.687006 5.374012 2.687006
T 0.000000 5.374012 0.000000
W 0.000000 2.687006 2.687006
Y 2.687006 0.000000 2.687006


-16.385614	79a791100
10

Y 0.000000 0.000000 0.000000
Y 2.687006 2.687006 0.000000
D 5.374012 5.374012 0.000000
P 2.687006 8.061017 0.000000
E 0.000000 10.748023 0.000000
T 0.000000 8.061017 2.687006
G 2.687006 5.374012 2.687006
T 0.000000 5.374012 0.000000
W 0.000000 2.687006 2.687006
Y 2.687006 0.000000 2.687006


-16.385614	79a762100
10

Y 0.000000 0.000000 0.000000
Y 2.687006 2.687006 0.000000
D 5.374012 5.374012 0.000000
P 2.687006 8.061017 0.000000
E 2.687006 10.748023 2.687006
T 0.000000 8.061017 2.687006
G 2.687006 5.374012 2.687006
T 0.000000 5.374012 0.000000
W 0.000000 2.687006 2.687006
Y 2.687006 0.000000 2.687006


-16.385614	79a761200
10

Y 0.000000 0.000000 0.000000
Y 2.687006 2.687006 0.000000
D 5.374012 5.374012 0.000000
P 5.374012 8.061017 2.687006
E 2.687006 10.748023 2.687006
T 0.000000 8.061017 2.687006
G 2.687006 5.374012 2.687006
T 0.000000 5.374012 0.000000
W 0.000000 2.687006 2.687006
Y 2.687006 0.000000 2.687006


-16.385614	7965a2b00
10

Y 0.000000 0.000000 0.000000
Y 2.687006 2.687006 0.000000
D 5.374012 5.374012 0.000000
P 2.687006 5.374012 2.687006
E 2.687006 8.061017 5.374012
T 0.000000 8.061017 2.687006
G 2.687006 8.061017 0.000000
T 0.000000 5.374012 0.000000
W 0.000000 2.687006 2.687006
Y 2.687006 0.000000 2.687006


-16.385614	7965ab200
10

Y 0.000000 0.000000 0.000000
Y 2.687006 2.687006 0.000000
D 5.374012 5.374012 0.000000
P 5.374012 8.061017 2.687006
E 2.687006 8.061017 5.374012
T 0.000000 8.061017 2.687006
G 2.687006 8.061017 0.000000
T 0.000000 5.374012 0.000000
W 0.000000 2.687006 2.687006
Y 2.687006 0.000000 2.687006


-16.385614	796561200
10

Y 0.000000 0.000000 0.000000
Y 2.687006 2.687006 0.000000
D 5.374012 5.374012 0.000000
P 5.374012 8.061017 2.687006
E 2.687006 10.748023 2.687006
T 0.000000 8.061017 2.687006
G 2.687006 8.061017 0.000000
T 0.000000 5.374012 0.000000
W 0.000000 2.687006 2.687006
Y 2.687006 0.000000 2.687006


-16.385614	78b8b3340
10

Y 0.000000 0.000000 0.000000
Y 2.687006 2.687006 0.000000
D 5.374012 2.687006 2.687006
P 5.374012 5.374012 0.000000
E 5.374012 8.061017 -2.687006
T 2.687006 8.061017 0.000000
G 2.687006 5.374012 -2.687006
T 0.000000 5.374012 0.000000
W 0.000000 2.687006 -2.687006
Y 2.687006 0.000000 -2.687006


-16.385614	78b891300
10

Y 0.000000 0.000000 0.000000
Y 2.687006 2.687006 0.000000
D 5.374012 5.374012 0.000000
P 5.374012 8.061017 -2.687006
E 2.687006 10.748023 -2.687006
T 2.687006 8.061017 0.000000
G 2.687006 5.374012 -2.687006
T 0.000000 5.374012 0.000000
W 0.000000 2.687006 -2.687006
Y 2.687006 0.000000 -2.687006


-16.385614	78b7ba300
10

Y 0.000000 0.000000 0.000000
Y 2.687006 2.687006 0.000000
D 5.374012 5.374012 0.000000
P 5.374012 8.061017 -2.687006
E 2.687006 8.061017 -5.374012
T 0.000000 8.061017 -2.687006
G 2.687006 5.374012 -2.687006
T 0.000000 5.374012 0.000000
W 0.000000 2.687006 -2.687006
Y 2.687006 0.000000 -2.687006


-16.385614	78b781100
10

Y 0.000000 0.000000 0.000000
Y 2.687006 2.687006 0.000000
D 5.374012 5.374012 0.000000
P 2.687006 8.061017 0.000000
E 0.000000 10.748023 0.000000
T 0.000000 8.061017 -2.687006
G 2.687006 5.374012 -2.687006
T 0.000000 5.374012 0.000000
W 0.000000 2.687006 -2.687006
Y 2.687006 0.000000 -2.687006


-16.385614	78b763100
10

Y 0.000000 0.000000 0.000000
Y 2.687006 2.687006 0.000000
D 5.374012 5.374012 0.000000
P 2.687006 8.061017 0.000000
E 2.687006 10.748023 -2.687006
T 0.000000 8.061017 -2.687006
G 2.687006 5.374012 -2.687006
T 0.000000 5.374012 0.000000
W 0.000000 2.687006 -2.687006
Y 2.687006 0.000000 -2.687006


-16.385614	78b761300
10

Y 0.000000 0.000000 0.000000
Y 2.687006 2.687006 0.000000
D 5.374012 5.374012 0.000000
P 5.374012 8.061017 -2.687006
E 2.687006 10.748023 -2.687006
T 0.000000 8.061017 -2.687006
G 2.687006 5.374012 -2.687006
T 0.000000 5.374012 0.000000
W 0.000000 2.687006 -2.687006
Y 2.687006 0.000000 -2.687006


-16.385614	78a9b3340
10

Y 0.000000 0.000000 0.000000
Y 2.687006 2.687006 0.000000
D 5.374012 2.687006 2.687006
P 5.374012 5.374012 0.000000
E 5.374012 8.061017 -2.687006
T 2.687006 8.061017 0.000000
G 2.687006 5.374012 2.687006
T 0.000000 5.374012 0.000000
W 0.000000 2.687006 -2.687006
Y 2.687006 0.000000 -2.687006


-16.385614	78a981200
10

Y 0.000000 0.000000 0.000000
Y 2.687006 2.687006 0.000000
D 5.374012 5.374012 0.000000
P 5.374012 8.061017 2.687006
E 2.687006 10.748023 2.687006
T 2.687006 8.061017 0.000000
G 2.687006 5.374012 2.687006
T 0.000000 5.374012 0.000000
W 0.000000 2.687006 -2.687006
Y 2.687006 0.000000 -2.687006


-16.385614	786461300
10

Y 0.000000 0.000000 0.000000
Y 2.687006 2.687006 0.000000
D 5.374012 5.374012 0.000000
P 5.374012 8.061017 -2.687006
E 2.687006 10.748023 -2.687006
T 0.000000 8.061017 -2.687006
G 2.687006 8.061017 0.000000
T 0.000000 5.374012 0.000000
W 0.000000 2.687006 -2.687006
Y 2.687006 0.000000 -2.687006


-16.385614	7864b3a00
10

Y 0.000000 0.000000 0.000000
Y 2.687006 2.687006 0.000000
D 5.374012 5.374012 0.000000
P 2.687006 5.374012 -2.687006
E 2.687006 8.061017 -5.374012
T 0.000000 8.061017 -2.687006
G 2.687006 8.061017 0.000000
T 0.000000 5.374012 0.000000
W 0.000000 2.687006 -2.687006
Y 2.687006 0.000000 -2.687006


-16.385614	7864ba300
10

Y 0.000000 0.000000 0.000000
Y 2.687006 2.687006 0.000000
D 5.374012 5.374012 0.000000
P 5.374012 8.061017 -2.687006
E 2.687006 8.061017 -5.374012
T 0.000000 8.061017 -2.687006
G 2.687006 8.061017 0.000000
T 0.000000 5.374012 0.000000
W 0.000000 2.687006 -2.687006
Y 2.687006 0.000000 -2.687006


-16.385614	76a751140
10

Y 0.000000 0.000000 0.000000
Y 2.687006 2.687006 0.000000
D 5.374012 2.687006 2.687006
P 2.687006 5.374012 2.687006
E 0.000000 8.061017 2.687006
T 2.687006 8.061017 0.000000
G 5.374012 5.374012 0.000000
T 2.687006 5.374012 -2.687006
W 0.000000 2.687006 -2.687006
Y 2.687006 0.000000 -2.687006


-16.385614	7695ab200
10

Y 0.000000 0.000000 0.000000
Y 2.687006 2.687006 0.000000
D 5.374012 5.374012 0.000000
P 5.374012 8.061017 2.687006
E 2.687006 8.061017 5.374012
T 0.000000 8.061017 2.687006
G 2.687006 8.061017 0.000000
T 2.687006 5.374012 2.687006
W 0.000000 2.687006 2.687006
Y 2.687006 0.000000 2.687006


-16.385614	769561300
10

Y 0.000000 0.000000 0.000000
Y 2.687006 2.687006 0.000000
D 5.374012 5.374012 0.000000
P 5.374012 8.061017 -2.687006
E 2.687006 10.748023 -2.687006
T 0.000000 8.061017 -2.687006
G 2.687006 8.061017 -5.374012
T 2.687006 5.374012 -2.687006
W 0.000000 2.687006 -2.687006
Y 2.687006 0.000000 -2.687006


-16.385614	769561200
10

Y 0.000000 0.000000 0.000000
Y 2.687006 2.687006 0.000000
D 5.374012 5.374012 0.000000
P 5.374012 8.061017 2.687006
E 2.687006 10.748023 2.687006
T 0.000000 8.061017 2.687006
G 2.687006 8.061017 0.000000
T 2.687006 5.374012 2.687006
W 0.000000 2.687006 2.687006
Y 2.687006 0.000000 2.687006


-16.385614	768461300
10

Y 0.000000 0.000000 0.000000
Y 2.687006 2.687006 0.000000
D 5.374012 5.374012 0.000000
P 5.374012 8.061017 -2.687006
E 2.687006 10.748023 -2.687006
T 0.000000 8.061017 -2.687006
G 2.687006 8.061017 0.000000
T 2.687006 5.374012 -2.687006
W 0.000000 2.687006 -2.687006
Y 2.687006 0.000000 -2.687006


-16.385614	768461200
10

Y 0.000000 0.000000 0.000000
Y 2.687006 2.687006 0.000000
D 5.374012 5.374012 0.000000
P 5.374012 8.061017 2.687006
E 2.687006 10.748023 2.687006
T 0.000000 8.061017 2.687006
G 2.687006 8.061017 5.374012
T 2.687006 5.374012 2.687006
W 0.000000 2.687006 2.687006
Y 2.687006 0.000000 2.687006


-16.385614	7684ba300
10

Y 0.000000 0.000000 0.000000
Y 2.687006 2.687006 0.000000
D 5.374012 5.374012 0.000000
P 5.374012 8.061017 -2.687006
E 2.687006 8.061017 -5.374012
T 0.000000 8.061017 -2.687006
G 2.687006 8.061017 0.000000
T 2.687006 5.374012 -2.687006
W 0.000000 2.687006 -2.687006
Y 2.687006 0.000000 -2.687006


-16.385614	765981100
10

Y 0.000000 0.000000 0.000000
Y 2.687006 2.687006 0.000000
D 5.374012 5.374012 0.000000
P 2.687006 8.061017 0.000000
E 0.000000 10.748023 0.000000
T 0.000000 8.061017 -2.687006
G 0.000000 5.374012 0.000000
T 2.687006 5.374012 -2.687006
W 0.000000 2.687006 -2.687006
Y 2.687006 0.000000 -2.687006


-16.385614	765963100
10

Y 0.000000 0.000000 0.000000
Y 2.687006 2.687006 0.000000
D 5.374012 5.374012 0.000000
P 2.687006 8.061017 0.000000
E 2.687006 10.748023 -2.687006
T 0.000000 8.061017 -2.687006
G 0.000000 5.374012 0.000000
T 2.687006 5.374012 -2.687006
W 0.000000 2.687006 -2.687006
Y 2.687006 0.000000 -2.687006


-16.385614	765651140
10

Y 0.000000 0.000000 0.000000
Y 2.687006 2.687006 0.000000
D 5.374012 2.687006 2.687006
P 2.687006 5.374012 2.687006
E 0.000000 8.061017 2.687006
T 2.687006 8.061017 0.000000
G 0.000000 5.374012 0.000000
T 2.687006 5.374012 -2.687006
W 0.000000 2.687006 -2.687006
Y 2.687006 0.000000 -2.687006


-16.385614	765651b00
10

Y 0.000000 0.000000 0.000000
Y 2.687006 2.687006 0.000000
D 5.374012 5.374012 0.000000
P 2.687006 5.374012 2.687006
E 0.000000 8.061017 2.687006
T 2.687006 8.061017 0.000000
G 0.000000 5.374012 0.000000
T 2.687006 5.374012 -2.687006
W 0.000000 2.687006 -2.687006
Y 2.687006 0.000000 -2.687006


-16.385614	764891100
10

Y 0.000000 0.000000 0.000000
Y 2.687006 2.687006 0.000000
D 5.374012 5.374012 0.000000
P 2.687006 8.061017 0.000000
E 0.000000 10.748023 0.000000
T 0.000000 8.061017 2.687006
G 0.000000 5.374012 0.000000
T 2.687006 5.374012 2.687006
W 0.000000 2.687006 2.687006
Y 2.687006 0.000000 2.687006


-16.385614	764862100
10

Y 0.000000 0.000000 0.000000
Y 2.687006 2.687006 0.000000
D 5.374012 5.374012 0.000000
P 2.687006 8.061017 0.000000
E 2.687006 10.748023 2.687006
T 0.000000 8.061017 2.687006
G 0.000000 5.374012 0.000000
T 2.687006 5.374012 2.687006
W 0.000000 2.687006 2.687006
Y 2.687006 0.000000 2.687006


-16.385614	764641a00
10

Y 0.000000 0.000000 0.000000
Y 2.687006 2.687006 0.000000
D 5.374012 5.374012 0.000000
P 2.687006 5.374012 -2.687006
E 0.000000 8.061017 -2.687006
T 2.687006 8.061017 0.000000
G 0.000000 5.374012 0.000000
T 2.687006 5.374012 2.687006
W 0.000000 2.687006 2.687006
Y 2.687006 0.000000 2.687006


-16.385614	1b9ab7500
10

Y 0.000000 0.000000 0.000000
Y 2.687006 2.687006 0.000000
D 5.374012 5.374012 0.000000
P 8.061017 5.374012 -2.687006
E 10.748023 2.687006 -2.687006
T 8.061017 2.687006 0.000000
G 5.374012 2.687006 -2.687006
T 5.374012 0.000000 0.000000
W 2.687006 0.000000 2.687006
Y 0.000000 2.687006 2.687006


-16.385614	1b8167400
10

Y 0.000000 0.000000 0.000000
Y 2.687006 2.687006 0.000000
D 5.374012 5.374012 0.000000
P 8.061017 5.374012 2.687006
E 10.748023 2.687006 2.687006
T 8.061017 0.000000 2.687006
G 5.374012 2.687006 2.687006
T 5.374012 0.000000 0.000000
W 2.687006 0.000000 2.687006
Y 0.000000 2.687006 2.687006


-16.385614	1b8164700
10

Y 0.000000 0.000000 0.000000
Y 2.687006 2.687006 0.000000
D 5.374012 5.374012 0.000000
P 8.061017 2.687006 0.000000
E 10.748023 2.687006 2.687006
T 8.061017 0.000000 2.687006
G 5.374012 2.687006 2.687006
T 5.374012 0.000000 0.000000
W 2.687006 0.000000 2.687006
Y 0.000000 2.687006 2.687006


-16.385614	1b81b7700
10

Y 0.000000 0.000000 0.000000
Y 2.687006 2.687006 0.000000
D 5.374012 5.374012 0.000000
P 8.061017 2.687006 0.000000
E 10.748023 0.000000 0.000000
T 8.061017 0.000000 2.687006
G 5.374012 2.687006 2.687006
T 5.374012 0.000000 0.000000
W 2.687006 0.000000 2.687006
Y 0.000000 2.687006 2.687006


-16.385614	1b8189400
10

Y 0.000000 0.000000 0.000000
Y 2.687006 2.687006 0.000000
D 5.374012 5.374012 0.000000
P 8.061017 5.374012 2.687006
E 8.061017 2.687006 5.374012
T 8.061017 0.000000 2.687006
G 5.374012 2.687006 2.687006
T 5.374012 0.000000 0.000000
W 2.687006 0.000000 2.687006
Y 0.000000 2.687006 2.687006


-16.385614	1b8ba7400
10

Y 0.000000 0.000000 0.000000
Y 2.687006 2.687006 0.000000
D 5.374012 5.374012 0.000000
P 8.061017 5.374012 2.687006
E 10.748023 2.687006 2.687006
T 8.061017 2.687006 0.000000
G 5.374012 2.687006 2.687006
T 5.374012 0.000000 0.000000
W 2.687006 0.000000 2.687006
Y 0.000000 2.687006 2.687006


-16.385614	1b6389400
10

Y 0.000000 0.000000 0.000000
Y 2.687006 2.687006 0.000000
D 5.374012 5.374012 0.000000
P 8.061017 5.374012 2.687006
E 8.061017 2.687006 5.374012
T 8.061017 0.000000 2.687006
G 8.061017 2.687006 0.000000
T 5.374012 0.000000 0.000000
W 2.687006 0.000000 2.687006
Y 0.000000 2.687006 2.687006


-16.385614	1b6384900
10

Y 0.000000 0.000000 0.000000
Y 2.687006 2.687006 0.000000
D 5.374012 5.374012 0.000000
P 5.374012 2.687006 2.687006
E 8.061017 2.687006 5.374012
T 8.061017 0.000000 2.687006
G 8.061017 2.687006 0.000000
T 5.374012 0.000000 0.000000
W 2.687006 0.000000 2.687006
Y 0.000000 2.687006 2.687006


-16.385614	1b6367400
10

Y 0.000000 0.000000 0.000000
Y 2.687006 2.687006 0.000000
D 5.374012 5.374012 0.000000
P 8.061017 5.374012 2.687006
E 10.748023 2.687006 2.687006
T 8.061017 0.000000 2.687006
G 8.061017 2.687006 0.000000
T 5.374012 0.000000 0.000000
W 2.687006 0.000000 2.687006
Y 0.000000 2.687006 2.687006


-16.385614	1a19a5740
10

Y 0.000000 0.000000 0.000000
Y 2.687006 2.687006 0.000000
D 5.374012 2.687006 2.687006
P 8.061017 0.000000 2.687006
E 10.748023 0.000000 0.000000
T 8.061017 0.000000 -2.687006
G 8.061017 -2.687006 0.000000
T 5.374012 0.000000 0.000000
W 2.687006 0.000000 -2.687006
Y 0.000000 2.687006 -2.687006


-16.385614	1a9167500
10

Y 0.000000 0.000000 0.000000
Y 2.687006 2.687006 0.000000
D 5.374012 5.374012 0.000000
P 8.061017 5.374012 -2.687006
E 10.748023 2.687006 -2.687006
T 8.061017 0.000000 -2.687006
G 5.374012 2.687006 -2.687006
T 5.374012 0.000000 0.000000
W 2.687006 0.000000 -2.687006
Y 0.000000 2.687006 -2.687006


-16.385614	1a9165700
10

Y 0.000000 0.000000 0.000000
Y 2.687006 2.687006 0.000000
D 5.374012 5.374012 0.000000
P 8.061017 2.687006 0.000000
E 10.748023 2.687006 -2.687006
T 8.061017 0.000000 -2.687006
G 5.374012 2.687006 -2.687006
T 5.374012 0.000000 0.000000
W 2.687006 0.000000 -2.687006
Y 0.000000 2.687006 -2.687006


-16.385614	1a9165540
10

Y 0.000000 0.000000 0.000000
Y 2.687006 2.687006 0.000000
D 5.374012 2.687006 2.687006
P 8.061017 2.687006 0.000000
E 10.748023 2.687006 -2.687006
T 8.061017 0.000000 -2.687006
G 5.374012 2.687006 -2.687006
T 5.374012 0.000000 0.000000
W 2.687006 0.000000 -2.687006
Y 0.000000 2.687006 -2.687006


-16.385614	1a91a7700
10

Y 0.000000 0.000000 0.000000
Y 2.687006 2.687006 0.000000
D 5.374012 5.374012 0.000000
P 8.061017 2.687006 0.000000
E 10.748023 0.000000 0.000000
T 8.061017 0.000000 -2.687006
G 5.374012 2.687006 -2.687006
T 5.374012 0.000000 0.000000
W 2.687006 0.000000 -2.687006
Y 0.000000 2.687006 -2.687006


-16.385614	1a91a7540
10

Y 0.000000 0.000000 0.000000
Y 2.687006 2.687006 0.000000
D 5.374012 2.687006 2.687006
P 8.061017 2.687006 0.000000
E 10.748023 0.000000 0.000000
T 8.061017 0.000000 -2.687006
G 5.374012 2.687006 -2.687006
T 5.374012 0.000000 0.000000
W 2.687006 0.000000 -2.687006
Y 0.000000 2.687006 -2.687006


-16.385614	1a9198500
10

Y 0.000000 0.000000 0.000000
Y 2.687006 2.687006 0.000000
D 5.374012 5.374012 0.000000
P 8.061017 5.374012 -2.687006
E 8.061017 2.687006 -5.374012
T 8.061017 0.000000 -2.687006
G 5.374012 2.687006 -2.687006
T 5.374012 0.000000 0.000000
W 2.687006 0.000000 -2.687006
Y 0.000000 2.687006 -2.687006


-16.385614	1a9ab7500
10

Y 0.000000 0.000000 0.000000
Y 2.687006 2.687006 0.000000
D 5.374012 5.374012 0.000000
P 8.061017 5.374012 -2.687006
E 10.748023 2.687006 -2.687006
T 8.061017 2.687006 0.000000
G 5.374012 2.687006 -2.687006
T 5.374012 0.000000 0.000000
W 2.687006 0.000000 -2.687006
Y 0.000000 2.687006 -2.687006


-16.385614	1a9a95340
10

Y 0.000000 0.000000 0.000000
Y 2.687006 2.687006 0.000000
D 5.374012 2.687006 2.687006
P 5.374012 5.374012 0.000000
E 8.061017 5.374012 -2.687006
T 8.061017 2.687006 0.000000
G 5.374012 2.687006 -2.687006
T 5.374012 0.000000 0.000000
W 2.687006 0.000000 -2.687006
Y 0.000000 2.687006 -2.687006


-16.385614	1a8ba7400
10

Y 0.000000 0.000000 0.000000
Y 2.687006 2.687006 0.000000
D 5.374012 5.374012 0.000000
P 8.061017 5.374012 2.687006
E 10.748023 2.687006 2.687006
T 8.061017 2.687006 0.000000
G 5.374012 2.687006 2.687006
T 5.374012 0.000000 0.000000
W 2.687006 0.000000 -2.687006
Y 0.000000 2.687006 -2.687006


-16.385614	1a6267500
10

Y 0.000000 0.000000 0.000000
Y 2.687006 2.687006 0.000000
D 5.374012 5.374012 0.000000
P 8.061017 5.374012 -2.687006
E 10.748023 2.687006 -2.687006
T 8.061017 0.000000 -2.687006
G 8.061017 2.687006 0.000000
T 5.374012 0.000000 0.000000
W 2.687006 0.000000 -2.687006
Y 0.000000 2.687006 -2.687006


-16.385614	1a6238740
10

Y 0.000000 0.000000 0.000000
Y 2.687006 2.687006 0.000000
D 5.374012 2.687006 2.687006
P 8.061017 0.000000 2.687006
E 8.061017 -2.687006 0.000000
T 8.061017 0.000000 -2.687006
G 8.061017 2.687006 0.000000
T 5.374012 0.000000 0.000000
W 2.687006 0.000000 -2.687006
Y 0.000000 2.687006 -2.687006


-16.385614	1a62a5740
10

Y 0.000000 0.000000 0.000000
Y 2.687006 2.687006 0.000000
D 5.374012 2.687006 2.687006
P 8.061017 0.000000 2.687006
E 10.748023 0.000000 0.000000
T 8.061017 0.000000 -2.687006
G 8.061017 2.687006 0.000000
T 5.374012 0.000000 0.000000
W 2.687006 0.000000 -2.687006
Y 0.000000 2.687006 -2.687006


-16.385614	1a6298500
10

Y 0.000000 0.000000 0.000000
Y 2.687006 2.687006 0.000000
D 5.374012 5.374012 0.000000
P 8.061017 5.374012 -2.687006
E 8.061017 2.687006 -5.374012
T 8.061017 0.000000 -2.687006
G 8.061017 2.687006 0.000000
T 5.374012 0.000000 0.000000
W 2.687006 0.000000 -2.687006
Y 0.000000 2.687006 -2.687006


-16.385614	1a6295800
10

Y 0.000000 0.000000 0.000000
Y 2.687006 2.687006 0.000000
D 5.374012 5.374012 0.000000
P 5.374012 2.687006 -2.687006
E 8.061017 2.687006 -5.374012
T 8.061017 0.000000 -2.687006
G 8.061017 2.687006 0.000000
T 5.374012 0.000000 0.000000
W 2.687006 0.000000 -2.687006
Y 0.000000 2.687006 -2.687006
