-48.340000	7a74ba140
10

Y 0.000000 0.000000 0.000000
Y 2.687006 2.687006 0.000000
D 5.374012 2.687006 2.687006
P 2.687006 5.374012 2.687006
E 0.000000 5.374012 0.000000
T -2.687006 5.374012 2.687006
G 0.000000 5.374012 5.374012
T 2.687006 2.687006 5.374012
W 0.000000 2.687006 2.687006
Y 2.687006 0.000000 2.687006


-48.340000	765016b40
10

Y 0.000000 0.000000 0.000000
Y 2.687006 2.687006 0.000000
D 5.374012 2.687006 2.687006
P 2.687006 2.687006 5.374012
E 0.000000 0.000000 5.374012
T -2.687006 2.687006 5.374012
G 0.000000 5.374012 5.374012
T 2.687006 5.374012 2.687006
W 0.000000 2.687006 2.687006
Y 2.687006 0.000000 2.687006


-48.340000	15498b2a0
10

Y 0.000000 0.000000 0.000000
Y 2.687006 2.687006 0.000000
D 0.000000 2.687006 -2.687006
P 0.000000 5.374012 0.000000
E -2.687006 5.374012 2.687006
T -2.687006 2.687006 0.000000
G -2.687006 0.000000 2.687006
T 0.000000 0.000000 5.374012
W 2.687006 0.000000 2.687006
Y 0.000000 2.687006 2.687006


-48.340000	795329ba0
10

Y 0.000000 0.000000 0.000000
Y 2.687006 2.687006 0.000000
D 0.000000 2.687006 -2.687006
P -2.687006 2.687006 0.000000
E -2.687006 0.000000 2.687006
T -2.687006 2.687006 5.374012
G -2.687006 5.374012 2.687006
T 0.000000 5.374012 0.000000
W 0.000000 2.687006 2.687006
Y 2.687006 0.000000 2.687006


-48.340000	107926810
10

Y 0.000000 0.000000 0.000000
Y 2.687006 2.687006 0.000000
D 0.000000 5.374012 0.000000
P 0.000000 2.687006 -2.687006
E -2.687006 0.000000 -2.687006
T -2.687006 2.687006 0.000000
G -2.687006 0.000000 2.687006
T 0.000000 -2.687006 2.687006
W 2.687006 0.000000 2.687006
Y 0.000000 2.687006 2.687006


-48.340000	107836910
10

Y 0.000000 0.000000 0.000000
Y 2.687006 2.687006 0.000000
D 0.000000 5.374012 0.000000
P 0.000000 2.687006 2.687006
E -2.687006 0.000000 2.687006
T -2.687006 2.687006 0.000000
G -2.687006 0.000000 -2.687006
T 0.000000 -2.687006 -2.687006
W 2.687006 0.000000 -2.687006
Y 0.000000 2.687006 -2.687006


-48.340000	748ab42a0
10

Y 0.000000 0.000000 0.000000
Y 2.687006 2.687006 0.000000
D 0.000000 2.687006 -2.687006
P 0.000000 5.374012 0.000000
E 2.687006 5.374012 2.687006
T 0.000000 5.374012 5.374012
G -2.687006 5.374012 2.687006
T -2.687006 2.687006 0.000000
W 0.000000 2.687006 2.687006
Y 2.687006 0.000000 2.687006


-48.340000	154926810
10

Y 0.000000 0.000000 0.000000
Y 2.687006 2.687006 0.000000
D 0.000000 5.374012 0.000000
P 0.000000 2.687006 -2.687006
E -2.687006 0.000000 -2.687006
T -2.687006 2.687006 0.000000
G -2.687006 0.000000 2.687006
T 0.000000 0.000000 5.374012
W 2.687006 0.000000 2.687006
Y 0.000000 2.687006 2.687006


-48.340000	145836910
10

Y 0.000000 0.000000 0.000000
Y 2.687006 2.687006 0.000000
D 0.000000 5.374012 0.000000
P 0.000000 2.687006 2.687006
E -2.687006 0.000000 2.687006
T -2.687006 2.687006 0.000000
G -2.687006 0.000000 -2.687006
T 0.000000 0.000000 -5.374012
W 2.687006 0.000000 -2.687006
Y 0.000000 2.687006 -2.687006


-48.340000	138709610
10

Y 0.000000 0.000000 0.000000
Y 2.687006 2.687006 0.000000
D 0.000000 5.374012 0.000000
P -2.687006 2.687006 0.000000
E -2.687006 0.000000 2.687006
T 0.000000 2.687006 2.687006
G 2.687006 0.000000 2.687006
T 2.687006 -2.687006 0.000000
W 2.687006 0.000000 -2.687006
Y 0.000000 2.687006 -2.687006


-48.340000	b076a9140
10

Y 0.000000 0.000000 0.000000
Y 2.687006 2.687006 0.000000
D 5.374012 2.687006 2.687006
P 2.687006 5.374012 2.687006
E 2.687006 2.687006 5.374012
T 0.000000 2.687006 2.687006
G -2.687006 0.000000 2.687006
T 0.000000 -2.687006 2.687006
W 2.687006 0.000000 2.687006
Y 0.000000 0.000000 5.374012


-48.340000	129708610
10

Y 0.000000 0.000000 0.000000
Y 2.687006 2.687006 0.000000
D 0.000000 5.374012 0.000000
P -2.687006 2.687006 0.000000
E -2.687006 0.000000 -2.687006
T 0.000000 2.687006 -2.687006
G 2.687006 0.000000 -2.687006
T 2.687006 -2.687006 0.000000
W 2.687006 0.000000 2.687006
Y 0.000000 2.687006 2.687006


-48.340000	10798b2a0
10

Y 0.000000 0.000000 0.000000
Y 2.687006 2.687006 0.000000
D 0.000000 2.687006 -2.687006
P 0.000000 5.374012 0.000000
E -2.687006 5.374012 2.687006
T -2.687006 2.687006 0.000000
G -2.687006 0.000000 2.687006
T 0.000000 -2.687006 2.687006
W 2.687006 0.000000 2.687006
Y 0.000000 2.687006 2.687006


-48.340000	1b4708610
10

Y 0.000000 0.000000 0.000000
Y 2.687006 2.687006 0.000000
D 0.000000 5.374012 0.000000
P -2.687006 2.687006 0.000000
E -2.687006 0.000000 -2.687006
T 0.000000 2.687006 -2.687006
G 2.687006 0.000000 -2.687006
T 5.374012 0.000000 0.000000
W 2.687006 0.000000 2.687006
Y 0.000000 2.687006 2.687006


-48.340000	1a5709610
10

Y 0.000000 0.000000 0.000000
Y 2.687006 2.687006 0.000000
D 0.000000 5.374012 0.000000
P -2.687006 2.687006 0.000000
E -2.687006 0.000000 2.687006
T 0.000000 2.687006 2.687006
G 2.687006 0.000000 2.687006
T 5.374012 0.000000 0.000000
W 2.687006 0.000000 -2.687006
Y 0.000000 2.687006 -2.687006


-48.340000	189452ba0
10

Y 0.000000 0.000000 0.000000
Y 2.687006 2.687006 0.000000
D 0.000000 2.687006 -2.687006
P -2.687006 2.687006 0.000000
E -2.687006 5.374012 2.687006
T 0.000000 5.374012 0.000000
G 2.687006 5.374012 2.687006
T 2.687006 2.687006 5.374012
W 2.687006 0.000000 2.687006
Y 0.000000 2.687006 2.687006


-48.340000	167452ba0
10

Y 0.000000 0.000000 0.000000
Y 2.687006 2.687006 0.000000
D 0.000000 2.687006 -2.687006
P -2.687006 2.687006 0.000000
E -2.687006 5.374012 2.687006
T 0.000000 5.374012 0.000000
G 2.687006 5.374012 2.687006
T 5.374012 2.687006 2.687006
W 2.687006 0.000000 2.687006
Y 0.000000 2.687006 2.687006
