-57.940000	95a027910
10

Q 0.000000 0.000000 0.000000
Y 2.687006 2.687006 0.000000
Q 0.000000 5.374012 0.000000
F 0.000000 2.687006 2.687006
W 2.687006 0.000000 2.687006
K 2.687006 2.687006 5.374012
N 5.374012 5.374012 5.374012
F 2.687006 5.374012 2.687006
Q 5.374012 5.374012 0.000000
T 5.374012 2.687006 2.687006


-57.940000	84b037810
10

Q 0.000000 0.000000 0.000000
Y 2.687006 2.687006 0.000000
Q 0.000000 5.374012 0.000000
F 0.000000 2.687006 -2.687006
W 2.687006 0.000000 -2.687006
K 2.687006 2.687006 -5.374012
N 5.374012 5.374012 -5.374012
F 2.687006 5.374012 -2.687006
Q 5.374012 5.374012 0.000000
T 5.374012 2.687006 -2.687006


-57.940000	25a790910
10

Q 0.000000 0.000000 0.000000
Y 2.687006 2.687006 0.000000
Q 0.000000 5.374012 0.000000
F 0.000000 2.687006 2.687006
W 2.687006 5.374012 2.687006
K 2.687006 2.687006 5.374012
N 5.374012 0.000000 5.374012
F 2.687006 0.000000 2.687006
Q 5.374012 0.000000 0.000000
T 5.374012 2.687006 2.687006


-57.940000	34b780810
10

Q 0.000000 0.000000 0.000000
Y 2.687006 2.687006 0.000000
Q 0.000000 5.374012 0.000000
F 0.000000 2.687006 -2.687006
W 2.687006 5.374012 -2.687006
K 2.687006 2.687006 -5.374012
N 5.374012 0.000000 -5.374012
F 2.687006 0.000000 -2.687006
Q 5.374012 0.000000 0.000000
T 5.374012 2.687006 -2.687006


-57.940000	302761640
10

Q 0.000000 0.000000 0.000000
Y 2.687006 2.687006 0.000000
Q 5.374012 2.687006 2.687006
F 2.687006 0.000000 2.687006
W 0.000000 2.687006 2.687006
K -2.687006 0.000000 2.687006
N 0.000000 -2.687006 2.687006
F 0.000000 0.000000 5.374012
Q 2.687006 2.687006 5.374012
T 2.687006 5.374012 2.687006


-57.940000	3a8b45640
10

Q 0.000000 0.000000 0.000000
Y 2.687006 2.687006 0.000000
Q 5.374012 2.687006 2.687006
F 2.687006 0.000000 2.687006
W 5.374012 0.000000 0.000000
K 8.061017 0.000000 2.687006
N 5.374012 0.000000 5.374012
F 5.374012 -2.687006 2.687006
Q 2.687006 -2.687006 0.000000
T 2.687006 0.000000 -2.687006
