-57.890000	818b722a0
10

Q 0.000000 0.000000 0.000000
Y 2.687006 2.687006 0.000000
Q 0.000000 2.687006 -2.687006
F 0.000000 5.374012 0.000000
W 0.000000 8.061017 2.687006
K 2.687006 5.374012 2.687006
N 0.000000 5.374012 5.374012
F 0.000000 2.687006 2.687006
Q -2.687006 5.374012 2.687006
T -2.687006 2.687006 0.000000


-57.890000	8b2156800
10

Q 0.000000 0.000000 0.000000
Y 2.687006 2.687006 0.000000
Q 5.374012 5.374012 0.000000
F 5.374012 2.687006 -2.687006
W 2.687006 0.000000 -2.687006
K 5.374012 0.000000 -5.374012
N 2.687006 2.687006 -5.374012
F 2.687006 5.374012 -2.687006
Q 0.000000 5.374012 0.000000
T 0.000000 2.687006 -2.687006


-57.890000	9a3146900
10

Q 0.000000 0.000000 0.000000
Y 2.687006 2.687006 0.000000
Q 5.374012 5.374012 0.000000
F 5.374012 2.687006 2.687006
W 2.687006 0.000000 2.687006
K 5.374012 0.000000 5.374012
N 2.687006 2.687006 5.374012
F 2.687006 5.374012 2.687006
Q 0.000000 5.374012 0.000000
T 0.000000 2.687006 2.687006


-57.890000	a94736a00
10

Q 0.000000 0.000000 0.000000
Y 2.687006 2.687006 0.000000
Q 5.374012 5.374012 0.000000
F 2.687006 5.374012 -2.687006
W 0.000000 2.687006 -2.687006
K 0.000000 5.374012 -5.374012
N 2.687006 2.687006 -5.374012
F 5.374012 2.687006 -2.687006
Q 5.374012 0.000000 0.000000
T 2.687006 0.000000 -2.687006


-57.890000	5259262a0
10

Q 0.000000 0.000000 0.000000
Y 2.687006 2.687006 0.000000
Q 0.000000 2.687006 -2.687006
F 0.000000 5.374012 0.000000
W -2.687006 2.687006 0.000000
K -2.687006 5.374012 2.687006
N -2.687006 2.687006 5.374012
F 0.000000 2.687006 2.687006
Q 0.000000 5.374012 5.374012
T 2.687006 5.374012 2.687006


-57.890000	b85726b00
10

Q 0.000000 0.000000 0.000000
Y 2.687006 2.687006 0.000000
Q 5.374012 5.374012 0.000000
F 2.687006 5.374012 2.687006
W 0.000000 2.687006 2.687006
K 0.000000 5.374012 5.374012
N 2.687006 2.687006 5.374012
F 5.374012 2.687006 2.687006
Q 5.374012 0.000000 0.000000
T 2.687006 0.000000 2.687006


-57.890000	0792a8510
10

Q 0.000000 0.000000 0.000000
Y 2.687006 2.687006 0.000000
Q 0.000000 5.374012 0.000000
F 2.687006 5.374012 -2.687006
W 2.687006 2.687006 -5.374012
K 0.000000 2.687006 -8.061017
N 0.000000 5.374012 -5.374012
F 0.000000 2.687006 -2.687006
Q 2.687006 0.000000 -2.687006
T 5.374012 2.687006 -2.687006


-57.890000	079b38510
10

Q 0.000000 0.000000 0.000000
Y 2.687006 2.687006 0.000000
Q 0.000000 5.374012 0.000000
F 2.687006 5.374012 -2.687006
W 2.687006 2.687006 -5.374012
K 2.687006 5.374012 -8.061017
N 0.000000 5.374012 -5.374012
F 0.000000 2.687006 -2.687006
Q 2.687006 0.000000 -2.687006
T 5.374012 2.687006 -2.687006


-57.890000	078a29410
10

Q 0.000000 0.000000 0.000000
Y 2.687006 2.687006 0.000000
Q 0.000000 5.374012 0.000000
F 2.687006 5.374012 2.687006
W 2.687006 2.687006 5.374012
K 2.687006 5.374012 8.061017
N 0.000000 5.374012 5.374012
F 0.000000 2.687006 2.687006
Q 2.687006 0.000000 2.687006
T 5.374012 2.687006 2.687006


-57.890000	0783b9410
10

Q 0.000000 0.000000 0.000000
Y 2.687006 2.687006 0.000000
Q 0.000000 5.374012 0.000000
F 2.687006 5.374012 2.687006
W 2.687006 2.687006 5.374012
K 0.000000 2.687006 8.061017
N 0.000000 5.374012 5.374012
F 0.000000 2.687006 2.687006
Q 2.687006 0.000000 2.687006
T 5.374012 2.687006 2.687006
