2197, 2198, 2199, 1860, 2225, 2200, 2227, 1888, 2253, 1890, 2229, 2204, 2231, 2230, 2569, 2542, 2879, 2514, 2513, 2486
2170, 2197, 2198, 2199, 1860, 2223, 1886, 1887, 1548, 1913, 1912, 2275, 1938, 1937, 1936, 2273, 2246, 2585, 2560, 2897
2171, 1834, 2197, 2198, 2199, 1860, 2225, 2200, 2227, 1888, 1913, 1574, 1575, 1550, 1549, 1184, 1521, 1520, 1857, 1830
2170, 2171, 1832, 2197, 2198, 2199, 1860, 2225, 2226, 2227, 1862, 1863, 1864, 2203, 1838, 2175, 1810, 1835, 1808, 1807
2507, 2508, 2509, 2170, 2197, 2198, 2199, 1860, 2225, 1862, 2201, 2202, 2229, 2228, 2567, 2540, 2877, 2512, 2849, 2824
2144, 2169, 2170, 2171, 1834, 2197, 2198, 2199, 1860, 2225, 2224, 2249, 1912, 1911, 1910, 1909, 1882, 2221, 2194, 2531
2847, 2484, 2509, 2510, 2511, 2172, 2197, 2198, 2199, 1860, 1859, 1494, 1521, 1496, 1495, 1470, 1807, 1806, 2143, 2116
2506, 2871, 2508, 2533, 2534, 2535, 2172, 2197, 2198, 2199, 2174, 2513, 2176, 2539, 2514, 2877, 2850, 2849, 2822, 3159
1493, 1468, 1495, 1494, 1833, 1834, 1859, 1858, 2197, 2198, 2199, 2174, 2537, 2172, 2511, 2146, 2147, 1810, 1809, 1446
2272, 2273, 2248, 2247, 1884, 2223, 2222, 2559, 2196, 2197, 2198, 2199, 1834, 1859, 1522, 1885, 1548, 1913, 1912, 2277
1543, 1544, 1881, 1518, 1883, 1858, 1857, 1494, 1859, 1834, 2197, 2198, 2199, 1860, 2225, 1886, 2249, 2222, 2247, 2246
1786, 1811, 1784, 2149, 1810, 2173, 2148, 2513, 2174, 2537, 2172, 2197, 2198, 2199, 1860, 1861, 1496, 1833, 1470, 1469
3161, 2824, 2823, 2822, 2847, 2484, 2509, 2508, 2535, 2170, 2171, 1834, 2197, 2198, 2199, 2174, 2175, 2148, 2487, 2124
1132, 1497, 1158, 1495, 1496, 1859, 1494, 1831, 1832, 2195, 1858, 2223, 2196, 2197, 2198, 2199, 1862, 1887, 1524, 1551
3189, 2850, 2849, 2822, 2847, 2484, 2483, 2482, 2507, 2144, 2171, 1806, 2169, 2170, 2197, 2198, 2199, 2174, 2539, 2176
1784, 2147, 1810, 1809, 1470, 1835, 1496, 1495, 1494, 1521, 1522, 1885, 1520, 1857, 1858, 2197, 2198, 2199, 2174, 2539
1551, 1524, 1889, 1550, 1887, 1886, 1913, 1574, 1911, 1910, 2249, 2222, 2247, 1882, 2221, 1858, 2197, 2198, 2199, 2174
2848, 2873, 2508, 2845, 2506, 2507, 2142, 2505, 2166, 2167, 1830, 1829, 1828, 2193, 1856, 2221, 1858, 2197, 2198, 2199
