-58.410000	186901640
10

Q 0.000000 0.000000 0.000000
Y 2.687006 2.687006 0.000000
Q 5.374012 2.687006 2.687006
F 2.687006 0.000000 2.687006
W 0.000000 2.687006 2.687006
K 2.687006 5.374012 2.687006
N 2.687006 2.687006 5.374012
F 0.000000 0.000000 5.374012
Q 0.000000 -2.687006 2.687006
T -2.687006 0.000000 2.687006


-58.410000	802596410
10

Q 0.000000 0.000000 0.000000
Y 2.687006 2.687006 0.000000
Q 0.000000 5.374012 0.000000
F 2.687006 5.374012 2.687006
W 0.000000 2.687006 2.687006
K 0.000000 0.000000 5.374012
N 2.687006 0.000000 2.687006
F 2.687006 2.687006 5.374012
Q 5.374012 5.374012 5.374012
T 5.374012 2.687006 2.687006


-58.410000	903486510
10

Q 0.000000 0.000000 0.000000
Y 2.687006 2.687006 0.000000
Q 0.000000 5.374012 0.000000
F 2.687006 5.374012 -2.687006
W 0.000000 2.687006 -2.687006
K 0.000000 0.000000 -5.374012
N 2.687006 0.000000 -2.687006
F 2.687006 2.687006 -5.374012
Q 5.374012 5.374012 -5.374012
T 5.374012 2.687006 -2.687006


-58.410000	5249a5640
10

Q 0.000000 0.000000 0.000000
Y 2.687006 2.687006 0.000000
Q 5.374012 2.687006 2.687006
F 2.687006 0.000000 2.687006
W 5.374012 0.000000 0.000000
K 2.687006 0.000000 -2.687006
N 2.687006 -2.687006 0.000000
F 5.374012 -2.687006 2.687006
Q 5.374012 0.000000 5.374012
T 8.061017 0.000000 2.687006
