-47.870000	8b7038640
10

Y 0.000000 0.000000 0.000000
Y 2.687006 2.687006 0.000000
D 5.374012 2.687006 2.687006
P 2.687006 0.000000 2.687006
E 2.687006 -2.687006 0.000000
T 2.687006 0.000000 -2.687006
G 5.374012 2.687006 -2.687006
T 8.061017 0.000000 -2.687006
W 5.374012 0.000000 0.000000
Y 5.374012 -2.687006 -2.687006


-47.870000	6620467a0
10

Y 0.000000 0.000000 0.000000
Y 2.687006 2.687006 0.000000
D 0.000000 2.687006 -2.687006
P 2.687006 0.000000 -2.687006
E 0.000000 -2.687006 -2.687006
T 2.687006 -2.687006 0.000000
G 5.374012 0.000000 0.000000
T 5.374012 2.687006 2.687006
W 2.687006 0.000000 2.687006
Y 0.000000 -2.687006 2.687006


-47.870000	10b918840
10

Y 0.000000 0.000000 0.000000
Y 2.687006 2.687006 0.000000
D 5.374012 2.687006 2.687006
P 5.374012 0.000000 0.000000
E 5.374012 -2.687006 -2.687006
T 2.687006 0.000000 -2.687006
G 2.687006 -2.687006 0.000000
T 0.000000 -2.687006 2.687006
W 2.687006 0.000000 2.687006
Y 0.000000 2.687006 2.687006


-47.870000	00b6907a0
10

Y 0.000000 0.000000 0.000000
Y 2.687006 2.687006 0.000000
D 0.000000 2.687006 -2.687006
P 2.687006 0.000000 -2.687006
E 5.374012 2.687006 -2.687006
T 5.374012 0.000000 0.000000
G 2.687006 -2.687006 0.000000
T 0.000000 -2.687006 2.687006
W 2.687006 0.000000 2.687006
Y 5.374012 2.687006 2.687006


-47.870000	736b84410
10

Y 0.000000 0.000000 0.000000
Y 2.687006 2.687006 0.000000
D 0.000000 5.374012 0.000000
P 2.687006 5.374012 2.687006
E 5.374012 5.374012 5.374012
T 5.374012 2.687006 2.687006
G 2.687006 2.687006 5.374012
T 0.000000 0.000000 5.374012
W 0.000000 2.687006 2.687006
Y 2.687006 0.000000 2.687006


-47.870000	726a95510
10

Y 0.000000 0.000000 0.000000
Y 2.687006 2.687006 0.000000
D 0.000000 5.374012 0.000000
P 2.687006 5.374012 -2.687006
E 5.374012 5.374012 -5.374012
T 5.374012 2.687006 -2.687006
G 2.687006 2.687006 -5.374012
T 0.000000 0.000000 -5.374012
W 0.000000 2.687006 -2.687006
Y 2.687006 0.000000 -2.687006


-47.870000	0b758ba00
10

Y 0.000000 0.000000 0.000000
Y 2.687006 2.687006 0.000000
D 5.374012 5.374012 0.000000
P 2.687006 5.374012 -2.687006
E 0.000000 5.374012 0.000000
T 0.000000 2.687006 -2.687006
G 2.687006 2.687006 -5.374012
T 5.374012 0.000000 -5.374012
W 2.687006 0.000000 -2.687006
Y 5.374012 2.687006 -2.687006


-47.870000	0a749ab00
10

Y 0.000000 0.000000 0.000000
Y 2.687006 2.687006 0.000000
D 5.374012 5.374012 0.000000
P 2.687006 5.374012 2.687006
E 0.000000 5.374012 0.000000
T 0.000000 2.687006 2.687006
G 2.687006 2.687006 5.374012
T 5.374012 0.000000 5.374012
W 2.687006 0.000000 2.687006
Y 5.374012 2.687006 2.687006


-47.870000	0913a9800
10

Y 0.000000 0.000000 0.000000
Y 2.687006 2.687006 0.000000
D 5.374012 5.374012 0.000000
P 5.374012 2.687006 -2.687006
E 5.374012 0.000000 0.000000
T 2.687006 0.000000 -2.687006
G 2.687006 2.687006 -5.374012
T 0.000000 5.374012 -5.374012
W 0.000000 2.687006 -2.687006
Y 2.687006 5.374012 -2.687006


-47.870000	0812b8900
10

Y 0.000000 0.000000 0.000000
Y 2.687006 2.687006 0.000000
D 5.374012 5.374012 0.000000
P 5.374012 2.687006 2.687006
E 5.374012 0.000000 0.000000
T 2.687006 0.000000 2.687006
G 2.687006 2.687006 5.374012
T 0.000000 5.374012 5.374012
W 0.000000 2.687006 2.687006
Y 2.687006 5.374012 2.687006
