-49.960000	70a2b97a0
10

Y 0.000000 0.000000 0.000000
Y 2.687006 2.687006 0.000000
D 0.000000 2.687006 -2.687006
P 2.687006 0.000000 -2.687006
E 2.687006 -2.687006 0.000000
T 0.000000 -2.687006 2.687006
G 0.000000 0.000000 5.374012
T -2.687006 0.000000 2.687006
W 0.000000 2.687006 2.687006
Y 2.687006 0.000000 2.687006


-49.960000	70a2b6840
10

Y 0.000000 0.000000 0.000000
Y 2.687006 2.687006 0.000000
D 5.374012 2.687006 2.687006
P 5.374012 0.000000 0.000000
E 2.687006 -2.687006 0.000000
T 0.000000 -2.687006 2.687006
G 0.000000 0.000000 5.374012
T -2.687006 0.000000 2.687006
W 0.000000 2.687006 2.687006
Y 2.687006 0.000000 2.687006


-49.960000	1541b97a0
10

Y 0.000000 0.000000 0.000000
Y 2.687006 2.687006 0.000000
D 0.000000 2.687006 -2.687006
P 2.687006 0.000000 -2.687006
E 2.687006 -2.687006 0.000000
T 0.000000 -2.687006 2.687006
G -2.687006 0.000000 2.687006
T 0.000000 0.000000 5.374012
W 2.687006 0.000000 2.687006
Y 0.000000 2.687006 2.687006


-49.960000	790b1a840
10

Y 0.000000 0.000000 0.000000
Y 2.687006 2.687006 0.000000
D 5.374012 2.687006 2.687006
P 5.374012 0.000000 0.000000
E 2.687006 0.000000 -2.687006
T 0.000000 2.687006 -2.687006
G -2.687006 2.687006 0.000000
T 0.000000 5.374012 0.000000
W 0.000000 2.687006 2.687006
Y 2.687006 0.000000 2.687006


-49.960000	74621a840
10

Y 0.000000 0.000000 0.000000
Y 2.687006 2.687006 0.000000
D 5.374012 2.687006 2.687006
P 5.374012 0.000000 0.000000
E 2.687006 0.000000 -2.687006
T 0.000000 2.687006 -2.687006
G 0.000000 5.374012 0.000000
T -2.687006 2.687006 0.000000
W 0.000000 2.687006 2.687006
Y 2.687006 0.000000 2.687006


-49.960000	7341b97a0
10

Y 0.000000 0.000000 0.000000
Y 2.687006 2.687006 0.000000
D 0.000000 2.687006 -2.687006
P 2.687006 0.000000 -2.687006
E 2.687006 -2.687006 0.000000
T 0.000000 -2.687006 2.687006
G -2.687006 0.000000 2.687006
T 0.000000 0.000000 5.374012
W 0.000000 2.687006 2.687006
Y 2.687006 0.000000 2.687006


-49.960000	7341b6840
10

Y 0.000000 0.000000 0.000000
Y 2.687006 2.687006 0.000000
D 5.374012 2.687006 2.687006
P 5.374012 0.000000 0.000000
E 2.687006 -2.687006 0.000000
T 0.000000 -2.687006 2.687006
G -2.687006 0.000000 2.687006
T 0.000000 0.000000 5.374012
W 0.000000 2.687006 2.687006
Y 2.687006 0.000000 2.687006


-49.960000	7a91247a0
10

Y 0.000000 0.000000 0.000000
Y 2.687006 2.687006 0.000000
D 0.000000 2.687006 -2.687006
P 2.687006 0.000000 -2.687006
E 5.374012 0.000000 0.000000
T 5.374012 2.687006 2.687006
G 2.687006 5.374012 2.687006
T 2.687006 2.687006 5.374012
W 0.000000 2.687006 2.687006
Y 2.687006 0.000000 2.687006


-49.960000	138b97510
10

Y 0.000000 0.000000 0.000000
Y 2.687006 2.687006 0.000000
D 0.000000 5.374012 0.000000
P 2.687006 5.374012 -2.687006
E 5.374012 2.687006 -2.687006
T 5.374012 0.000000 0.000000
G 2.687006 0.000000 2.687006
T 2.687006 -2.687006 0.000000
W 2.687006 0.000000 -2.687006
Y 0.000000 2.687006 -2.687006


-49.960000	129a87410
10

Y 0.000000 0.000000 0.000000
Y 2.687006 2.687006 0.000000
D 0.000000 5.374012 0.000000
P 2.687006 5.374012 2.687006
E 5.374012 2.687006 2.687006
T 5.374012 0.000000 0.000000
G 2.687006 0.000000 -2.687006
T 2.687006 -2.687006 0.000000
W 2.687006 0.000000 2.687006
Y 0.000000 2.687006 2.687006


-49.960000	763b247a0
10

Y 0.000000 0.000000 0.000000
Y 2.687006 2.687006 0.000000
D 0.000000 2.687006 -2.687006
P 2.687006 0.000000 -2.687006
E 5.374012 0.000000 0.000000
T 5.374012 2.687006 2.687006
G 2.687006 2.687006 5.374012
T 2.687006 5.374012 2.687006
W 0.000000 2.687006 2.687006
Y 2.687006 0.000000 2.687006


-49.960000	107b68510
10

Y 0.000000 0.000000 0.000000
Y 2.687006 2.687006 0.000000
D 0.000000 5.374012 0.000000
P 2.687006 5.374012 -2.687006
E 2.687006 2.687006 -5.374012
T 0.000000 0.000000 -5.374012
G -2.687006 0.000000 -2.687006
T 0.000000 -2.687006 -2.687006
W 2.687006 0.000000 -2.687006
Y 0.000000 2.687006 -2.687006


-49.960000	107a69410
10

Y 0.000000 0.000000 0.000000
Y 2.687006 2.687006 0.000000
D 0.000000 5.374012 0.000000
P 2.687006 5.374012 2.687006
E 2.687006 2.687006 5.374012
T 0.000000 0.000000 5.374012
G -2.687006 0.000000 2.687006
T 0.000000 -2.687006 2.687006
W 2.687006 0.000000 2.687006
Y 0.000000 2.687006 2.687006


-49.960000	1891247a0
10

Y 0.000000 0.000000 0.000000
Y 2.687006 2.687006 0.000000
D 0.000000 2.687006 -2.687006
P 2.687006 0.000000 -2.687006
E 5.374012 0.000000 0.000000
T 5.374012 2.687006 2.687006
G 2.687006 5.374012 2.687006
T 2.687006 2.687006 5.374012
W 2.687006 0.000000 2.687006
Y 0.000000 2.687006 2.687006
