-60.440000	09086510
9

D 0.000000 0.000000 0.000000
I 2.687006 2.687006 0.000000
R 0.000000 5.374012 0.000000
A 2.687006 5.374012 -2.687006
L 0.000000 2.687006 -2.687006
K 0.000000 0.000000 -5.374012
T 2.687006 2.687006 -5.374012
L 2.687006 0.000000 -2.687006
V 5.374012 2.687006 -2.687006


-60.440000	08096410
9

D 0.000000 0.000000 0.000000
I 2.687006 2.687006 0.000000
R 0.000000 5.374012 0.000000
A 2.687006 5.374012 2.687006
L 0.000000 2.687006 2.687006
K 0.000000 0.000000 5.374012
T 2.687006 2.687006 5.374012
L 2.687006 0.000000 2.687006
V 5.374012 2.687006 2.687006


-60.210000	491870a0
9

D 0.000000 0.000000 0.000000
I 2.687006 2.687006 0.000000
R 0.000000 2.687006 -2.687006
A 2.687006 5.374012 -2.687006
L 5.374012 2.687006 -2.687006
K 5.374012 0.000000 -5.374012
T 2.687006 2.687006 -5.374012
L 2.687006 0.000000 -2.687006
V 5.374012 0.000000 0.000000


-59.930000	25466140
9

D 0.000000 0.000000 0.000000
I 2.687006 2.687006 0.000000
R 5.374012 2.687006 2.687006
A 2.687006 5.374012 2.687006
L 0.000000 2.687006 2.687006
K -2.687006 0.000000 2.687006
T 0.000000 0.000000 5.374012
L 2.687006 0.000000 2.687006
V 2.687006 2.687006 5.374012


-59.690000	048bb0a0
9

D 0.000000 0.000000 0.000000
I 2.687006 2.687006 0.000000
R 0.000000 2.687006 -2.687006
A 2.687006 5.374012 -2.687006
L 0.000000 5.374012 0.000000
K -2.687006 5.374012 2.687006
T -2.687006 2.687006 0.000000
L 0.000000 2.687006 2.687006
V 2.687006 5.374012 2.687006


-59.620000	a3721640
9

D 0.000000 0.000000 0.000000
I 2.687006 2.687006 0.000000
R 5.374012 2.687006 2.687006
A 2.687006 0.000000 2.687006
L 0.000000 2.687006 2.687006
K 0.000000 5.374012 5.374012
T 2.687006 2.687006 5.374012
L 2.687006 5.374012 2.687006
V 0.000000 5.374012 0.000000


-59.520000	7b7a1800
9

D 0.000000 0.000000 0.000000
I 2.687006 2.687006 0.000000
R 5.374012 5.374012 0.000000
A 5.374012 2.687006 -2.687006
L 2.687006 5.374012 -2.687006
K 0.000000 5.374012 -5.374012
T 2.687006 2.687006 -5.374012
L 0.000000 2.687006 -2.687006
V 2.687006 0.000000 -2.687006


-59.520000	7a7b1900
9

D 0.000000 0.000000 0.000000
I 2.687006 2.687006 0.000000
R 5.374012 5.374012 0.000000
A 5.374012 2.687006 2.687006
L 2.687006 5.374012 2.687006
K 0.000000 5.374012 5.374012
T 2.687006 2.687006 5.374012
L 0.000000 2.687006 2.687006
V 2.687006 0.000000 2.687006


-59.520000	03b85640
9

D 0.000000 0.000000 0.000000
I 2.687006 2.687006 0.000000
R 5.374012 2.687006 2.687006
A 2.687006 0.000000 2.687006
L 5.374012 0.000000 0.000000
K 5.374012 -2.687006 -2.687006
T 2.687006 -2.687006 0.000000
L 2.687006 0.000000 -2.687006
V 5.374012 2.687006 -2.687006


-59.520000	19187a00
9

D 0.000000 0.000000 0.000000
I 2.687006 2.687006 0.000000
R 5.374012 5.374012 0.000000
A 2.687006 5.374012 -2.687006
L 5.374012 2.687006 -2.687006
K 5.374012 0.000000 -5.374012
T 2.687006 2.687006 -5.374012
L 2.687006 0.000000 -2.687006
V 0.000000 2.687006 -2.687006


-59.520000	18197b00
9

D 0.000000 0.000000 0.000000
I 2.687006 2.687006 0.000000
R 5.374012 5.374012 0.000000
A 2.687006 5.374012 2.687006
L 5.374012 2.687006 2.687006
K 5.374012 0.000000 5.374012
T 2.687006 2.687006 5.374012
L 2.687006 0.000000 2.687006
V 0.000000 2.687006 2.687006


-59.480000	0b0a6800
9

D 0.000000 0.000000 0.000000
I 2.687006 2.687006 0.000000
R 5.374012 5.374012 0.000000
A 5.374012 2.687006 -2.687006
L 2.687006 0.000000 -2.687006
K 0.000000 0.000000 -5.374012
T 2.687006 2.687006 -5.374012
L 0.000000 2.687006 -2.687006
V 2.687006 5.374012 -2.687006


-59.480000	0a0b6900
9

D 0.000000 0.000000 0.000000
I 2.687006 2.687006 0.000000
R 5.374012 5.374012 0.000000
A 5.374012 2.687006 2.687006
L 2.687006 0.000000 2.687006
K 0.000000 0.000000 5.374012
T 2.687006 2.687006 5.374012
L 0.000000 2.687006 2.687006
V 2.687006 5.374012 2.687006


-59.480000	09086a00
9

D 0.000000 0.000000 0.000000
I 2.687006 2.687006 0.000000
R 5.374012 5.374012 0.000000
A 2.687006 5.374012 -2.687006
L 0.000000 2.687006 -2.687006
K 0.000000 0.000000 -5.374012
T 2.687006 2.687006 -5.374012
L 2.687006 0.000000 -2.687006
V 5.374012 2.687006 -2.687006


-59.480000	08096b00
9

D 0.000000 0.000000 0.000000
I 2.687006 2.687006 0.000000
R 5.374012 5.374012 0.000000
A 2.687006 5.374012 2.687006
L 0.000000 2.687006 2.687006
K 0.000000 0.000000 5.374012
T 2.687006 2.687006 5.374012
L 2.687006 0.000000 2.687006
V 5.374012 2.687006 2.687006


-59.460000	45a24ba0
9

D 0.000000 0.000000 0.000000
I 2.687006 2.687006 0.000000
R 0.000000 2.687006 -2.687006
A -2.687006 2.687006 0.000000
L 0.000000 2.687006 2.687006
K 0.000000 5.374012 5.374012
T -2.687006 5.374012 2.687006
L 0.000000 5.374012 0.000000
V 2.687006 5.374012 2.687006


-59.460000	07620ba0
9

D 0.000000 0.000000 0.000000
I 2.687006 2.687006 0.000000
R 0.000000 2.687006 -2.687006
A -2.687006 2.687006 0.000000
L 0.000000 5.374012 0.000000
K 0.000000 8.061017 2.687006
T -2.687006 5.374012 2.687006
L 0.000000 2.687006 2.687006
V 2.687006 5.374012 2.687006


-59.290000	130995a0
9

D 0.000000 0.000000 0.000000
I 2.687006 2.687006 0.000000
R 0.000000 2.687006 -2.687006
A 2.687006 2.687006 -5.374012
L 2.687006 0.000000 -2.687006
K 2.687006 -2.687006 0.000000
T 5.374012 0.000000 0.000000
L 5.374012 2.687006 -2.687006
V 2.687006 5.374012 -2.687006


-59.160000	16720ba0
9

D 0.000000 0.000000 0.000000
I 2.687006 2.687006 0.000000
R 0.000000 2.687006 -2.687006
A -2.687006 2.687006 0.000000
L 0.000000 5.374012 0.000000
K 0.000000 8.061017 2.687006
T 2.687006 5.374012 2.687006
L 0.000000 2.687006 2.687006
V -2.687006 5.374012 2.687006


-59.160000	ba524ba0
9

D 0.000000 0.000000 0.000000
I 2.687006 2.687006 0.000000
R 0.000000 2.687006 -2.687006
A -2.687006 2.687006 0.000000
L 0.000000 2.687006 2.687006
K 0.000000 5.374012 5.374012
T 2.687006 5.374012 2.687006
L 0.000000 5.374012 0.000000
V -2.687006 5.374012 2.687006


-59.050000	0a0bb840
9

D 0.000000 0.000000 0.000000
I 2.687006 2.687006 0.000000
R 5.374012 2.687006 2.687006
A 5.374012 0.000000 0.000000
L 2.687006 0.000000 2.687006
K 0.000000 0.000000 5.374012
T 2.687006 2.687006 5.374012
L 0.000000 2.687006 2.687006
V 2.687006 5.374012 2.687006


-58.890000	80466140
9

D 0.000000 0.000000 0.000000
I 2.687006 2.687006 0.000000
R 5.374012 2.687006 2.687006
A 2.687006 5.374012 2.687006
L 0.000000 2.687006 2.687006
K -2.687006 0.000000 2.687006
T 0.000000 0.000000 5.374012
L 2.687006 2.687006 5.374012
V 2.687006 0.000000 2.687006


-58.820000	47ba7a00
9

D 0.000000 0.000000 0.000000
I 2.687006 2.687006 0.000000
R 5.374012 5.374012 0.000000
A 2.687006 5.374012 -2.687006
L 5.374012 2.687006 -2.687006
K 2.687006 2.687006 -5.374012
T 0.000000 2.687006 -2.687006
L 2.687006 0.000000 -2.687006
V 5.374012 0.000000 0.000000


-58.820000	57ab7b00
9

D 0.000000 0.000000 0.000000
I 2.687006 2.687006 0.000000
R 5.374012 5.374012 0.000000
A 2.687006 5.374012 2.687006
L 5.374012 2.687006 2.687006
K 2.687006 2.687006 5.374012
T 0.000000 2.687006 2.687006
L 2.687006 0.000000 2.687006
V 5.374012 0.000000 0.000000


-58.820000	21981800
9

D 0.000000 0.000000 0.000000
I 2.687006 2.687006 0.000000
R 5.374012 5.374012 0.000000
A 5.374012 2.687006 -2.687006
L 2.687006 5.374012 -2.687006
K 2.687006 2.687006 -5.374012
T 2.687006 0.000000 -2.687006
L 0.000000 2.687006 -2.687006
V 0.000000 5.374012 0.000000


-58.820000	31891900
9

D 0.000000 0.000000 0.000000
I 2.687006 2.687006 0.000000
R 5.374012 5.374012 0.000000
A 5.374012 2.687006 2.687006
L 2.687006 5.374012 2.687006
K 2.687006 2.687006 5.374012
T 2.687006 0.000000 2.687006
L 0.000000 2.687006 2.687006
V 0.000000 5.374012 0.000000


-58.800000	940a1640
9

D 0.000000 0.000000 0.000000
I 2.687006 2.687006 0.000000
R 5.374012 2.687006 2.687006
A 2.687006 0.000000 2.687006
L 0.000000 2.687006 2.687006
K -2.687006 2.687006 0.000000
T 0.000000 5.374012 0.000000
L 2.687006 5.374012 2.687006
V 2.687006 2.687006 5.374012


-58.690000	03268b40
9

D 0.000000 0.000000 0.000000
I 2.687006 2.687006 0.000000
R 5.374012 2.687006 2.687006
A 2.687006 2.687006 5.374012
L 2.687006 0.000000 2.687006
K 0.000000 -2.687006 2.687006
T 0.000000 0.000000 5.374012
L 0.000000 2.687006 2.687006
V 2.687006 5.374012 2.687006


-58.620000	7b187a00
9

D 0.000000 0.000000 0.000000
I 2.687006 2.687006 0.000000
R 5.374012 5.374012 0.000000
A 2.687006 5.374012 -2.687006
L 5.374012 2.687006 -2.687006
K 5.374012 0.000000 -5.374012
T 2.687006 2.687006 -5.374012
L 0.000000 2.687006 -2.687006
V 2.687006 0.000000 -2.687006


-58.620000	7b187510
9

D 0.000000 0.000000 0.000000
I 2.687006 2.687006 0.000000
R 0.000000 5.374012 0.000000
A 2.687006 5.374012 -2.687006
L 5.374012 2.687006 -2.687006
K 5.374012 0.000000 -5.374012
T 2.687006 2.687006 -5.374012
L 0.000000 2.687006 -2.687006
V 2.687006 0.000000 -2.687006


-58.620000	7a197b00
9

D 0.000000 0.000000 0.000000
I 2.687006 2.687006 0.000000
R 5.374012 5.374012 0.000000
A 2.687006 5.374012 2.687006
L 5.374012 2.687006 2.687006
K 5.374012 0.000000 5.374012
T 2.687006 2.687006 5.374012
L 0.000000 2.687006 2.687006
V 2.687006 0.000000 2.687006


-58.620000	7a197410
9

D 0.000000 0.000000 0.000000
I 2.687006 2.687006 0.000000
R 0.000000 5.374012 0.000000
A 2.687006 5.374012 2.687006
L 5.374012 2.687006 2.687006
K 5.374012 0.000000 5.374012
T 2.687006 2.687006 5.374012
L 0.000000 2.687006 2.687006
V 2.687006 0.000000 2.687006


-58.620000	65096b00
9

D 0.000000 0.000000 0.000000
I 2.687006 2.687006 0.000000
R 5.374012 5.374012 0.000000
A 2.687006 5.374012 2.687006
L 0.000000 2.687006 2.687006
K 0.000000 0.000000 5.374012
T 2.687006 2.687006 5.374012
L 5.374012 2.687006 2.687006
V 2.687006 0.000000 2.687006


-58.620000	65096410
9

D 0.000000 0.000000 0.000000
I 2.687006 2.687006 0.000000
R 0.000000 5.374012 0.000000
A 2.687006 5.374012 2.687006
L 0.000000 2.687006 2.687006
K 0.000000 0.000000 5.374012
T 2.687006 2.687006 5.374012
L 5.374012 2.687006 2.687006
V 2.687006 0.000000 2.687006


-58.620000	64086a00
9

D 0.000000 0.000000 0.000000
I 2.687006 2.687006 0.000000
R 5.374012 5.374012 0.000000
A 2.687006 5.374012 -2.687006
L 0.000000 2.687006 -2.687006
K 0.000000 0.000000 -5.374012
T 2.687006 2.687006 -5.374012
L 5.374012 2.687006 -2.687006
V 2.687006 0.000000 -2.687006


-58.620000	64086510
9

D 0.000000 0.000000 0.000000
I 2.687006 2.687006 0.000000
R 0.000000 5.374012 0.000000
A 2.687006 5.374012 -2.687006
L 0.000000 2.687006 -2.687006
K 0.000000 0.000000 -5.374012
T 2.687006 2.687006 -5.374012
L 5.374012 2.687006 -2.687006
V 2.687006 0.000000 -2.687006


-58.620000	630b6900
9

D 0.000000 0.000000 0.000000
I 2.687006 2.687006 0.000000
R 5.374012 5.374012 0.000000
A 5.374012 2.687006 2.687006
L 2.687006 0.000000 2.687006
K 0.000000 0.000000 5.374012
T 2.687006 2.687006 5.374012
L 2.687006 5.374012 2.687006
V 0.000000 2.687006 2.687006


-58.620000	197a1800
9

D 0.000000 0.000000 0.000000
I 2.687006 2.687006 0.000000
R 5.374012 5.374012 0.000000
A 5.374012 2.687006 -2.687006
L 2.687006 5.374012 -2.687006
K 0.000000 5.374012 -5.374012
T 2.687006 2.687006 -5.374012
L 2.687006 0.000000 -2.687006
V 0.000000 2.687006 -2.687006


-58.620000	620a6800
9

D 0.000000 0.000000 0.000000
I 2.687006 2.687006 0.000000
R 5.374012 5.374012 0.000000
A 5.374012 2.687006 -2.687006
L 2.687006 0.000000 -2.687006
K 0.000000 0.000000 -5.374012
T 2.687006 2.687006 -5.374012
L 2.687006 5.374012 -2.687006
V 0.000000 2.687006 -2.687006


-58.620000	187b1900
9

D 0.000000 0.000000 0.000000
I 2.687006 2.687006 0.000000
R 5.374012 5.374012 0.000000
A 5.374012 2.687006 2.687006
L 2.687006 5.374012 2.687006
K 0.000000 5.374012 5.374012
T 2.687006 2.687006 5.374012
L 2.687006 0.000000 2.687006
V 0.000000 2.687006 2.687006


-58.620000	352995a0
9

D 0.000000 0.000000 0.000000
I 2.687006 2.687006 0.000000
R 0.000000 2.687006 -2.687006
A 2.687006 2.687006 -5.374012
L 2.687006 0.000000 -2.687006
K 2.687006 -2.687006 0.000000
T 2.687006 0.000000 2.687006
L 5.374012 0.000000 0.000000
V 5.374012 2.687006 -2.687006


-58.570000	16379410
9

D 0.000000 0.000000 0.000000
I 2.687006 2.687006 0.000000
R 0.000000 5.374012 0.000000
A 2.687006 5.374012 2.687006
L 2.687006 2.687006 5.374012
K 5.374012 0.000000 5.374012
T 5.374012 2.687006 2.687006
L 2.687006 0.000000 2.687006
V 0.000000 2.687006 2.687006


-58.570000	16278510
9

D 0.000000 0.000000 0.000000
I 2.687006 2.687006 0.000000
R 0.000000 5.374012 0.000000
A 2.687006 5.374012 -2.687006
L 2.687006 2.687006 -5.374012
K 5.374012 0.000000 -5.374012
T 5.374012 2.687006 -2.687006
L 2.687006 0.000000 -2.687006
V 0.000000 2.687006 -2.687006


-58.560000	19187510
9

D 0.000000 0.000000 0.000000
I 2.687006 2.687006 0.000000
R 0.000000 5.374012 0.000000
A 2.687006 5.374012 -2.687006
L 5.374012 2.687006 -2.687006
K 5.374012 0.000000 -5.374012
T 2.687006 2.687006 -5.374012
L 2.687006 0.000000 -2.687006
V 0.000000 2.687006 -2.687006


-58.560000	18197410
9

D 0.000000 0.000000 0.000000
I 2.687006 2.687006 0.000000
R 0.000000 5.374012 0.000000
A 2.687006 5.374012 2.687006
L 5.374012 2.687006 2.687006
K 5.374012 0.000000 5.374012
T 2.687006 2.687006 5.374012
L 2.687006 0.000000 2.687006
V 0.000000 2.687006 2.687006


-58.510000	426307a0
9

D 0.000000 0.000000 0.000000
I 2.687006 2.687006 0.000000
R 0.000000 2.687006 -2.687006
A 2.687006 0.000000 -2.687006
L 5.374012 2.687006 -2.687006
K 5.374012 5.374012 -5.374012
T 2.687006 2.687006 -5.374012
L 2.687006 5.374012 -2.687006
V 5.374012 5.374012 0.000000


-58.460000	05646410
9

D 0.000000 0.000000 0.000000
I 2.687006 2.687006 0.000000
R 0.000000 5.374012 0.000000
A 2.687006 5.374012 2.687006
L 0.000000 2.687006 2.687006
K 2.687006 2.687006 5.374012
T 0.000000 0.000000 5.374012
L 2.687006 0.000000 2.687006
V 5.374012 2.687006 2.687006


-58.460000	04656510
9

D 0.000000 0.000000 0.000000
I 2.687006 2.687006 0.000000
R 0.000000 5.374012 0.000000
A 2.687006 5.374012 -2.687006
L 0.000000 2.687006 -2.687006
K 2.687006 2.687006 -5.374012
T 0.000000 0.000000 -5.374012
L 2.687006 0.000000 -2.687006
V 5.374012 2.687006 -2.687006


-58.460000	7ab742a0
9

D 0.000000 0.000000 0.000000
I 2.687006 2.687006 0.000000
R 0.000000 2.687006 -2.687006
A 0.000000 5.374012 0.000000
L 2.687006 5.374012 2.687006
K 5.374012 2.687006 2.687006
T 2.687006 2.687006 5.374012
L 0.000000 2.687006 2.687006
V 2.687006 0.000000 2.687006


-58.450000	48014ba0
9

D 0.000000 0.000000 0.000000
I 2.687006 2.687006 0.000000
R 0.000000 2.687006 -2.687006
A -2.687006 2.687006 0.000000
L 0.000000 2.687006 2.687006
K -2.687006 5.374012 2.687006
T 0.000000 8.061017 2.687006
L 0.000000 5.374012 0.000000
V 2.687006 5.374012 2.687006


